FiniteElementSpace
FiniteElementCollection: H1_2D_P2
VDim: 1
Ordering: 0

1
5
0.914685
4.58938
-2.92905
-2.54855
-0.984064
-8.09013
2.99843
1.29855
9.75083
2.62501
4.89301
2.38303
0.980331
-0.543647
-2.76271
-0.621703
-5.15432
-3.70094
0.0622657
0.274909
1.96896
1.9541
5.5301
7.11173
2.56467
-0.583134
-1.95655
1.05188
3.92314
1.76562
2.60713
1.72638
0.99304
0.232759
-0.605406
0.232011
-1.24472
-0.842626
0.537926
0.571784
1.48055
1.4714
2.83305
3.24111
3.67187
4.96821
3.58897
4.76865
3.34708
2.49189
1.60348
0.95613
0.210986
-0.560631
-1.43492
-2.65874
-1.55306
-2.85474
-1.64681
-3.95966
-3.36522
-6.52662
-5.64364
-2.77077
-2.17633
-0.440533
-0.31952
0.654526
0.810506
1.59566
1.51385
2.43202
2.45934
4.10001
4.68238
7.38246
8.35972
5.31812
5.99558
1.75358
0.232324
-0.279715
1.01377
2.28004
3.64741
3.49077
1.67826
0.227563
-1.49416
-1.60585
-2.4428
-4.42764
-1.4703
0.131882
1.1387
1.94954
3.43595
6.29239
4.44837
1.37695
1.76114
1.36754
0.996879
2.17774
2.61878
2.16287
2.58933
2.12813
1.74224
1.34768
0.987763
0.616953
0.231794
0.621366
0.609728
0.232884
-0.161287
-0.594659
-0.171557
-0.61466
-0.178778
-0.0182994
0.142171
0.769814
-0.922957
-0.73844
-1.58869
-1.3681
-0.553925
-0.369409
0.30264
0.777685
1.23978
1.23499
0.321408
0.791669
0.814804
1.26146
1.24758
1.71086
1.71064
1.86252
2.01871
2.37304
2.55102
3.34584
3.57318
2.73566
2.92553
3.11915
3.66353
3.09807
4.29492
4.98917
4.26689
4.9364
4.20016
3.6228
3.04771
3.5452
2.96231
2.53243
4.83733
4.08898
4.68624
3.92759
3.42497
2.83614
2.44233
1.70529
1.31162
0.970027
2.06778
1.97606
1.64456
1.2536
0.937922
0.593942
0.231225
0.563846
0.221056
-0.154607
-0.551092
-0.153724
-0.571553
-1.00387
-1.52402
-1.04348
-0.966848
-1.46423
-1.95859
-2.60406
-2.04221
-2.71186
-2.12256
-1.07993
-1.62817
-1.10748
-1.58058
-2.81058
-2.19389
-2.89447
-2.25043
-2.02984
-1.80927
-3.4247
-3.15603
-4.53564
-4.20685
-2.88735
-2.61868
-3.87808
-3.5493
-2.35001
-5.81742
-5.41651
-7.28362
-6.79856
-5.01559
-4.61468
-3.22051
-1.14752
-0.926937
-0.184893
-2.08134
-2.89173
-1.81267
-1.54401
-0.706358
-0.147398
0.35242
-0.642323
-0.0915344
-0.0142464
0.46335
0.398719
0.850142
0.900716
1.31955
1.28443
0.549357
0.969579
1.05977
1.43843
1.36987
1.77193
1.74156
1.71406
2.19432
2.2032
1.72328
2.18842
2.18839
2.70146
2.72395
2.91978
3.12756
3.51402
3.75963
4.76813
5.09448
4.01958
4.29241
5.43608
5.79148
4.57666
6.39764
6.82224
8.49629
9.03668
7.26303
7.71854
6.15924
3.80811
4.04917
4.87089
6.53788
5.17363
5.48343
1.37319
2.17243
2.14835
1.35928
0.619155
0.61405
-0.166446
-0.175906
0.384974
-0.450706
-1.04367
-0.108724
1.00536
0.550265
1.02826
1.47448
1.61732
2.11396
3.03352
2.45087
3.11191
4.28538
4.23873
3.07691
3.00975
4.15048
4.01492
2.90468
1.33203
2.10151
2.0262
1.28571
0.603265
0.581041
-0.152751
-0.156809
-1.02372
-0.984679
-2.00045
-2.08316
-1.09517
-1.06246
-2.15971
-2.22436
-1.44576
-2.68592
-3.66244
-2.19967
-3.06799
-4.79098
-6.08513
-4.06429
-0.64158
-1.71343
-2.47355
-1.22718
0.0894191
-0.390747
0.192694
0.605524
1.08768
0.721842
1.20797
1.54717
1.95034
1.49266
1.95473
2.44423
2.64118
3.21025
4.3838
3.67406
4.99431
5.90339
7.86277
6.69565
3.45438
4.18173
5.65237
4.72161
1.18774
1.37526
1.18431
0.998484
1.56909
1.76372
1.56498
1.75779
1.55839
1.37065
1.17958
0.995094
1.96802
2.17557
1.96313
2.39625
2.62253
2.39049
2.61368
2.37989
2.16823
1.95459
2.15627
1.94166
1.74843
2.59904
2.36375
2.5779
2.34132
2.13899
1.92364
1.73492
1.36379
1.17283
0.990626
1.5486
1.53488
1.35394
1.16332
0.984362
0.808552
0.620216
0.811352
0.805395
0.618097
0.426376
0.23201
0.427349
0.231766
0.428699
0.801169
0.615634
0.795156
0.612111
0.422708
0.232952
0.425068
0.232645
0.0361591
-0.169052
0.0334586
0.0385405
-0.163828
-0.368066
-0.588949
-0.376272
-0.600173
-0.384066
0.031156
-0.177571
0.0299643
-0.173872
-0.610264
-0.390731
-0.618502
-0.395554
0.503866
0.579029
0.885014
0.108139
0.186311
-0.147514
-0.064836
0.264479
0.342646
0.654189
-0.312871
-0.230192
-0.769872
-0.681181
-1.08117
-0.984966
-0.592492
-0.503804
-0.888763
-0.792561
-0.415115
-1.41382
-1.3086
-1.76953
-1.65379
-1.20338
-1.09816
-0.696359
0.0178408
0.100518
0.420813
-0.326426
-0.600155
-0.237737
-0.149048
0.183195
0.887818
1.11983
1.11741
0.658353
0.891386
0.896098
1.12618
1.12263
1.35478
1.35293
0.427318
0.664049
0.19302
0.436123
0.447604
0.681557
0.671657
0.902335
0.910478
1.13708
1.13087
0.694125
0.920905
0.933998
1.15559
1.14519
1.3697
1.36408
1.35701
1.59129
1.59058
1.35998
1.5942
1.59237
1.83076
1.83175
1.4245
1.49662
1.6644
1.73923
2.06725
2.14826
1.8149
1.89122
1.90882
1.98738
2.15917
2.24246
2.59718
2.69057
2.32754
2.41424
2.78586
2.88287
2.50236
3.08212
3.18778
3.6257
3.74584
3.29547
3.405
2.98143
2.23021
2.31294
2.59172
3.08135
2.68215
2.77347
2.86549
3.11631
2.85876
3.38745
3.66863
3.37967
3.65649
3.36471
3.10586
2.84603
3.97387
4.29122
3.96495
4.63647
4.99581
4.6263
4.98
4.60659
4.2773
3.94766
4.25406
3.92128
3.63622
4.95371
4.57661
4.91619
4.53565
4.22079
3.88509
3.60708
3.08845
2.82656
3.34183
3.31033
3.06336
2.79964
3.02987
2.76455
2.54954
3.56837
3.26948
3.51936
3.21856
2.98726
2.72058
2.51324
4.17676
3.83838
4.86675
4.48298
4.80466
4.4179
4.12125
3.78042
4.05356
3.71051
3.45934
4.72921
4.33968
4.63966
4.2476
3.97296
3.62791
3.38758
2.93482
2.667
2.46828
3.15685
3.08365
2.87182
2.60309
2.41394
1.34041
1.15036
0.975583
1.71653
1.51652
1.69256
1.49281
1.32247
1.13321
0.963572
2.11567
1.8998
2.3119
2.27478
2.08558
1.86943
2.04801
1.8318
1.66229
2.22922
2.17451
2.00224
1.7862
1.62499
1.2994
1.11117
0.947609
1.46302
1.42644
1.27048
1.0835
0.926977
0.786637
0.606811
0.77489
0.599006
0.411946
0.229704
0.418575
0.232215
0.7592
0.587983
0.738848
0.573025
0.388338
0.216511
0.402107
0.22471
0.0365495
-0.152929
0.0394525
0.030451
-0.15328
-0.345527
-0.547062
-0.348183
-0.555644
-0.353306
0.0398773
-0.158918
-0.155047
-0.565965
-0.360174
-0.577305
-0.792285
-1.03365
-0.807826
-0.777042
-1.01376
-1.24247
-1.50915
-1.26718
-1.53868
-1.29145
-0.76281
-0.994152
-0.750308
-0.975548
-1.19461
-1.44945
-1.21804
-1.47916
-1.72458
-2.02139
-1.7603
-1.68914
-1.97949
-2.24461
-2.57636
-2.29316
-2.63155
-2.34125
-1.79556
-2.1031
-1.82965
-2.06283
-2.68554
-2.38815
-2.73762
-2.43314
-0.849028
-1.10174
-0.858564
-0.836916
-1.08788
-1.3358
-1.61742
-1.35444
-1.63799
-1.36978
-0.822942
-1.07143
-1.05312
-1.56705
-1.31456
-1.59354
-1.86185
-2.17722
-1.89144
-2.14147
-2.78707
-2.47551
-2.83317
-2.51454
-1.9177
-2.23799
-1.93992
-2.20963
-2.8752
-2.54951
-2.91245
-2.5797
-1.27357
-1.17737
-1.83469
-1.72948
-2.23247
-2.11674
-1.62426
-1.51904
-2.46396
-2.34821
-3.17207
-3.0443
-3.68716
-3.54587
-2.91654
-2.78878
-3.40459
-3.2633
-2.66102
-4.24242
-4.0861
-4.83953
-4.66669
-3.92979
-3.77348
-3.12202
-2.001
-1.88526
-2.53326
-2.98073
-2.4055
-2.27774
-2.83944
-2.69816
-2.14998
-3.61717
-3.46085
-4.14817
-3.97532
-3.30454
-3.14823
-2.55687
-4.49385
-4.32101
-5.48021
-5.28934
-6.16615
-5.95574
-5.09846
-4.90759
-5.74533
-5.53492
-4.71671
-6.89904
-6.66759
-7.68058
-7.42659
-6.43614
-6.20469
-5.3245
-3.80248
-3.62963
-2.99191
-4.52583
-5.11409
-4.33495
-4.14407
-3.45678
-0.503951
-0.407749
-0.0603597
-0.992942
-0.887723
-1.30657
-1.19083
-0.782504
-0.677285
-0.311546
-1.53804
-1.42231
-2.02222
-2.41559
-1.89445
-1.76669
-2.2743
-2.13302
-1.63893
-2.8356
-3.28394
-2.67929
-2.52297
-1.99173
-1.07509
-0.959356
-0.572066
-1.51117
-1.85045
-1.38342
-1.25566
-0.84362
-0.0462355
0.205909
-0.292145
-0.0282791
-0.006114
0.242405
0.222245
0.462142
-0.546414
-0.268149
-0.810738
-0.515401
-0.478642
-0.20485
-0.239179
0.0206389
0.0523648
0.295714
0.266767
-0.16478
0.0894442
0.132258
0.368893
0.329629
0.558489
0.527914
0.480121
0.709748
0.501918
0.751674
0.728806
0.95014
0.969706
1.18473
1.16863
0.778735
0.993082
1.02064
1.22755
1.20424
1.41492
1.39944
0.594028
0.810374
0.413883
0.634906
0.681506
0.888893
0.846967
1.05278
1.08985
1.2871
1.25505
0.936535
1.13226
1.18038
1.36643
1.3241
1.51477
1.48335
1.43381
1.64212
1.62783
1.45649
1.68131
1.65982
1.86775
1.85521
1.83013
2.07459
2.07785
1.59715
1.83024
1.83147
2.06951
2.07168
2.3242
2.3303
1.37722
1.60161
1.387
1.61657
1.60795
1.8342
1.83881
2.06889
2.06845
1.84569
2.07578
2.07121
2.3071
2.30952
2.31845
2.581
2.5905
2.31343
2.56341
2.57184
2.8464
2.85987
2.41687
2.50589
2.68332
2.77908
3.17016
3.27993
2.87759
2.97866
2.95995
3.06344
3.24816
3.36039
3.79748
3.92765
3.47633
3.59579
4.06163
4.19926
3.7186
4.42307
4.57336
5.13666
5.30926
4.72759
4.88558
4.34035
3.39256
3.50788
3.84457
4.48472
3.97352
4.10527
4.63218
4.78255
4.23964
5.04714
5.21209
5.85068
6.03841
5.38025
5.55145
4.93567
5.48592
5.66645
5.94994
6.14706
6.87466
7.09847
6.34834
6.55361
7.32656
7.55876
6.76268
7.92252
8.17522
9.10524
9.38902
8.43232
8.69364
7.79488
6.22946
6.42366
5.72549
6.97538
8.03474
7.19152
7.41092
6.62083
3.18245
3.28454
3.51619
3.62885
4.11835
4.24594
3.7428
3.85787
3.86811
3.99234
4.37644
5.09133
4.5155
4.65663
5.24935
5.40957
4.79964
5.9022
6.82077
6.08138
6.26287
5.57178
4.37495
4.50519
4.94437
5.73582
5.09062
5.23821
1.18614
1.5673
1.56204
1.18216
1.96599
2.39393
2.38584
1.95936
1.94872
2.37256
2.35336
1.93333
1.1765
1.55394
1.54227
1.16846
0.809953
0.807063
0.426859
0.427933
0.80346
0.798431
0.424065
0.425809
0.034804
0.0374339
-0.372176
-0.380264
0.0303775
0.0322131
-0.387584
-0.393417
0.695593
0.308495
0.0619367
0.461451
-0.0985368
-0.536203
-0.830698
-0.36521
-0.646183
-1.1442
-1.47839
-0.94315
0.222405
-0.194219
-0.461667
-0.023229
1.00249
0.773176
1.00899
1.2372
0.543138
0.310684
0.559688
0.783723
1.02006
0.801904
1.03874
1.25357
1.47276
1.24312
1.47695
1.71057
1.30582
1.54397
1.94017
1.69126
1.78595
2.03316
2.46111
2.19632
2.6426
2.9323
3.45847
3.13651
2.09796
2.36495
2.83003
2.53762
2.86283
3.38442
3.37313
2.85319
3.97041
4.63254
4.61768
3.95739
3.93565
4.59293
4.55755
3.90446
2.83718
3.3543
3.3272
2.81408
2.78316
3.29112
3.24532
2.74372
3.86309
4.51082
4.45204
3.81085
3.747
4.38047
4.29541
3.67084
2.69503
3.1891
3.12173
2.63638
1.15732
1.52632
1.50538
1.14235
1.91249
2.32753
2.29435
1.88547
1.85157
2.2531
2.20305
1.81004
1.12285
1.47872
1.44563
1.09808
0.791255
0.781212
0.415616
0.420911
0.767583
0.749652
0.395758
0.407473
0.0383557
0.0339447
-0.346502
-0.350482
0.0393847
0.0399298
-0.356567
-0.364036
-0.800064
-0.784581
-1.25483
-1.27942
-0.769755
-0.756298
-1.20615
-1.23017
-1.74245
-1.70678
-2.2689
-2.31731
-1.8128
-1.77803
-2.36489
-2.41092
-0.854162
-0.843249
-1.34549
-1.36257
-0.830116
-0.815482
-1.3032
-1.32546
-1.87701
-1.84603
-2.4547
-2.49549
-1.92935
-1.90503
-2.53258
-2.56525
-1.01522
-1.54629
-1.91956
-1.34524
-2.14014
-2.80749
-3.29036
-2.56436
-3.02169
-3.81105
-4.37124
-3.51383
-1.69897
-2.32123
-2.75302
-2.07811
-2.48435
-3.2166
-3.71369
-2.91938
-4.04247
-4.97265
-5.61696
-4.60931
-5.21605
-6.30588
-7.04109
-5.86439
-3.38491
-4.24597
-4.81514
-3.88262
-0.27715
-0.742102
-1.03723
-0.541056
-1.25781
-1.83499
-2.21568
-1.59186
-1.94701
-2.62216
-3.05612
-2.32494
-0.816647
-1.34874
-1.67834
-1.10562
0.0741177
-0.168252
0.108548
0.335192
-0.418128
-0.677214
-0.358005
-0.121953
0.159803
-0.0557591
0.230936
0.428551
0.586935
0.37347
0.627928
0.830758
1.06807
0.873332
1.1111
1.30028
0.685706
0.503491
0.763315
0.932672
1.17086
1.01182
1.25041
1.40168
1.5288
1.34262
1.56933
1.75504
1.95204
1.7119
1.94938
2.19858
1.48566
1.27161
1.50193
1.71773
1.9512
1.7311
1.96053
2.18747
2.45161
2.1908
2.43757
2.71254
2.28701
2.54891
3.02227
2.73595
2.82028
3.10252
3.63494
3.32146
3.8879
4.23997
4.92931
4.53133
3.23548
3.55354
4.15447
3.79732
4.43319
4.83677
5.61215
5.15482
5.26346
5.71469
6.60783
6.09601
7.0407
7.62044
8.76425
8.10925
5.97391
6.49233
7.48903
6.90218
3.02196
3.34713
3.92796
3.56269
3.68979
4.05134
4.72262
4.31414
5.02128
5.48403
6.34729
5.82294
4.17155
4.58426
5.32773
4.86025
1.09378
1.18697
1.09222
0.999248
1.28206
1.37614
1.28043
1.37428
1.27848
1.18526
1.09051
0.997699
1.47255
1.56825
1.47082
1.66671
1.76475
1.66487
1.76252
1.66242
1.56621
1.46863
1.56359
1.46589
1.37199
1.75957
1.65928
1.7558
1.65535
1.56031
1.46252
1.36917
1.18328
1.08854
0.996015
1.27613
1.27329
1.18093
1.08623
0.994106
1.86599
1.9671
1.86403
2.07187
2.17677
2.06977
2.17413
2.06678
1.96467
1.86131
2.2858
2.39522
2.28356
2.50925
2.62392
2.50685
2.62082
2.50326
2.39235
2.28027
2.38832
2.27585
2.17047
2.6164
2.49839
2.61059
2.49214
2.38304
2.2702
2.1657
1.96137
1.85776
2.06279
2.05773
1.95711
1.85327
1.9518
1.84776
1.75113
2.15973
2.0515
2.15248
2.04401
1.94535
1.84114
1.74547
2.37641
2.26323
2.60328
2.48443
2.59439
2.47517
2.36834
2.25486
2.35876
2.245
2.14385
2.58384
2.46427
2.57152
2.45163
2.34755
2.23354
2.13376
1.93766
1.83331
1.73872
2.03517
2.02489
1.92866
1.82419
1.7308
1.17811
1.08348
0.991884
1.36575
1.26988
1.36163
1.26579
1.17474
1.08021
0.989257
1.55627
1.45841
1.65055
1.64479
1.55139
1.45349
1.54556
1.44766
1.35672
1.63796
1.63
1.53872
1.44084
1.35093
1.17074
1.07633
0.986136
1.26094
1.25524
1.16599
1.07175
0.982431
0.904286
0.810648
0.905764
0.902766
0.809258
0.714071
0.619679
0.715319
0.620775
0.716615
0.901111
0.807824
0.899234
0.806257
0.711358
0.617541
0.71278
0.618631
0.522846
0.427097
0.523637
0.522015
0.426622
0.329868
0.232161
0.32997
0.231884
0.330124
0.524476
0.428289
0.525456
0.427624
0.231751
0.330419
0.23185
0.330946
0.897042
0.804467
0.894447
0.802364
0.707759
0.614881
0.709713
0.616321
0.891361
0.799861
0.887692
0.796866
0.702557
0.610981
0.705403
0.61313
0.518387
0.424605
0.519875
0.516501
0.423436
0.328184
0.232894
0.328975
0.232945
0.329459
0.521055
0.426108
0.425465
0.23278
0.329728
0.232489
0.134393
0.0341247
0.133577
0.135173
0.035486
-0.0643246
-0.167756
-0.0662885
-0.170323
-0.0681966
0.135827
0.0368118
0.136268
0.0380143
-0.0605886
-0.162542
-0.0623951
-0.165133
-0.267032
-0.374232
-0.270373
-0.263724
-0.370117
-0.474481
-0.586048
-0.479426
-0.591823
-0.484312
-0.273655
-0.382195
-0.276791
-0.378287
-0.597446
-0.489048
-0.602831
-0.493548
0.131809
0.0301211
0.131746
0.132194
0.0307263
-0.0714884
-0.17679
-0.0726928
-0.178236
-0.0734813
0.132814
0.0316553
0.0328181
-0.172744
-0.0699597
-0.17493
-0.279691
-0.38921
-0.282264
-0.385866
-0.607887
-0.497719
-0.612525
-0.501474
-0.284422
-0.394558
-0.286073
-0.392137
-0.616655
-0.50472
-0.620186
-0.507367
0.753561
0.790508
0.942521
0.562778
0.600102
0.444607
0.482494
0.637424
0.674747
0.827455
0.368833
0.40672
0.170385
0.209024
0.045254
0.0848323
0.247663
0.286302
0.12441
0.163988
0.32494
-0.0825465
-0.0418414
-0.213227
-0.171208
-0.00113674
0.0395679
0.203565
0.52038
0.558265
0.712069
0.363578
0.243142
0.402215
0.440853
0.596151
-0.0339035
0.00567557
-0.245369
-0.204663
-0.381308
-0.339287
-0.163957
-0.123252
-0.465349
-0.423328
-0.695184
-0.651661
-0.845787
-0.800573
-0.608138
-0.564614
-0.755359
-0.710146
-0.521092
-1.00141
-0.954317
-1.16226
-1.11311
-0.907225
-0.860133
-0.664933
-0.297267
-0.255247
-0.477569
-0.61972
-0.434046
-0.390524
-0.574507
-0.529294
-0.347002
-0.813042
-0.765951
-0.965632
-0.916474
-0.718859
-0.671767
-0.484081
-1.06395
-1.01479
-1.32856
-1.27715
-1.50052
-1.44667
-1.22574
-1.17433
-1.39281
-1.33896
-1.12291
-1.67835
-1.62186
-1.86225
-1.80295
-1.56538
-1.50889
-1.2851
-0.867316
-0.818158
-0.624676
-1.0715
-1.23125
-1.02009
-0.968677
-0.768999
0.282719
0.322296
0.47949
0.0802723
0.120976
-0.0451489
-0.00312929
0.161681
0.202385
0.361873
-0.129188
-0.0871686
-0.303479
-0.438867
-0.259957
-0.216434
-0.393654
-0.34844
-0.172911
-0.577583
-0.719841
-0.530492
-0.4834
-0.303227
0.03889
0.0809097
0.24309
-0.129389
-0.258014
-0.0858662
-0.0423434
0.12293
0.943781
1.05991
1.05869
0.828885
0.945137
0.946636
1.06252
1.06117
1.17731
1.17617
0.713791
0.830506
0.598288
0.7158
0.718145
0.834514
0.832367
0.948326
0.950254
1.06571
1.06402
0.836995
0.952468
0.955015
1.06984
1.06763
1.18282
1.18121
1.1785
1.29491
1.29391
1.17978
1.29709
1.29596
1.41288
1.41209
0.482163
0.600808
0.365207
0.485317
0.488997
0.607189
0.603759
0.720872
0.247207
0.369116
0.12795
0.251994
0.257499
0.37885
0.373648
0.493253
0.498129
0.615674
0.611145
0.384769
0.503674
0.509935
0.626641
0.620823
0.736557
0.731825
0.724029
0.839858
0.727664
0.84692
0.843151
0.957943
0.961299
1.0753
1.07238
0.851213
0.965131
0.969487
1.08248
1.07865
1.19211
1.18927
0.741909
0.856078
0.633173
0.747928
0.754661
0.867711
0.861561
0.974413
0.979957
1.09174
1.08682
0.874575
0.986168
0.993094
1.10348
1.09728
1.20824
1.2034
1.19538
1.30855
1.30585
1.19913
1.31527
1.31167
1.42479
1.42231
1.41371
1.5314
1.53089
1.29837
1.41464
1.4157
1.53258
1.53194
1.65063
1.65049
1.18467
1.29984
1.1868
1.30353
1.30155
1.41695
1.41844
1.53433
1.53336
1.42021
1.53701
1.53553
1.65214
1.65153
1.65083
1.77077
1.77105
1.65111
1.77039
1.77054
1.89198
1.89276
1.21141
1.24671
1.32943
1.36508
1.52041
1.55683
1.40083
1.43666
1.44802
1.48413
1.56735
1.60405
1.76273
1.80069
1.64098
1.67811
1.8389
1.87732
1.71542
1.96397
2.00347
2.17255
2.21386
2.04323
2.08321
1.91593
1.59337
1.63
1.75289
1.95472
1.79048
1.82819
1.6876
1.72502
1.80895
1.84721
2.01043
2.05044
1.88582
1.92475
1.93156
1.97079
2.05562
2.09595
2.26492
2.30748
2.13674
2.17796
2.35052
2.39402
2.21961
2.48374
2.52882
2.71356
2.76143
2.57439
2.62044
2.43795
2.09082
2.13153
2.26165
2.48229
2.30406
2.34683
2.52702
2.57211
2.38992
2.66693
2.71384
2.90799
2.95775
2.76115
2.80885
2.61754
2.80981
2.85867
2.95584
3.00678
3.21206
3.26633
3.05823
3.11019
3.32114
3.37646
3.16262
3.48366
3.54155
3.77213
3.8339
3.59998
3.65894
3.43227
3.00793
3.0585
2.8569
3.2155
3.48854
3.26881
3.32253
3.10944
1.99365
2.03271
2.12341
2.16379
2.33931
2.38155
2.20433
2.245
2.25544
2.29726
2.43331
2.6633
2.47699
2.52092
2.70934
2.75567
2.56509
2.90528
3.16073
2.95397
3.00295
2.80224
2.42397
2.46655
2.60948
2.84904
2.65406
2.6988
2.74369
2.86433
2.74112
2.99057
3.11791
2.98783
3.11431
2.9836
2.86098
2.73722
3.25137
3.38614
3.24844
3.52755
3.67048
3.52442
3.66632
3.5195
3.38226
3.24387
3.37663
3.23758
3.10909
3.66026
3.51271
3.65221
3.50396
3.36916
3.22947
3.10219
2.85617
2.73188
2.97779
2.97032
2.84982
2.72503
3.82058
3.97238
3.81723
4.13192
4.29333
4.12835
4.28858
4.12269
3.96793
3.81195
4.46304
4.63478
4.45923
4.81539
4.9982
4.81133
4.9928
4.8049
4.62971
4.45319
4.6223
4.44484
4.28163
4.98491
4.79601
4.97444
4.78457
4.61245
4.43409
4.27239
3.96144
3.80466
4.11488
4.10481
3.9528
3.79525
3.94194
3.78365
3.64209
4.26079
4.09239
4.24671
4.07754
3.92876
3.76976
3.62979
4.60009
4.42085
4.9613
4.77049
4.94541
4.75367
4.58511
4.40502
4.56743
4.38652
4.23009
4.92666
4.73404
4.90498
4.7115
4.54696
4.36526
4.21082
3.91318
3.75349
3.61524
4.06016
4.04017
3.8951
3.73475
3.59833
2.84182
2.71656
3.09349
2.96108
3.08292
2.95
2.8321
2.7064
3.35976
3.21946
3.49316
3.48022
3.34833
3.20746
3.33479
3.19337
3.07039
3.46505
3.44755
3.31905
3.17711
3.0558
2.82056
2.69444
2.93699
2.92195
2.80711
2.68061
2.79166
2.66481
2.55735
3.03907
2.90479
3.0201
2.88543
2.77413
2.64695
2.54124
3.30102
3.15858
3.57899
3.42765
3.55711
3.40525
3.28061
3.13771
3.25772
3.11438
2.99881
3.53262
3.38025
3.50542
3.35258
3.23227
3.08853
2.9751
2.75442
2.62694
2.5231
2.86377
2.83972
2.73245
2.60469
2.50284
3.87443
3.71346
4.18881
4.01747
4.16399
3.99197
3.85108
3.68951
4.52361
4.34115
4.88027
4.68596
4.85245
4.65733
4.49728
4.31409
4.4679
4.28401
4.13624
4.82141
4.62553
4.78708
4.59045
4.43537
4.2508
4.1055
3.82497
3.66283
3.9636
3.93224
3.796
3.63333
3.76409
3.6009
3.47542
4.07167
3.89783
4.03465
3.86026
3.72915
3.56547
3.44253
4.3996
4.21438
4.74936
4.55202
4.70817
4.51014
4.3605
4.17466
4.31798
4.13155
3.99436
4.66341
4.46472
4.61499
4.41568
4.27195
4.08496
3.95071
3.69107
3.52694
3.40666
3.81945
3.7753
3.64979
3.48523
3.36773
2.70811
2.58012
2.48037
2.94889
2.81321
2.92009
2.78412
2.68133
2.55313
2.4556
3.20417
3.06005
3.32213
3.28883
3.17333
3.02887
3.13966
2.99488
2.8886
3.25257
3.21328
3.10307
2.95799
2.85434
2.65202
2.52363
2.42845
2.75238
2.7179
2.62007
2.49153
2.39881
1.16043
1.06637
0.978053
1.34418
1.2486
1.33636
1.24094
1.15396
1.06011
0.972912
1.53075
1.43292
1.72162
1.6208
1.71109
1.61028
1.52159
1.42384
1.51113
1.41348
1.32741
1.69912
1.59835
1.68561
1.58491
1.49928
1.40177
1.31721
1.14649
1.05289
0.966918
1.23215
1.22216
1.13793
1.0446
0.95998
1.91825
1.8137
2.1221
2.01308
2.10881
1.99966
1.90634
1.80173
2.33465
2.22042
2.43718
2.42081
2.31995
2.20553
2.30337
2.18879
2.09378
2.40244
2.38198
2.28482
2.1701
2.07692
1.89285
1.78821
1.98454
1.96761
1.87767
1.77304
1.86073
1.75612
1.67049
2.05815
1.9488
2.03737
1.92801
1.84193
1.73738
1.65365
2.26421
2.14938
2.35933
2.33442
2.24144
2.12654
2.21643
2.10148
2.01449
2.30715
2.27742
2.18909
2.07412
1.98943
1.82118
1.71672
1.63501
1.90516
1.88015
1.79839
1.69404
1.61449
1.12819
1.03516
0.95201
1.30568
1.21087
1.29274
1.19819
1.11718
1.02447
0.942917
1.48596
1.38862
1.56988
1.55317
1.47108
1.37393
1.45454
1.35762
1.27829
1.53469
1.51434
1.43626
1.33959
1.26225
1.10481
1.01246
0.932612
1.18403
1.1683
1.09099
0.999026
0.921005
0.88335
0.793289
0.878246
0.789042
0.695032
0.605122
0.699131
0.608342
0.872288
0.784031
0.86539
0.778168
0.684464
0.59658
0.690173
0.60123
0.507542
0.417179
0.511169
0.503159
0.413876
0.320136
0.228717
0.323059
0.230537
0.325316
0.514126
0.421871
0.419815
0.231781
0.326995
0.232537
0.85746
0.771366
0.848407
0.763532
0.670134
0.584642
0.677814
0.591081
0.838143
0.754578
0.826578
0.744412
0.651326
0.568587
0.661334
0.577173
0.484556
0.399061
0.491755
0.476239
0.392187
0.299976
0.213877
0.306466
0.2189
0.311929
0.497926
0.409815
0.404907
0.222988
0.316456
0.226231
0.132065
0.0389871
0.134057
0.129318
0.0375468
-0.0574178
-0.152757
-0.0565868
-0.153254
-0.0564186
0.125727
0.0353525
0.1212
0.0323144
-0.0614289
-0.153838
-0.0590021
-0.152921
-0.249057
-0.347259
-0.249617
-0.24925
-0.345921
-0.443603
-0.545273
-0.445781
-0.549006
-0.448619
-0.250838
-0.351834
-0.252631
-0.349261
-0.553308
-0.452028
-0.558089
-0.455918
0.1364
0.039001
0.136135
0.0396803
-0.0577145
-0.157826
-0.0589988
-0.160076
0.135384
0.0399642
0.0397628
-0.154325
-0.056824
-0.155878
-0.254905
-0.358332
-0.257573
-0.354888
-0.563261
-0.460197
-0.568732
-0.464778
-0.260542
-0.366036
-0.362079
-0.574415
-0.469569
-0.580215
-0.687415
-0.803953
-0.694193
-0.680666
-0.796171
-0.90658
-1.02869
-0.91542
-1.03859
-0.9242
-0.674036
-0.788418
-0.667617
-0.780786
-0.889071
-1.0088
-0.897767
-1.01873
-1.13273
-1.26101
-1.14386
-1.12162
-1.24865
-1.3666
-1.50166
-1.38025
-1.5166
-1.39384
-1.15493
-1.28546
-1.16585
-1.27332
-1.53138
-1.40728
-1.54591
-1.42047
-0.661497
-0.773361
-0.655766
-0.766234
-0.872392
-0.989378
-0.880584
-0.998987
-0.650512
-0.759494
-0.645827
-0.753232
-0.85726
-0.971139
-0.864588
-0.980065
-1.08935
-1.21206
-1.09984
-1.07924
-1.20033
-1.31311
-1.44215
-1.32613
-1.45681
-1.33945
-1.11063
-1.23631
-1.22408
-1.47168
-1.35296
-1.48666
-1.60894
-1.75138
-1.62534
-1.59255
-1.73352
-1.8605
-2.01093
-1.87988
-2.03182
-1.8992
-1.57628
-1.71567
-1.56021
-1.69793
-1.82187
-1.96902
-1.84113
-1.98997
-2.12202
-2.28104
-2.14462
-2.09944
-2.25675
-2.39426
-2.56247
-2.42029
-2.59023
-2.44626
-2.16714
-2.32931
-2.18951
-2.30526
-2.61784
-2.47205
-2.64519
-2.4976
-1.6738
-1.82128
-1.6894
-1.65787
-1.80422
-1.93727
-2.09318
-1.95584
-2.1129
-1.97398
-1.64168
-1.78683
-1.76919
-2.05255
-1.91836
-2.07304
-2.21162
-2.37657
-2.23339
-2.35311
-2.67219
-2.52281
-2.69877
-2.54758
-2.25474
-2.42211
-2.27556
-2.3996
-2.72482
-2.57183
-2.75025
-2.59547
-0.734926
-0.856458
-0.738705
-0.730455
-0.851681
-0.970545
-1.09855
-0.976376
-1.10471
-0.981425
-0.725385
-0.846214
-0.719806
-0.840146
-0.956902
-1.08398
-0.964024
-1.09161
-1.21498
-1.35006
-1.22308
-1.20618
-1.34073
-1.46897
-1.61174
-1.47958
-1.62291
-1.48941
-1.23041
-1.36629
-1.23686
-1.35861
-1.6332
-1.49837
-1.64253
-1.50636
-0.713807
-0.833568
-0.70748
-0.82657
-0.941214
-1.067
-0.949268
-1.07575
-0.700911
-0.819243
-0.811673
-1.04833
-0.932828
-1.05783
-1.17652
-1.30893
-1.18686
-1.29736
-1.56011
-1.43332
-1.57388
-1.44575
-1.19677
-1.3307
-1.32007
-1.58714
-1.45766
-1.59978
-1.73327
-1.88432
-1.74662
-1.71922
-1.86952
-2.00862
-2.16856
-2.02494
-2.18566
-2.04047
-1.70457
-1.85402
-1.83791
-2.13209
-1.99161
-2.15068
-2.29577
-2.4652
-2.31529
-2.44401
-2.77499
-2.61841
-2.79893
-2.64055
-2.33401
-2.50514
-2.35185
-2.48561
-2.822
-2.66182
-2.84409
-2.68211
-1.7816
-1.93478
-1.79127
-1.77087
-1.92366
-2.0688
-2.23132
-2.08143
-2.24437
-2.09291
-1.75918
-1.91148
-1.89834
-2.20188
-2.05512
-2.21713
-2.36873
-2.54119
-2.38454
-2.52369
-2.86511
-2.70135
-2.88499
-2.71943
-2.39921
-2.57264
-2.41264
-2.55753
-2.90363
-2.73627
-2.92093
-2.75178
-0.936213
-0.891
-1.18977
-1.14268
-1.35889
-1.30974
-1.09559
-1.0485
-1.45721
-1.40805
-1.73986
-1.68844
-1.93135
-1.87749
-1.63703
-1.58562
-1.82364
-1.76979
-1.53421
-2.13021
-2.07373
-2.33666
-2.27736
-2.01725
-1.96076
-1.71593
-1.26058
-1.21142
-1.4828
-1.66208
-1.43139
-1.37997
-2.03906
-1.9852
-2.35615
-2.29966
-2.57387
-2.51457
-2.24318
-2.1867
-2.69248
-2.63317
-3.04937
-2.98706
-3.29717
-3.23167
-2.92475
-2.86244
-3.16616
-3.10066
-2.80014
-3.55469
-3.48581
-3.82214
-3.74969
-3.41692
-3.34804
-3.03516
-2.45526
-2.39596
-2.73783
-2.96966
-2.67552
-2.61321
-2.90416
-2.83866
-2.55091
-3.27916
-3.21028
-3.53234
-3.45989
-3.1414
-3.07251
-2.77316
-3.67724
-3.60479
-4.09974
-4.02354
-4.3877
-4.30755
-3.94733
-3.87112
-4.2274
-4.14725
-3.79491
-4.68624
-4.60195
-4.99555
-4.90694
-4.51766
-4.43338
-4.06709
-3.38744
-3.31499
-3.00363
-3.71871
-3.98694
-3.6425
-3.56629
-3.24254
-1.60823
-1.55437
-1.90428
-1.84779
-2.09946
-2.04015
-1.79131
-1.73483
-2.21806
-2.15876
-2.4886
-2.70766
-2.42629
-2.36398
-2.64216
-2.57666
-2.30168
-2.93475
-3.17008
-2.86587
-2.79699
-2.51116
-1.98085
-1.92155
-2.23937
-2.44566
-2.17707
-2.11476
-2.38016
-2.31466
-2.05245
-2.7281
-2.65922
-2.95273
-2.88028
-2.59034
-2.52146
-2.24916
-3.09763
-3.02518
-3.49008
-3.41388
-3.74649
-3.66634
-3.33767
-3.26146
-3.58618
-3.50603
-3.18525
-4.01196
-3.92768
-4.28672
-4.19811
-3.84339
-3.75911
-3.42588
-2.80783
-2.73538
-2.45258
-3.10905
-3.34573
-3.03284
-2.95663
-2.66293
-3.90679
-3.82664
-4.3491
-4.26481
-4.64114
-4.55253
-4.18053
-4.09625
-4.81834
-4.72974
-5.31586
-5.22275
-5.64738
-5.54958
-5.12964
-5.03653
-5.45177
-5.35396
-4.94342
-5.99033
-5.88764
-6.3449
-6.23714
-5.78494
-5.68225
-5.25615
-4.46393
-4.37532
-4.8503
-5.15834
-4.75719
-4.66408
-5.06053
-4.96272
-4.57096
-5.57956
-5.47686
-5.91384
-5.80608
-5.37417
-5.27148
-4.86491
-6.12937
-6.02161
-6.71132
-6.5983
-7.0898
-6.97133
-6.48527
-6.37225
-6.85285
-6.73438
-6.25922
-7.48054
-7.35644
-7.88377
-7.75384
-7.23233
-7.10822
-6.61591
-5.69831
-5.59055
-5.16878
-6.1462
-6.49743
-6.03317
-5.92015
-5.48278
-3.26557
-3.18542
-2.88042
-3.67482
-3.59054
-3.93229
-3.84369
-3.50625
-3.42196
-3.10527
-4.10951
-4.0209
-4.47785
-4.7671
-4.38473
-4.29162
-4.66929
-4.57148
-4.1985
-5.06609
-5.37501
-4.96339
-4.8607
-4.47367
-3.75508
-3.66647
-3.33768
-4.10539
-4.37586
-4.01227
-3.91916
-3.57786
-0.212801
-0.167587
0.00117901
-0.436307
-0.389216
-0.572366
-0.523209
-0.342124
-0.295033
-0.122374
-0.670682
-0.621524
-0.917264
-0.865852
-1.06968
-1.01583
-0.81444
-0.763028
-0.961977
-0.908123
-0.711617
-1.22647
-1.16999
-1.38784
-1.32853
-1.1135
-1.05702
-0.854269
-0.474051
-0.424893
-0.247941
-0.660204
-0.800414
-0.608792
-0.557379
-0.375734
-1.17739
-1.12354
-1.45241
-1.39592
-1.62504
-1.56574
-1.33944
-1.28296
-1.74365
-1.68434
-1.99014
-2.18365
-1.92784
-1.86553
-2.11815
-2.05265
-1.80322
-2.3837
-2.59048
-2.31481
-2.24593
-1.98715
-1.50644
-1.44714
-1.74091
-1.92165
-1.67861
-1.6163
-1.85615
-1.79065
-1.55399
-2.17705
-2.10817
-2.37313
-2.30068
-2.03929
-1.97041
-1.72515
-2.51803
-2.44558
-2.80421
-3.02511
-2.728
-2.6518
-2.94496
-2.86481
-2.57559
-3.25339
-3.48926
-3.16911
-3.08482
-2.78466
-2.22823
-2.15577
-1.90153
-2.49938
-2.7045
-2.42318
-2.34697
-2.08332
-0.74656
-0.692706
-0.505967
-1.00054
-0.944053
-1.15063
-1.09133
-0.887569
-0.831087
-0.638853
-1.26923
-1.20993
-1.49169
-1.65965
-1.42938
-1.36707
-1.59415
-1.52865
-1.30477
-1.83264
-2.01087
-1.76376
-1.69488
-1.46315
-1.03203
-0.972731
-0.774604
-1.24246
-1.39765
-1.18016
-1.11785
-0.91343
0.00722591
0.133738
-0.115178
0.0141353
0.021956
0.147801
0.140338
0.263769
-0.239472
-0.107022
-0.365873
-0.22995
-0.219328
-0.0876475
-0.0978615
0.0307342
0.0405166
0.165504
0.156175
-0.076334
0.0513506
0.063284
0.18722
0.175837
0.297463
0.287653
0.270853
0.391451
0.278799
0.407305
0.398947
0.516959
-0.494591
-0.354863
-0.62584
-0.48197
-0.468057
-0.329205
-0.342655
-0.207556
-0.759831
-0.611487
-0.896776
-0.743622
-0.725928
-0.578565
-0.595744
-0.452803
-0.436162
-0.298379
-0.314462
-0.559902
-0.418084
-0.398523
-0.262003
-0.280909
-0.148036
-0.164878
-0.194589
-0.0638732
-0.180379
-0.0353181
-0.0502175
0.0763635
0.0906383
0.213331
0.199702
-0.0191276
0.106156
0.122964
0.24422
0.228154
0.347205
0.333099
-0.129808
-0.00159826
-0.241614
-0.110144
-0.0889987
0.0376673
0.0173178
0.141111
0.160642
0.280267
0.261574
0.0594984
0.181608
0.204054
0.321856
0.300346
0.416049
0.39688
0.362506
0.478164
0.46365
0.379048
0.51082
0.493871
0.606382
0.591532
0.524797
0.64047
0.416569
0.533495
0.543099
0.657545
0.648578
0.762158
0.308275
0.426788
0.320138
0.450281
0.43801
0.553657
0.565217
0.678246
0.667419
0.577827
0.702948
0.690073
0.800729
0.789706
0.770467
0.882204
0.779635
0.899937
0.890642
1.00078
1.00928
1.11806
1.11039
0.910134
1.01863
1.02888
1.13589
1.12655
1.23423
1.22664
0.812752
0.921283
0.71692
0.825825
0.839993
0.946633
0.933434
1.04009
1.05229
1.15732
1.14613
0.960926
1.06555
1.07989
1.18274
1.16951
1.27315
1.26204
1.24263
1.34946
1.34202
1.25189
1.3668
1.35771
1.46393
1.45671
0.622427
0.732038
0.529058
0.639711
0.658282
0.765895
0.748347
0.855306
0.436601
0.54863
0.344845
0.458585
0.482047
0.591972
0.569586
0.678187
0.699476
0.804897
0.784729
0.615836
0.722193
0.746388
0.849426
0.826447
0.928935
0.908576
0.871809
0.976362
0.889549
1.01085
0.992987
1.09538
1.11206
1.21254
1.19707
1.03
1.12997
1.14917
1.2471
1.2292
1.32802
1.31264
0.950676
1.05048
0.873881
0.973845
0.998489
1.09563
1.07234
1.1697
1.19161
1.28678
1.26627
1.12039
1.21495
1.23976
1.33199
1.30867
1.4019
1.38148
1.34459
1.44199
1.42677
1.36239
1.47604
1.4584
1.55463
1.53964
1.47194
1.5778
1.57088
1.3768
1.48081
1.49059
1.5941
1.58552
1.69126
1.68471
1.28525
1.38775
1.2984
1.41269
1.3997
1.50131
1.51303
1.61399
1.60357
1.52579
1.63787
1.62541
1.72599
1.71593
1.69862
1.80449
1.79838
1.70683
1.81918
1.81141
1.91766
1.91206
1.89125
2.01445
2.01579
1.77039
1.89061
1.89011
2.01194
2.01315
2.13834
2.14032
1.65298
1.77057
1.53882
1.6541
1.65556
1.77167
1.77098
1.88978
1.8897
2.00997
2.01086
1.77269
1.88989
1.89041
2.00893
2.00931
2.1313
2.13283
2.1364
2.26383
2.26652
2.13454
2.25862
2.26118
2.3911
2.39457
1.42769
1.54101
1.31939
1.43107
1.43497
1.54671
1.54362
1.65738
1.21369
1.32407
1.21981
1.33534
1.32938
1.43943
1.44451
1.55448
1.55031
1.45025
1.56472
1.55927
1.66941
1.6656
1.65963
1.77409
1.66236
1.7782
1.77591
1.8913
1.89262
2.0092
2.00888
1.78101
1.89441
1.89671
2.01116
2.00995
2.12796
2.12828
1.67383
1.78439
1.67892
1.79302
1.78837
1.89958
1.90307
2.01518
2.01289
1.90721
2.02165
2.01809
2.13136
2.12971
2.12806
2.24776
2.24879
2.12863
2.24699
2.24714
2.36877
2.37059
2.38767
2.52033
2.52464
2.25619
2.38433
2.38112
2.51185
2.51605
2.65169
2.65693
2.13
2.25395
2.12898
2.2502
2.25194
2.3781
2.3753
2.50392
2.5078
2.37278
2.4969
2.50027
2.63159
2.63639
2.64649
2.78536
2.79159
2.64137
2.77306
2.77917
2.92152
2.92881
2.18131
2.22285
2.30879
2.35168
2.5276
2.57322
2.39515
2.43917
2.43825
2.48261
2.56986
2.61581
2.7999
2.84907
2.66246
2.70979
2.89895
2.94953
2.75778
3.04314
3.0958
3.30104
3.35747
3.1492
3.2033
3.00079
2.61943
2.66622
2.8064
3.05269
2.85563
2.90546
2.70381
2.75147
2.84025
2.88976
3.08322
3.13644
2.94009
2.99123
2.97938
3.03086
3.12137
3.17494
3.37898
3.43675
3.22946
3.28489
3.49549
3.55515
3.34123
3.65346
3.71571
3.94627
4.01327
3.77893
3.84311
3.61573
3.1905
3.24537
3.39843
3.6772
3.45649
3.51538
3.73953
3.80271
3.57507
3.9082
3.9742
4.22011
4.29091
4.04109
4.10883
3.86671
4.08126
4.15021
4.25888
4.33091
4.59276
4.67009
4.40394
4.47794
4.74843
4.82776
4.5529
4.94937
5.03227
5.33017
5.41891
5.11619
5.20112
4.90806
4.36262
4.43519
4.1774
4.62879
4.9893
4.70559
4.78328
4.50862
3.10521
3.15835
3.25809
3.31355
3.53116
3.59044
3.36964
3.42635
3.41465
3.47256
3.63555
3.9315
3.69679
3.75876
3.99707
4.06339
3.82146
4.24679
4.58287
4.31696
4.3879
4.13044
3.65038
3.71095
3.88484
4.1982
3.94889
4.01359
4.26665
4.33575
4.07892
4.45959
4.532
4.81036
4.88769
4.6051
4.67889
4.40549
4.65792
4.73376
4.86183
4.94122
5.23849
5.3233
5.02143
5.10243
5.40894
5.49538
5.18421
5.64008
5.73057
6.06805
6.1645
5.82191
5.91407
5.58262
4.96573
5.04447
4.75332
5.26674
5.67062
5.35
5.43396
5.12387
5.07147
5.15455
5.28704
5.37391
5.69131
5.78409
5.46173
5.55046
5.5087
5.59951
5.73663
5.8315
6.17022
6.27147
5.92741
6.02437
6.3738
6.47718
6.12234
6.63239
6.74031
7.12462
7.23948
6.84932
6.9594
6.58158
5.87782
5.97248
6.22129
6.68699
6.32122
6.42208
6.79338
6.90072
6.52387
7.07051
7.18264
7.59059
7.70972
7.29577
7.40987
7.00901
7.35545
7.47249
7.64837
7.77044
8.20509
8.33466
7.89364
8.01793
8.46536
8.59717
8.14328
8.79627
8.9336
9.42336
9.56873
9.07208
9.21168
8.73006
7.82986
7.95099
7.52492
8.26969
8.86401
8.39712
8.52555
8.07309
5.75936
5.84882
5.5186
6.00704
6.10078
6.45894
6.5587
6.19528
6.29052
5.93897
6.26182
6.35997
6.62656
7.1182
6.73012
6.83454
7.22829
7.33925
6.93979
7.6409
8.19612
7.75779
7.87555
7.45105
6.65924
6.76052
6.38646
7.04584
7.56367
7.15268
7.26028
6.86252
2.89604
2.94323
3.0522
3.10169
3.31645
3.3689
3.15139
3.2013
3.21234
3.26425
3.37663
3.4311
3.65995
3.71787
3.4859
3.54103
3.77614
3.83474
3.59644
3.96085
4.02249
4.2808
4.34644
4.0845
4.14686
3.89365
3.42158
3.47447
3.65213
3.95285
3.70806
3.76422
3.54526
3.60241
3.7184
3.77835
4.02249
4.08638
3.83875
3.89959
3.89623
3.9591
4.14484
4.47585
4.21135
4.27841
4.54681
4.61833
4.346
4.82839
5.20392
4.90406
4.98032
4.6904
4.15074
4.21556
4.41411
4.763
4.4827
4.55176
4.83609
4.90967
4.62126
5.05714
5.1345
5.4477
5.5301
5.21238
5.29075
4.9837
5.28459
5.36586
5.6039
6.0298
5.68984
5.77639
6.12128
6.21339
5.86353
6.48309
6.96523
6.58039
6.67833
6.30611
5.61303
5.69646
5.36959
5.95124
6.3994
6.0395
6.12827
5.78039
4.01231
4.072
4.20954
4.27252
4.54558
4.61262
4.33578
4.39929
4.41247
4.47886
4.69118
5.05817
4.7615
4.83219
5.13305
5.20832
4.90323
5.44888
5.86477
5.5286
5.60872
5.28395
4.67995
4.74755
4.9746
5.35993
5.04628
5.11824
1.09302
1.28128
1.2795
1.09139
1.47174
1.66586
1.66372
1.46979
1.46733
1.66094
1.65742
1.46429
1.08956
1.27736
1.27478
1.08743
1.8651
2.07093
2.06839
1.86277
2.2848
2.5082
2.50521
2.28205
2.27821
2.50099
2.49544
2.27318
1.85965
2.06491
2.0604
1.85564
1.85065
2.05476
2.04791
1.84459
2.26689
2.48848
2.48
2.25923
2.25012
2.46993
2.45817
2.23947
1.83738
2.03976
2.03021
1.82892
1.08491
1.27166
1.26792
1.08192
1.46056
1.65307
1.64779
1.45606
1.4507
1.64151
1.63413
1.44438
1.07835
1.26346
1.2582
1.07413
0.905024
0.903537
0.714694
0.715955
0.901961
0.900206
0.712091
0.713437
0.523241
0.522441
0.329918
0.330034
0.524942
0.524045
0.330248
0.330647
0.898182
0.895801
0.70878
0.710569
0.892971
0.889605
0.704047
0.706636
0.519175
0.517499
0.328624
0.32925
0.521557
0.520498
0.329615
0.329808
0.133984
0.134793
-0.0653078
-0.0672549
0.135521
0.13608
-0.0614705
-0.0633502
-0.268704
-0.265368
-0.476955
-0.481883
-0.275247
-0.272027
-0.486704
-0.491333
0.131731
0.131966
-0.0721371
-0.0731453
0.132481
0.133183
-0.0691019
-0.070759
-0.281024
-0.278276
-0.49568
-0.499655
-0.285317
-0.283401
-0.503167
-0.506125
0.848185
0.658481
0.541448
0.732704
0.466284
0.270255
0.147225
0.346735
0.225395
0.0218187
-0.106175
0.102054
0.616609
0.423212
0.303563
0.499689
0.069054
-0.138656
-0.271531
-0.058418
-0.354211
-0.578951
-0.725526
-0.493454
-0.636836
-0.876827
-1.03307
-0.784569
-0.188853
-0.407958
-0.548147
-0.322462
-0.459459
-0.692312
-0.840662
-0.600054
-0.936865
-1.19446
-1.36121
-1.09393
-1.25599
-1.53354
-1.71166
-1.42325
-0.74446
-0.993412
-1.15077
-0.892888
0.38173
0.182288
0.0591793
0.262523
-0.0234977
-0.236967
-0.37077
-0.151472
-0.282081
-0.507796
-0.648256
-0.415538
0.141856
-0.0659768
-0.193392
0.0195185
1.00122
0.886345
1.00386
1.11859
0.771376
0.656103
0.775263
0.889483
1.00706
0.893575
1.01122
1.12428
1.23607
1.12116
1.23842
1.35384
0.540317
0.423802
0.546438
0.660985
0.306351
0.187749
0.315687
0.43141
0.554666
0.441505
0.565378
0.676297
0.780489
0.66759
0.787434
0.899002
1.0167
0.906145
1.0239
1.13376
0.796477
0.687483
0.807996
0.915383
1.03319
0.927094
1.04496
1.15008
1.25036
1.14088
1.25725
1.36668
1.47206
1.35583
1.47355
1.59091
1.24133
1.12836
1.24518
1.35838
1.4756
1.36187
1.47858
1.59317
1.71058
1.59176
1.71065
1.83123
1.15255
1.27036
1.4605
1.34136
1.38864
1.50758
1.7017
1.58056
1.77697
1.90123
2.10762
1.97934
1.53282
1.65423
1.85299
1.7284
1.62735
1.74813
1.94792
1.82409
1.87009
1.9934
2.20058
2.07336
2.28479
2.41683
2.64363
2.50584
2.02716
2.15496
2.3707
2.23802
2.45813
2.59661
2.83416
2.68896
2.73798
2.88242
3.13469
2.98268
3.24139
3.40189
3.68549
3.51558
2.93197
3.0848
3.35002
3.18862
1.92957
2.05826
2.27149
2.13779
2.18913
2.32236
2.5469
2.4078
2.63682
2.7827
3.03123
2.87765
2.35453
2.49415
2.72771
2.58124
2.74257
2.98938
2.98591
2.73934
3.25011
3.5262
3.52219
3.24637
3.24094
3.51634
3.50859
3.23376
2.73474
2.9809
2.97427
2.72865
3.81914
4.13039
4.12579
3.81484
4.4614
4.81366
4.80842
4.45649
4.44931
4.80077
4.79061
4.43977
3.80856
4.11906
4.11013
3.80022
3.78973
4.0989
4.08527
3.777
4.42779
4.77786
4.76243
4.41326
4.39611
4.74422
4.72314
4.37624
3.76193
4.06917
4.0505
3.74444
2.721
2.96592
2.95578
2.7117
3.22471
3.49882
3.48696
3.21371
3.20068
3.47292
3.4566
3.18551
2.70065
2.94374
2.92973
2.68777
2.67296
2.91364
2.89539
2.65614
3.16813
3.43791
3.41677
3.14844
3.12636
3.39308
3.36675
3.10178
2.63722
2.87489
2.85205
2.6161
3.72443
4.02916
4.00508
3.70182
4.35357
4.69911
4.67204
4.32799
4.29943
4.64183
4.6084
4.2678
3.67652
3.97815
3.9483
3.64844
3.61748
3.91543
3.87944
3.58357
4.233
4.57166
4.53152
4.19494
4.15354
4.48788
4.44066
4.1087
3.5466
3.84027
3.7978
3.50649
2.5927
2.82678
2.79899
2.56693
3.07463
3.33771
3.30584
3.0448
3.01223
3.27108
3.23331
2.9768
2.5387
2.76859
2.73549
2.50791
1.06916
1.25204
1.2449
1.06336
1.43702
1.62556
1.61571
1.42853
1.41882
1.6045
1.59182
1.4078
1.05663
1.23669
1.22731
1.04888
1.81912
2.01918
2.00658
1.80791
2.2272
2.44464
2.42924
2.2132
2.1974
2.41188
2.39248
2.1797
1.79517
1.99232
1.9763
1.78084
1.7648
1.95845
1.93866
1.74699
2.16
2.37093
2.34717
2.13823
2.11429
2.32108
2.2926
2.08809
1.72729
1.91685
1.89293
1.70564
1.04003
1.21668
1.2047
1.02998
1.39538
1.5776
1.56174
1.38147
1.36598
1.54416
1.52476
1.34882
1.01864
1.1913
1.17637
1.00593
0.885611
0.880899
0.697172
0.700922
0.875379
0.868963
0.68743
0.692704
0.509445
0.505451
0.321687
0.324265
0.515381
0.512726
0.326223
0.327646
0.86156
0.853079
0.674109
0.681262
0.843432
0.832529
0.656487
0.66588
0.488289
0.480542
0.303355
0.30932
0.500654
0.494963
0.314304
0.318397
0.13315
0.130792
-0.0569139
-0.0564251
0.127634
0.123586
-0.0601046
-0.05811
-0.249248
-0.249054
-0.444604
-0.447123
-0.251668
-0.25015
-0.450258
-0.453918
0.136378
0.136323
-0.0583132
-0.059761
0.135826
0.134798
-0.0565555
-0.0572143
-0.256195
-0.253714
-0.458015
-0.462455
-0.262112
-0.259025
-0.467153
-0.472015
-0.690806
-0.684031
-0.911002
-0.919823
-0.67733
-0.670795
-0.893399
-0.902164
-1.1383
-1.12716
-1.37343
-1.38706
-1.16041
-1.14941
-1.40059
-1.41391
-0.664515
-0.658577
-0.876445
-0.884796
-0.653073
-0.648093
-0.860858
-0.868436
-1.09455
-1.08424
-1.31958
-1.33276
-1.1161
-1.1052
-1.34618
-1.35977
-1.61714
-1.60074
-1.87019
-1.88956
-1.5844
-1.56821
-1.83148
-1.8508
-2.13332
-2.11072
-2.40728
-2.43329
-2.17835
-2.15589
-2.45918
-2.48486
-1.68165
-1.66587
-1.9466
-1.96497
-1.6498
-1.63353
-1.90881
-1.92785
-2.22256
-2.2006
-2.51025
-2.53525
-2.26522
-2.24413
-2.55977
-2.58373
-0.736908
-0.732771
-0.973553
-0.979005
-0.727989
-0.722653
-0.960532
-0.967365
-1.21912
-1.21066
-1.47437
-1.4846
-1.23375
-1.22685
-1.49401
-1.50249
-0.716853
-0.710679
-0.945288
-0.953143
-0.70422
-0.697565
-0.928538
-0.937057
-1.18173
-1.17122
-1.42694
-1.43959
-1.20154
-1.19187
-1.45177
-1.46339
-1.74004
-1.72633
-2.01688
-2.03281
-1.71197
-1.69704
-1.98287
-2.0002
-2.30562
-2.28575
-2.60703
-2.62958
-2.34305
-2.32475
-2.6513
-2.67209
-1.78657
-1.77636
-2.07525
-2.08732
-1.76514
-1.75301
-2.04791
-2.06209
-2.37677
-2.36042
-2.69187
-2.71054
-2.40608
-2.39202
-2.72801
-2.7442
-0.814216
-1.06134
-1.22547
-0.969086
-1.32167
-1.59655
-1.78208
-1.49603
-1.67687
-1.9747
-2.17461
-1.86441
-1.12927
-1.3955
-1.57165
-1.29498
-1.8873
-2.19528
-2.40608
-2.08499
-2.52183
-2.86827
-3.10819
-2.7467
-2.98042
-3.35753
-3.61652
-3.22319
-2.29034
-2.62514
-2.85266
-2.50358
-2.7249
-3.08886
-3.33395
-2.95452
-3.47523
-3.88536
-4.16426
-3.73674
-4.00795
-4.45344
-4.75311
-4.28905
-3.19266
-3.58813
-3.85163
-3.43952
-1.46643
-1.75412
-1.94313
-1.64383
-2.05887
-2.38201
-2.59714
-2.26045
-2.46938
-2.82019
-3.05137
-2.68585
-1.82739
-2.13889
-2.34162
-2.01733
-2.21386
-2.55152
-2.7688
-2.41718
-2.91009
-3.29091
-3.53901
-3.1423
-3.3827
-3.79588
-4.06175
-3.63149
-2.62752
-2.99369
-3.22638
-2.84507
-3.69532
-4.12466
-4.40743
-3.96027
-4.58027
-5.06348
-5.38477
-4.88182
-5.1939
-5.71719
-6.06094
-5.51674
-4.23459
-4.70015
-5.00303
-4.51848
-4.81215
-5.31628
-5.64012
-5.11582
-5.85053
-6.41625
-6.78332
-6.19551
-6.55187
-7.16236
-7.55359
-6.91982
-5.42971
-5.97476
-6.32041
-5.75402
-3.07007
-3.4671
-3.71606
-3.30271
-3.8889
-4.3368
-4.62127
-4.15513
-4.43039
-4.91537
-5.21929
-4.71491
-3.54321
-3.97346
-4.23951
-3.79178
-0.104704
-0.32328
-0.45585
-0.231021
-0.552053
-0.792364
-0.940332
-0.69184
-0.835114
-1.09237
-1.2487
-0.982083
-0.359648
-0.591318
-0.729894
-0.490794
-1.04555
-1.31296
-1.48018
-1.20266
-1.59592
-1.89577
-2.0861
-1.77421
-1.95833
-2.28285
-2.48623
-2.14851
-1.36444
-1.65264
-1.83057
-1.53108
-1.70281
-2.01418
-2.20366
-1.87984
-2.34495
-2.69646
-2.91375
-2.54785
-2.75744
-3.13832
-3.37036
-2.97393
-2.06238
-2.39924
-2.60113
-2.25063
-0.624675
-0.871791
-1.01722
-0.761502
-1.13296
-1.40952
-1.57505
-1.28796
-1.4473
-1.74551
-1.92109
-1.61117
-0.901487
-1.1664
-1.31954
-1.04484
0.0677846
-0.0537529
0.0813128
0.199058
-0.177075
-0.302396
-0.158375
-0.0377602
0.0984814
-0.0177465
0.119665
0.231824
0.327893
0.213622
0.343352
0.454466
-0.429929
-0.559886
-0.405084
-0.280745
-0.69248
-0.827921
-0.660511
-0.531602
-0.37507
-0.497764
-0.339504
-0.222709
-0.135273
-0.25431
-0.10739
0.00666494
0.145245
0.0358564
0.175603
0.280643
-0.07434
-0.185557
-0.0357435
0.0702113
0.211121
0.11011
0.252183
0.348569
0.413038
0.312027
0.445305
0.542605
0.578953
0.470678
0.595776
0.701531
0.362444
0.254037
0.385545
0.490519
0.616225
0.514368
0.640679
0.73974
0.822375
0.718824
0.839998
0.941665
1.05957
0.959472
1.07742
1.17628
0.861236
0.764656
0.886476
0.980894
1.09889
1.00632
1.12435
1.2154
1.29195
1.19403
1.30947
1.40678
0.66952
0.575615
0.70313
0.793959
0.482729
0.390649
0.525685
0.613776
0.741887
0.657467
0.786172
0.867239
0.916099
0.828027
0.950483
1.03612
1.15418
1.07067
1.18877
1.27048
0.990008
0.911976
1.03505
1.11037
1.2285
1.15558
1.27374
1.34458
1.38518
1.30496
1.41941
1.49847
1.52092
1.42391
1.53754
1.63457
1.33059
1.24075
1.3557
1.44465
1.55775
1.46937
1.58195
1.67007
1.7479
1.65052
1.76304
1.86107
1.95305
1.83038
1.95112
2.0762
1.71127
1.59551
1.71282
1.83007
1.94974
1.83069
1.94929
2.07048
2.20087
2.07307
2.19639
2.32723
1.48289
1.3732
1.4889
1.59917
1.26623
1.16175
1.27766
1.3818
1.49698
1.39287
1.50753
1.61195
1.71568
1.60452
1.72024
1.83262
1.95016
1.83625
1.9527
2.06846
1.72688
1.62184
1.73597
1.84195
1.95732
1.85009
1.96439
2.07319
2.18772
2.06979
2.18769
2.3081
2.45546
2.32126
2.44785
2.58573
2.19245
2.06882
2.18943
2.31582
2.44079
2.31131
2.43464
2.56751
2.71822
2.57635
2.70693
2.85312
2.11825
2.24482
2.46108
2.32976
2.37327
2.50378
2.73085
2.59472
2.828
2.97066
3.22468
3.07457
2.55126
2.68826
2.92781
2.78422
2.63653
2.77171
3.01128
2.86964
2.90947
3.05001
3.3038
3.15594
3.4179
3.574
3.86207
3.69683
3.11641
3.26543
3.53563
3.3783
3.65679
3.82333
4.13001
3.95333
3.99417
4.16949
4.49772
4.31141
4.65
4.84821
5.22244
5.0114
4.26939
4.45712
4.80613
4.60643
3.0301
3.1812
3.4499
3.29037
3.3359
3.49437
3.7812
3.61345
3.90868
4.08664
4.41214
4.22307
3.56649
3.73536
4.03906
3.85992
4.17214
4.36245
4.70701
4.5046
4.55807
4.75917
5.1292
4.91515
5.29578
5.52369
5.94411
5.70142
4.85878
5.0742
5.46548
5.23613
4.96592
5.17851
5.57572
5.34933
5.3971
5.62187
6.04797
5.80854
6.24719
6.50219
6.98602
6.71452
5.75811
5.99922
6.45049
6.19374
6.65768
6.93098
7.44216
7.15139
7.21199
7.5009
8.04831
7.74107
8.30323
8.6297
9.24655
8.89992
7.67634
7.9855
8.56246
8.234
5.63812
5.88232
6.32618
6.06622
6.13353
6.39192
6.86859
6.59358
7.08303
7.37558
7.91436
7.60336
6.52189
6.79853
7.30083
7.00659
2.8194
2.97363
3.23338
3.07047
3.13176
3.29396
3.57234
3.40061
3.68567
3.86786
4.18196
3.98841
3.33591
3.50842
3.80021
3.61718
3.4604
3.63126
3.93
3.74874
3.80672
3.98696
4.30775
4.11627
4.4457
4.64934
5.01319
4.79648
4.05514
4.24769
4.58582
4.38104
4.72791
4.94583
5.3292
5.09722
5.17006
5.40076
5.81352
5.56791
5.99149
6.25293
6.72046
6.44228
5.49044
5.73738
6.17185
5.90902
3.91577
4.11022
4.43993
4.23312
4.31028
4.51612
4.8718
4.65276
5.01731
5.25047
5.65359
5.40539
4.57071
4.79078
5.16426
4.93
