FiniteElementSpace
FiniteElementCollection: H1_2D_P2
VDim: 1
Ordering: 0

1
0.698631
31.3734
-30.0626
-29.8981
-51.7769
31.785
15.667
0.872286
-14.3265
-30.0042
-14.1885
-40.5644
-33.821
15.9567
-14.2579
-23.8
8.51563
8.36834
0.939017
-6.65866
-14.2262
-6.55137
-18.9498
-15.9027
23.731
31.6067
23.3811
15.8299
8.13746
0.79408
-6.78845
-14.2894
-22.0011
-29.9543
-22.0112
-30.0423
-21.997
-35.2315
-31.992
-46.0751
-42.5471
-28.7525
-25.513
8.44957
-6.60507
-11.2014
23.5788
8.26623
-6.71786
-22.0063
-22.01
-26.9312
-37.1927
-20.6687
4.75196
8.48413
4.68853
0.969868
12.3027
12.2339
16.0083
12.1451
8.41121
4.61464
0.906729
-2.82876
-6.57859
-2.77033
-2.89
-6.63152
-10.4444
-14.2424
-10.4006
-14.2084
-10.3538
-8.87085
-16.5589
-15.0518
-21.3629
-19.8198
-13.5448
27.7172
19.8147
23.6602
19.6753
15.8974
31.7023
27.552
31.4973
27.3366
23.486
19.4951
15.7533
8.32026
4.52458
0.834979
12.0308
11.885
8.20554
4.41256
0.74887
-2.9598
-6.6872
-3.0439
-6.75138
-10.5457
-14.3069
-10.4908
-14.2734
-18.1244
-22.0092
-18.11
-18.1414
-22.0034
-25.9165
-29.9266
-25.9461
-29.9804
-25.9724
-18.0924
-22.0053
-18.0659
-22.0117
-30.0251
-25.9897
-30.055
-25.9923
-24.4491
-22.906
-32.6274
-31.0361
-37.8766
-36.2253
-29.445
-27.8538
-34.574
-32.9227
-26.2626
-43.2967
-41.5733
-48.9013
-47.0937
-39.8498
-38.1264
-31.2714
-18.2767
-24.6714
-29.6201
-23.0802
4.72119
12.2704
12.1923
4.65325
-2.79955
-2.85867
-10.4225
-10.378
-12.6949
-17.4262
19.8709
19.7497
27.6405
27.4509
19.5907
4.57199
12.0915
11.9622
4.47167
-2.92347
-2.9997
-10.5169
-10.4669
-18.1172
-18.1322
-25.9313
-25.96
-18.0806
-18.1019
-25.9825
-25.9932
-20.4734
-28.4969
-33.6117
-25.3656
-30.3722
-38.8786
-44.3111
-35.5068
-22.2343
-27.1327
2.87525
4.73676
2.84481
0.984979
6.6316
8.50022
6.60047
8.46728
6.56687
4.70514
2.81306
0.954577
10.4055
12.2871
10.3736
12.2527
10.3381
12.2138
10.2981
8.43091
14.0952
15.9834
14.0458
12.1695
10.2531
8.39039
4.67126
2.77929
0.923098
6.53007
6.48934
4.63441
2.74278
0.889822
-0.914307
-2.78499
-0.884497
-0.944472
-2.81411
-4.71518
-6.59188
-4.6872
-6.56512
-4.65884
-0.975707
-2.84358
-1.00873
-2.87411
-4.77286
-6.64496
-4.74349
-6.61825
-8.52409
-10.4116
-8.49978
-8.54872
-10.4334
-12.347
-14.2502
-12.3282
-14.2344
-12.309
-8.47507
-10.3661
-8.44926
-10.3894
-14.2175
-12.2886
-14.1988
-12.2665
-11.5225
-10.7786
-7.70983
-15.3712
-14.6213
-17.7517
-16.9942
-13.8713
-13.1214
-10.0346
-16.2367
-15.4793
-12.3714
-20.1535
-19.387
-22.5784
-21.8014
-18.6205
-17.8541
-14.7218
17.9331
19.8438
17.8791
19.7834
17.817
15.928
21.7648
23.6969
21.697
23.6209
21.6191
19.7138
17.7461
15.8647
25.7146
27.6803
25.6409
29.7402
31.7453
29.6605
31.6562
29.5684
27.5978
25.5559
27.5031
25.459
23.5338
31.5537
29.4632
31.4372
29.3441
27.3955
25.3494
23.4351
19.6343
17.6655
15.7928
21.5304
21.4302
19.5443
17.5746
15.7114
4.59387
2.70281
0.854037
8.345
6.44399
8.29403
6.39328
4.54893
2.65867
0.815024
12.1191
10.2023
13.9894
13.9253
12.0621
10.1449
11.9975
10.0803
8.23676
13.8527
13.771
11.9247
10.0077
8.17246
4.49886
2.60962
0.772059
6.33649
6.2729
4.44294
2.55496
0.724424
-1.04425
-2.90642
-1.083
-2.94123
-4.83764
-6.70222
-4.804
-6.67271
-1.1257
-2.97926
-1.17305
-3.02122
-4.91525
-6.76942
-4.87448
-6.73422
-8.63173
-10.5035
-8.60182
-8.66483
-10.5309
-12.4325
-14.3164
-12.4082
-14.298
-12.3863
-8.57439
-10.4555
-10.4787
-14.2813
-12.3661
-14.2656
-16.1899
-18.1136
-16.1785
-16.2017
-18.1207
-20.0588
-22.0078
-20.0565
-22.0103
-20.0538
-16.2145
-18.1281
-16.229
-18.1365
-20.065
-22.0021
-20.0614
-22.0048
-23.9596
-25.9387
-23.9683
-23.9512
-25.9239
-27.8983
-29.9124
-27.9199
-29.9406
-27.9409
-23.9766
-25.9664
-23.9836
-25.9532
-29.9676
-27.9608
-29.9926
-27.9788
-16.1386
-18.0737
-16.1212
-16.1535
-18.0868
-20.0441
-22.0081
-20.0357
-22.0016
-20.0241
-16.1666
-18.0974
-18.1061
-22.0117
-20.0499
-22.0112
-23.9888
-25.9865
-23.9914
-25.9778
-30.0151
-27.9942
-30.0342
-28.0062
-23.9907
-25.9933
-23.9859
-25.992
-30.0492
-28.0142
-30.0595
-28.0174
-19.2666
-18.5091
-23.2194
-22.4529
-25.6863
-24.9093
-21.6864
-20.92
-27.2404
-26.4634
-31.3402
-30.5511
-33.9244
-33.1218
-29.7621
-28.9731
-32.3193
-31.5167
-28.184
-36.5488
-35.7312
-39.215
-38.3809
-34.9136
-34.0961
-30.7142
-24.1324
-23.3554
-27.395
-29.9117
-26.606
-25.817
-29.1091
-28.3066
-25.028
-33.2785
-32.4609
-35.8787
-35.0446
-31.6434
-30.8258
-27.504
-37.5468
-36.7128
-41.9249
-41.0728
-44.68
-43.8083
-40.2206
-39.3685
-42.9367
-42.065
-38.5164
-47.4821
-46.5894
-50.3328
-49.4175
-45.6967
-44.8039
-41.1933
-34.2105
-33.3763
-30.0082
-37.6642
-40.3216
-36.8121
-35.9599
-32.5422
-21.0244
-20.2474
-17.0876
-24.239
-26.7015
-23.4499
-22.6609
-19.4704
-25.8989
-25.0964
-21.8719
-29.1906
-31.7081
-28.3731
-27.5555
-24.2939
2.86014
6.6163
6.58403
2.82914
10.39
10.3564
10.3187
14.0713
10.2763
2.79648
6.54892
6.51024
2.76142
-0.899402
-0.929301
-4.70119
-4.67311
-0.959911
-0.991951
-4.758
-4.72925
-8.51194
-8.53632
-12.3376
-12.3187
-8.46235
-8.48752
-12.299
-12.2778
-9.61234
-13.4417
-15.8054
-11.9482
-14.2983
-18.188
-20.5914
-16.6645
17.9071
17.8492
21.7321
21.6593
17.7827
25.6791
29.7018
29.616
25.5999
25.509
29.5175
29.4054
25.4059
17.707
21.5761
21.4817
17.6214
2.72327
6.46729
6.41935
2.68131
10.2285
14.0185
13.9583
10.1745
10.1135
13.8901
13.813
10.045
2.6348
6.36569
6.30559
2.58304
-1.02613
-1.06318
-4.82046
-4.78817
-1.10381
-1.14875
-4.89433
-4.85561
-8.61642
-8.64784
-12.42
-12.3969
-8.56138
-8.58784
-12.376
-12.3565
-16.1842
-16.1957
-20.0577
-20.0552
-16.2079
-16.2215
-20.063
-20.06
-23.964
-23.9553
-27.9091
-27.9305
-23.9803
-23.9725
-27.9511
-27.9701
-16.1303
-16.1464
-20.0403
-20.0304
-16.1602
-16.1726
-20.052
-20.0473
-23.9905
-23.9865
-27.9869
-28.0007
-23.9888
-23.9915
-28.0108
-28.0164
-17.3124
-21.2352
-23.6776
-19.7116
-25.2207
-29.2797
-31.8318
-27.7141
-30.2405
-34.4216
-37.0509
-32.8018
-22.1345
-26.1484
-28.6494
-24.5828
-27.0582
-31.1821
-33.7484
-29.5624
-35.3996
-39.7215
-42.435
-38.0356
-40.7116
-45.1931
-47.9975
-43.4291
-32.097
-36.3498
-38.9881
-34.6639
-19.0483
-23.0172
-25.467
-21.4515
-23.8758
-27.9426
-30.4457
-26.3229
1.93753
2.86772
1.92247
0.992495
3.81332
4.7444
3.79818
4.72903
3.78273
2.85251
1.90725
0.97744
5.69131
6.62401
5.67607
7.57297
8.508
7.55762
8.49227
7.54166
6.60846
5.66038
6.59233
5.64413
4.71323
8.47581
7.52502
8.45854
7.50758
6.57554
5.62725
4.69691
2.83702
1.89177
0.962251
3.76687
3.75053
2.82116
1.87595
0.946836
9.45975
10.3978
9.44428
11.3531
12.295
11.3375
12.2789
11.321
10.3819
9.42806
10.3651
9.411
12.2617
11.3035
12.2434
11.285
10.3473
9.393
10.3285
9.37399
8.44036
12.224
11.2652
12.2032
11.2442
10.3086
9.35386
8.42119
13.1426
14.0835
13.1192
12.1811
15.0504
15.9961
15.026
15.9703
14.9999
14.0588
13.0943
12.1575
10.2874
9.33253
8.40094
11.2219
11.1981
10.2649
9.30992
8.37952
2.80484
1.8597
0.931108
4.67998
3.7336
4.66235
3.71601
2.78796
1.84293
0.914975
6.558
5.60964
7.48928
7.47001
6.53961
5.59121
6.52028
5.57188
4.64394
7.44968
7.42821
6.49993
5.55155
4.62465
2.77045
1.82554
0.898349
3.69765
3.67845
2.7522
1.80745
0.881139
0.0428555
-0.891954
0.0578389
0.02783
-0.906849
-1.85671
-2.79227
-1.84196
-2.77767
-1.82716
0.0126709
-0.921787
-0.00271175
-0.936859
-1.88643
-2.82142
-1.87151
-2.80682
-3.75728
-4.6942
-3.74299
-3.77162
-4.70818
-5.65961
-6.59848
-5.646
-6.58526
-5.63234
-3.72865
-4.666
-3.71416
-4.68017
-6.57189
-5.61855
-6.55828
-5.60452
-0.0184079
-0.952153
-0.0345072
-0.967759
-1.91704
-2.85109
-1.90158
-2.83614
-0.0510996
-0.983768
-0.0682748
-1.00027
-1.94925
-2.882
-1.9329
-2.86634
-3.81576
-4.75071
-3.80076
-3.83115
-4.76538
-5.71531
-6.65177
-5.70101
-6.63821
-5.68702
-3.78608
-4.7222
-4.73634
-6.62487
-5.67325
-6.61166
-7.56443
-8.50587
-7.55174
-7.57715
-8.51801
-9.47249
-10.4171
-9.46095
-10.4062
-9.44936
-7.59
-8.53019
-7.60307
-8.54249
-9.49577
-10.4389
-9.48407
-10.428
-11.3846
-12.3329
-11.3744
-11.3948
-12.3423
-13.3013
-14.2541
-13.2928
-14.2464
-13.2842
-11.3642
-12.3139
-11.3538
-12.3235
-14.2385
-13.2754
-14.2304
-13.2664
-7.513
-8.45585
-7.49956
-7.52612
-8.46875
-9.42564
-10.3721
-9.41334
-10.3601
-9.40062
-7.539
-8.48133
-8.49367
-10.3951
-9.43762
-10.3838
-11.3432
-12.2939
-11.3323
-12.304
-14.2219
-13.2571
-14.213
-13.2473
-11.3209
-12.2722
-11.3091
-12.2833
-14.2037
-13.2371
-14.1937
-13.2262
-9.03042
-8.66021
-7.13029
-10.9377
-10.5664
-12.1082
-11.7356
-10.1951
-9.82372
-8.29
-12.8535
-12.4809
-14.7792
-14.4051
-15.9644
-15.5886
-14.0309
-13.6568
-15.2127
-14.8369
-13.2826
-17.1546
-16.7769
-18.3501
-17.9703
-16.3992
-16.0215
-14.461
-11.3629
-10.9903
-9.45239
-12.9085
-14.0852
-12.5343
-12.1602
-10.6176
-13.7094
-13.3335
-11.786
-15.6437
-15.266
-16.8309
-16.4511
-14.8883
-14.5106
-12.9577
-17.5905
-17.2107
-19.5509
-19.1689
-20.7575
-20.373
-18.7869
-18.4048
-19.9885
-19.604
-18.0228
-21.9699
-21.5828
-23.1884
-22.7985
-21.1957
-20.8086
-19.2196
-16.0713
-15.6915
-14.1329
-17.6407
-18.8351
-17.2587
-16.8767
-15.3118
16.9691
17.9203
16.9437
18.9002
19.8576
18.8737
19.8295
18.8452
17.8933
16.9163
17.8644
16.887
15.9426
19.7993
18.8145
19.7668
18.7817
17.8334
16.8557
15.913
20.7878
21.7488
20.7558
22.7458
23.7142
22.7124
23.6789
22.6765
21.7148
20.7214
21.6785
20.6846
19.7321
23.6409
22.638
23.6002
22.5968
21.6395
20.6453
19.6948
17.8002
16.8222
15.8813
18.7465
18.709
17.7647
16.7864
15.8476
24.7205
25.6972
24.6857
26.7134
27.6991
26.6772
27.6607
26.6382
25.6603
24.6483
28.726
29.7214
28.6884
30.7598
31.7655
30.7207
31.7242
30.6786
29.6815
28.6479
29.6387
28.6043
27.6195
31.6797
30.6333
31.6318
30.5847
29.5926
28.5576
27.5753
25.6207
24.6081
26.5964
26.5515
25.5783
24.5651
25.5329
24.5192
23.5567
27.5279
26.5036
27.4774
26.4525
25.4844
24.4702
23.5103
29.5434
28.5076
31.5806
30.5328
31.5259
30.4774
29.4908
28.4544
29.4348
28.3978
27.4236
31.4677
30.4185
31.4058
30.356
29.3752
28.3377
27.3665
25.4328
24.4182
23.4609
26.3982
26.3406
25.3781
24.363
23.4085
17.7269
16.7484
15.8116
19.6551
18.669
19.6128
18.6264
17.6866
16.7079
15.7733
21.5979
20.6033
22.5529
22.5061
21.5536
20.5586
21.5064
20.5111
19.5679
22.4563
22.4035
21.4563
20.4608
19.5201
17.6438
16.6649
15.7327
18.5811
18.5332
17.5983
16.6193
15.6896
2.73314
1.78858
0.863257
4.60439
3.65831
4.58308
3.63714
2.71317
1.76882
0.844615
6.47847
5.53014
8.35684
7.40552
8.33281
7.3815
6.4558
5.50755
6.43184
5.4837
4.56062
8.30734
7.35607
8.28033
7.32913
6.4065
5.45849
4.53692
2.6922
1.74809
0.82512
3.61486
3.59136
2.67013
1.7263
0.804681
10.241
9.28592
12.1323
11.1728
12.1055
11.1459
10.2156
9.26046
14.0324
13.0677
14.9719
14.942
14.0042
13.0393
13.9741
13.009
12.077
14.9102
14.8762
13.9421
12.9768
12.0466
10.1886
9.23343
11.1173
11.0868
10.1599
9.20476
10.1295
9.17435
8.25171
12.0144
11.0545
11.9801
11.0202
10.0972
9.1421
8.22137
13.9079
12.9426
14.8401
14.8017
13.8717
12.9063
13.8332
12.8677
11.9437
14.7609
14.7177
13.7923
12.8269
11.9052
10.0629
9.10794
8.18924
10.9839
10.9454
10.0266
9.07177
8.15521
2.64689
1.70336
0.78321
4.51189
3.56657
4.48545
3.54039
2.62238
1.67917
0.760616
6.37968
5.43183
7.3006
7.27039
6.35129
5.40364
6.32126
5.37383
4.4575
7.23841
7.20456
6.28948
5.3423
4.42796
2.59651
1.65366
0.73681
3.51273
3.48351
2.56919
1.62673
0.711701
-0.0861179
-1.01735
-0.104724
-1.0351
-1.98378
-2.91486
-1.96618
-2.89814
-0.124181
-1.05361
-0.144581
-1.07297
-2.02135
-2.95041
-2.00214
-2.93225
-3.88062
-4.81215
-3.86349
-3.8985
-4.82896
-5.77737
-6.70996
-5.76094
-6.69464
-5.74518
-3.84703
-4.78046
-4.79601
-6.67989
-5.73
-6.66563
-0.166013
-1.09328
-0.188567
-1.11461
-2.06268
-2.98935
-2.0415
-2.96941
-0.212332
-1.13707
-0.237399
-1.16074
-2.1085
-3.03241
-2.08499
-3.01032
-3.95761
-4.88428
-3.93691
-3.97943
-4.90465
-5.85154
-6.77881
-5.83155
-6.76028
-5.81258
-3.91724
-4.84652
-4.86493
-6.74269
-5.79455
-6.72595
-7.67479
-8.60904
-7.65929
-7.69104
-8.62398
-9.57362
-10.5101
-9.55928
-10.4971
-9.54561
-7.70813
-8.63968
-7.72616
-8.65622
-9.60463
-10.5382
-9.5887
-10.5238
-11.4746
-12.414
-11.4617
-11.4883
-12.4261
-13.3785
-14.3213
-13.3672
-14.3116
-13.3565
-11.4494
-12.3915
-11.4377
-12.4025
-14.3024
-13.3464
-14.2936
-13.3368
-7.61644
-8.55501
-7.63021
-8.56784
-9.5199
-10.4612
-9.50769
-10.4499
-7.64446
-8.58105
-8.59476
-10.4847
-9.53252
-10.4727
-11.4264
-12.371
-11.4156
-12.3811
-14.2853
-13.3276
-14.2773
-13.3187
-11.4051
-12.3517
-12.3613
-14.2695
-13.3099
-14.2618
-15.2236
-16.1813
-15.2169
-15.2304
-16.1871
-17.1521
-18.1154
-17.1475
-18.1118
-17.1428
-15.2373
-16.1928
-15.2443
-16.1987
-17.1616
-18.1225
-17.1568
-18.119
-19.0876
-20.0571
-19.0853
-19.09
-20.0582
-21.0308
-22.0071
-21.031
-22.0085
-21.0311
-19.0828
-20.0545
-19.0802
-20.0559
-22.0098
-21.031
-22.0108
-21.0307
-15.2517
-16.2048
-15.2595
-16.2111
-17.172
-18.1301
-17.1667
-18.1262
-15.2677
-16.2179
-15.2766
-16.2251
-17.1838
-18.1389
-17.1777
-18.1343
-19.0983
-20.0621
-19.0953
-19.1017
-20.0639
-21.0314
-22.0016
-21.0309
-22.0027
-21.0307
-19.0925
-20.0594
-20.0607
-22.0041
-21.0307
-22.0056
-22.9825
-23.9661
-22.9854
-22.9797
-23.9618
-24.9434
-25.935
-24.9493
-25.9424
-24.9551
-22.9769
-23.9574
-22.9743
-23.9532
-24.9318
-25.9201
-24.9376
-25.9276
-26.9143
-27.9145
-26.9234
-26.9052
-27.9037
-28.8959
-29.9053
-28.9084
-29.9195
-28.9209
-26.9324
-27.9358
-26.9413
-27.9252
-29.9336
-28.9332
-29.9475
-28.9452
-22.9934
-23.982
-22.9955
-22.9909
-23.9785
-24.9662
-25.9633
-24.9713
-25.9695
-24.9759
-22.9883
-23.9746
-23.9704
-25.9497
-24.9608
-25.9566
-26.9499
-27.956
-26.9582
-27.946
-29.961
-28.9569
-29.974
-28.9682
-26.966
-27.9745
-26.9733
-27.9655
-29.9866
-28.9789
-29.9985
-28.9891
-15.1631
-16.1258
-15.1534
-15.1721
-16.1345
-17.1081
-18.0773
-17.1004
-18.0699
-17.0919
-15.1806
-16.1426
-15.1885
-16.15
-17.1214
-18.0897
-17.1151
-18.0838
-19.0619
-20.0381
-19.0565
-19.0666
-20.0423
-21.0252
-22.0091
-21.0223
-22.0068
-21.0186
-19.0503
-20.0273
-19.0432
-20.0332
-22.0036
-21.0141
-21.9994
-21.0086
-15.196
-16.1569
-15.2032
-16.1634
-17.1328
-18.0997
-17.1273
-18.095
-15.2101
-16.1696
-16.1756
-18.108
-17.1379
-18.104
-19.0774
-20.051
-19.0742
-20.0529
-22.0115
-21.03
-22.0118
-21.029
-19.0707
-20.0458
-20.0486
-22.0115
-21.0274
-22.0107
-22.9988
-23.9911
-22.9987
-22.9983
-23.9898
-24.9835
-25.9846
-24.9863
-25.9882
-24.9884
-22.9971
-23.9878
-23.9851
-25.9752
-24.98
-25.9803
-26.98
-27.9906
-26.986
-27.9829
-30.0097
-28.9985
-30.0202
-29.0071
-26.9913
-28.0036
-26.9956
-27.9975
-30.0298
-29.0149
-30.0383
-29.0217
-22.9932
-23.9875
-22.9893
-22.9959
-23.9899
-24.9897
-25.9934
-24.9888
-25.993
-24.9868
-22.9978
-23.9912
-23.9916
-25.991
-24.9895
-25.9927
-26.999
-28.0126
-27.0013
-28.0086
-30.0459
-29.0274
-30.0523
-29.032
-27.0025
-28.0171
-27.0024
-28.0155
-30.0574
-29.0354
-30.0612
-29.0374
-16.7161
-16.3403
-18.6655
-18.2878
-19.8692
-19.4894
-17.9101
-17.5323
-20.6288
-20.249
-22.6073
-22.2252
-23.8334
-23.4489
-21.8432
-21.4612
-23.0644
-22.6799
-21.0791
-25.0668
-24.6797
-26.3078
-25.9179
-24.2926
-23.9055
-22.2954
-19.1096
-18.7298
-20.6971
-21.9109
-20.315
-19.933
-24.6023
-24.2178
-26.6153
-26.2282
-27.8676
-27.4776
-25.841
-25.4539
-28.6474
-28.2575
-30.7002
-30.3072
-31.9825
-31.5864
-29.9143
-29.5213
-31.1903
-30.7941
-29.1284
-33.2746
-32.8751
-34.5767
-34.1736
-32.4756
-32.0761
-30.398
-27.0877
-26.6978
-28.7355
-30.0019
-28.3425
-27.9496
-29.6057
-29.2096
-27.5566
-31.6766
-31.2771
-32.9643
-32.5612
-30.8775
-30.478
-28.8135
-33.7705
-33.3674
-35.8888
-35.482
-37.2114
-36.8006
-35.0751
-34.6683
-36.3898
-35.979
-34.2615
-38.5445
-38.1295
-39.8883
-39.4691
-37.7146
-37.2997
-35.5682
-32.1582
-31.7551
-30.0785
-33.8546
-35.1574
-33.4478
-33.041
-31.352
-21.5264
-21.142
-23.5183
-23.1312
-24.7481
-24.3582
-22.7441
-22.357
-25.528
-25.138
-27.1637
-28.4173
-26.7708
-26.3778
-28.0212
-27.6251
-25.9849
-29.679
-30.9489
-29.2795
-28.88
-27.229
-23.9682
-23.5783
-25.592
-26.8328
-25.199
-24.8061
-26.4367
-26.0406
-24.4132
-28.4805
-28.081
-29.7397
-29.3366
-27.6815
-27.282
-25.6444
-30.5458
-30.1428
-32.6341
-32.2273
-33.9251
-33.5143
-31.8205
-31.4136
-33.1036
-32.6928
-31.0068
-35.2252
-34.8103
-36.5345
-36.1153
-34.3953
-33.9804
-32.282
-28.9335
-28.5304
-26.8824
-30.6
-31.8712
-30.1931
-29.7863
-28.1274
-34.7467
-34.3359
-36.8848
-36.4699
-38.2114
-37.7922
-36.055
-35.6401
-39.0499
-38.6307
-41.2432
-40.8195
-42.6093
-42.1809
-40.3958
-39.972
-41.7525
-41.3241
-39.5483
-43.9869
-43.5536
-45.3761
-44.9377
-43.1203
-42.6869
-40.8956
-37.373
-36.9537
-39.1246
-40.4672
-38.7008
-38.2771
-40.0387
-39.6103
-37.8533
-42.2536
-41.8203
-43.6225
-43.1841
-41.387
-40.9536
-39.1819
-44.4993
-44.0609
-46.7771
-46.3334
-48.1901
-47.741
-45.8898
-45.4461
-47.2919
-46.8428
-45.0025
-49.6155
-49.1607
-51.0533
-50.5927
-48.706
-48.2513
-46.3937
-42.7457
-42.3073
-40.5203
-44.5588
-45.9446
-44.1151
-43.6715
-41.8689
-31.4604
-31.0496
-29.3794
-33.5655
-33.1506
-34.8576
-34.4383
-32.7357
-32.3208
-30.6388
-35.696
-35.2768
-37.4296
-38.7534
-37.0058
-36.5821
-38.325
-37.8965
-36.1583
-40.087
-41.4305
-39.6537
-39.2203
-37.4681
-34.0191
-33.5998
-31.9058
-35.7346
-37.0396
-35.3108
-34.8871
-33.1806
-18.4506
-18.0661
-16.4946
-20.4214
-20.0343
-21.6287
-21.2387
-19.6472
-19.2601
-17.6816
-22.4085
-22.0186
-24.0202
-25.2483
-23.6273
-23.2343
-24.8522
-24.456
-22.8414
-26.4829
-27.7243
-26.0834
-25.6839
-24.0599
-20.8488
-20.4589
-18.873
-22.4485
-23.6638
-22.0555
-21.6626
-20.0689
-23.2677
-22.8715
-21.2697
-25.2844
-24.8849
-26.515
-26.112
-24.4854
-24.0859
-22.4754
-27.3212
-26.9181
-28.9726
-30.2281
-28.5658
-28.1589
-29.8173
-29.4065
-27.7521
-31.4909
-32.7614
-31.076
-30.6611
-28.9957
-25.7089
-25.3058
-23.6864
-27.3452
-28.5849
-26.9384
-26.5316
-24.9027
1.93002
3.80579
3.7905
1.91489
5.68375
7.56536
7.54972
5.66829
5.65233
7.53343
7.5164
5.63577
1.89955
3.77485
3.75876
1.88391
9.4521
11.3454
11.3294
9.43627
9.41964
11.3124
11.2944
9.40212
9.38363
11.2752
11.2549
9.36407
13.1311
15.0384
15.0132
13.107
9.34335
11.2332
11.2102
9.32139
1.86789
3.74214
3.72489
1.85139
5.61854
7.49855
7.47977
5.60053
5.58166
7.45998
7.4391
5.56184
1.83432
3.70693
3.68816
1.81659
0.050346
0.0353538
-1.84934
-1.83457
0.0202728
0.00501314
-1.87895
-1.8641
-3.75014
-3.76444
-5.6528
-5.63919
-3.72143
-3.73583
-5.62547
-5.61157
-0.010515
-0.0264015
-1.90926
-1.89397
-0.0427361
-0.0596087
-1.94101
-1.92491
-3.80822
-3.8234
-5.70812
-5.69398
-3.77883
-3.79339
-5.68011
-5.66642
-7.55809
-7.57078
-9.46673
-9.45517
-7.58356
-7.59651
-9.4899
-9.47827
-11.3795
-11.3896
-13.2971
-13.2885
-11.359
-11.3693
-13.2798
-13.2709
-7.50632
-7.51959
-9.41954
-9.40704
-7.53258
-7.54538
-9.44351
-9.43166
-11.3378
-11.3485
-13.2618
-13.2522
-11.3151
-11.3266
-13.2423
-13.2317
-8.07954
-9.98309
-11.1505
-9.2416
-11.8945
-13.8151
-14.9962
-13.0683
-14.2463
-16.1821
-17.3729
-15.4286
-10.4066
-12.3216
-13.4963
-11.5748
-12.7464
-14.6751
-15.858
-13.9216
-16.6155
-18.5689
-19.7703
-17.8071
-19.0038
-20.9772
-22.1899
-20.2056
-15.1006
-17.0454
-18.2373
-16.2836
16.9566
18.8872
18.8597
16.9303
16.9019
18.8301
18.7984
16.8716
20.7721
22.7294
22.6948
20.7389
20.7034
22.6576
22.6178
20.6653
16.8392
18.7644
18.728
16.8046
24.7034
26.6957
26.6581
24.6673
28.7076
30.7406
30.7001
28.6685
28.6264
30.6563
30.6094
28.5813
24.6285
26.6177
26.5743
24.5869
24.5425
26.5279
26.4785
24.4951
28.533
30.5592
30.5055
28.4815
28.4266
30.4484
30.3877
28.3682
24.4446
26.4258
26.3698
24.391
16.7677
18.6893
18.648
16.7284
20.6246
22.5752
22.5298
20.5813
20.5352
22.4816
22.4303
20.4863
16.6867
18.6041
18.5575
16.6424
1.79812
3.6685
3.64786
1.77881
5.54098
7.41703
7.39368
5.519
5.49579
7.36896
7.34279
5.47127
1.75858
3.62615
3.60327
1.73733
9.2981
11.1857
11.1596
9.27338
13.0812
14.9861
14.9572
13.0537
13.0244
14.9264
14.8935
12.9932
9.24715
11.1318
11.1023
9.21931
9.18978
11.0709
11.0376
9.15846
12.96
14.8584
14.8212
12.9247
12.8873
14.7816
14.7396
12.8476
9.12527
11.0023
10.9649
9.09011
1.71498
3.57914
3.55366
1.69143
5.44535
7.31507
7.28571
5.41794
5.38894
7.25463
7.22172
5.35828
1.66659
3.52675
3.49832
1.64038
-0.0771067
-0.0953198
-1.97489
-1.95764
-0.11434
-0.134258
-2.01163
-1.99286
-3.87196
-3.88946
-5.76907
-5.75299
-3.83902
-3.85518
-5.73753
-5.7226
-0.155163
-0.177144
-2.05196
-2.0313
-0.200292
-0.224697
-2.09658
-2.07369
-3.94713
-3.96837
-5.84141
-5.82194
-3.90776
-3.92695
-5.80345
-5.78586
-7.66695
-7.68281
-9.56636
-9.55237
-7.69947
-7.71702
-9.59656
-9.58106
-11.468
-11.4814
-13.3728
-13.3618
-11.4435
-11.4554
-13.3514
-13.3416
-7.60971
-7.62327
-9.51375
-9.5017
-7.63727
-7.6518
-9.539
-9.52616
-11.421
-11.432
-13.3321
-13.3231
-11.3999
-11.4103
-13.3143
-13.3056
-15.2203
-15.227
-17.1498
-17.1451
-15.2338
-15.2408
-17.1592
-17.1545
-19.0864
-19.0888
-21.0309
-21.031
-19.0816
-19.0841
-21.0311
-21.0309
-15.248
-15.2556
-17.1693
-17.1641
-15.2636
-15.2721
-17.1807
-17.1748
-19.0967
-19.0999
-21.0311
-21.0308
-19.0913
-19.0939
-21.0307
-21.0308
-22.984
-22.9811
-24.9464
-24.9522
-22.9782
-22.9756
-24.9347
-24.9405
-26.9189
-26.9098
-28.9022
-28.9147
-26.9369
-26.9279
-28.9271
-28.9392
-22.9945
-22.9922
-24.9688
-24.9736
-22.9896
-22.9869
-24.958
-24.9635
-26.9541
-26.9456
-28.9511
-28.9626
-26.9697
-26.9621
-28.9736
-28.9841
-15.1583
-15.1677
-17.1043
-17.0963
-15.1764
-15.1846
-17.1183
-17.1116
-19.0592
-19.0643
-21.0238
-21.0206
-19.0469
-19.0535
-21.0165
-21.0115
-15.1923
-15.1996
-17.1301
-17.1244
-15.2067
-15.2135
-17.1403
-17.1354
-19.0759
-19.0789
-21.0304
-21.0296
-19.0687
-19.0725
-21.0282
-21.0264
-22.9989
-22.9986
-24.985
-24.9875
-22.9978
-22.9964
-24.978
-24.9819
-26.9831
-26.9767
-28.9939
-29.0029
-26.9935
-26.9888
-29.0111
-29.0184
-22.9914
-22.9947
-24.9894
-24.988
-22.997
-22.9983
-24.9891
-24.9897
-27.0003
-26.9974
-29.0247
-29.0299
-27.0026
-27.002
-29.0339
-29.0365
-15.7462
-17.6892
-18.8879
-16.9356
-19.6453
-21.6161
-22.8362
-20.8543
-22.0697
-24.0634
-25.2978
-23.2918
-18.1304
-20.0925
-21.3032
-19.3307
-23.6027
-25.6065
-26.8519
-24.8349
-27.6289
-29.6712
-30.9456
-28.8883
-30.1566
-32.2296
-33.5231
-31.434
-26.0749
-28.1055
-29.3676
-27.3227
-28.5786
-30.6383
-31.918
-29.8428
-32.7206
-34.8265
-36.14
-34.0166
-35.3224
-37.4637
-38.798
-36.6381
-31.1155
-33.2068
-34.5048
-32.3969
-20.5367
-22.5203
-23.7439
-21.7487
-24.5208
-26.5398
-27.7895
-25.757
-27.0005
-29.0472
-30.3129
-28.2516
-22.9669
-24.9742
-26.2115
-24.1914
-25.4225
-27.456
-28.7078
-26.6604
-29.5104
-31.587
-32.8697
-30.7772
-32.0522
-34.1612
-35.4616
-33.3355
-27.9053
-29.9673
-31.2346
-29.1574
-33.6873
-35.8125
-37.1298
-34.9868
-37.9639
-40.1429
-41.4988
-39.3
-40.6467
-42.8658
-44.2442
-42.0041
-36.2957
-38.4571
-39.7946
-37.6142
-38.9424
-41.1424
-42.5008
-40.2807
-43.3725
-45.6341
-47.0357
-44.7521
-46.143
-48.4494
-49.8752
-47.5456
-41.6292
-43.8701
-45.2503
-42.9881
-30.417
-32.5099
-33.7934
-31.6842
-34.6275
-36.7713
-38.0903
-35.9283
-37.2382
-39.419
-40.7575
-38.5573
-32.9593
-35.0854
-36.386
-34.2424
-17.4708
-19.4341
-20.6359
-18.6625
-21.4129
-23.4086
-24.6335
-22.6257
-23.8444
-25.8648
-27.1027
-25.0692
-19.8589
-21.8429
-23.0554
-21.0601
-22.2664
-24.2736
-25.4977
-23.478
-26.3002
-28.3476
-29.5994
-27.5377
-28.7818
-30.8586
-32.1252
-30.0329
-24.6951
-26.7278
-27.9643
-25.918
