FiniteElementSpace
FiniteElementCollection: H1_3D_P1
VDim: 3
Ordering: 1

-0.1 0 0.4
-0.15625 0 0.46875
-0.225 0 0.45
-0.30625 0 0.30625
-0.4 0 0
-0.1 0 0.4
-0.15625 0 0.46875
-0.225 0 0.45
-0.30625 0 0.30625
-0.4 0 0
-0.1 0 0.4
-0.15625 0 0.46875
-0.225 0 0.45
-0.30625 0 0.30625
-0.4 0 0
-0.1 0 0.4
-0.15625 0 0.46875
-0.225 0 0.45
-0.30625 0 0.30625
-0.4 0 0
-0.1 0 0.4
-0.1 0 0.4
-0.1 0 0.4
-0.1 0 0.4
-0.126562 0 0.442969
-0.15625 0 0.46875
-0.126562 0 0.442969
-0.126562 0 0.442969
-0.15625 0 0.46875
-0.126562 0 0.442969
-0.15625 0 0.46875
-0.15625 0 0.46875
-0.189063 0 0.472656
-0.225 0 0.45
-0.189063 0 0.472656
-0.189063 0 0.472656
-0.225 0 0.45
-0.189063 0 0.472656
-0.225 0 0.45
-0.225 0 0.45
-0.264063 0 0.396094
-0.30625 0 0.30625
-0.264063 0 0.396094
-0.264063 0 0.396094
-0.30625 0 0.30625
-0.264063 0 0.396094
-0.30625 0 0.30625
-0.30625 0 0.30625
-0.351562 0 0.175781
-0.4 0 0
-0.351562 0 0.175781
-0.351562 0 0.175781
-0.4 0 0
-0.351562 0 0.175781
-0.4 0 0
-0.4 0 0
-0.1 0 0.4
-0.126562 0 0.442969
-0.126562 0 0.442969
-0.15625 0 0.46875
-0.126562 0 0.442969
-0.126562 0 0.442969
-0.189063 0 0.472656
-0.189063 0 0.472656
-0.225 0 0.45
-0.189063 0 0.472656
-0.189063 0 0.472656
-0.264063 0 0.396094
-0.264063 0 0.396094
-0.30625 0 0.30625
-0.264063 0 0.396094
-0.264063 0 0.396094
-0.351562 0 0.175781
-0.351562 0 0.175781
-0.4 0 0
-0.351562 0 0.175781
-0.351562 0 0.175781
-0.126562 0 0.442969
-0.189063 0 0.472656
-0.264063 0 0.396094
-0.351562 0 0.175781
