FiniteElementSpace
FiniteElementCollection: H1_3D_P1
VDim: 3
Ordering: 1

0 0 0
-0.00625 0 0.04375
-0.025 0 0.15
-0.05625 0 0.28125
-0.1 0 0.4
0 0 0
-0.00625 0 0.04375
-0.025 0 0.15
-0.05625 0 0.28125
-0.1 0 0.4
0 0 0
-0.00625 0 0.04375
-0.025 0 0.15
-0.05625 0 0.28125
-0.1 0 0.4
0 0 0
-0.00625 0 0.04375
-0.025 0 0.15
-0.05625 0 0.28125
-0.1 0 0.4
-0.0015625 0 0.0117188
-0.00625 0 0.04375
-0.0015625 0 0.0117188
0 0 0
-0.0015625 0 0.0117188
-0.00625 0 0.04375
-0.0015625 0 0.0117188
0 0 0
0 0 0
-0.00625 0 0.04375
-0.00625 0 0.04375
0 0 0
-0.0140625 0 0.0914063
-0.025 0 0.15
-0.0140625 0 0.0914063
-0.0140625 0 0.0914063
-0.025 0 0.15
-0.0140625 0 0.0914063
-0.025 0 0.15
-0.025 0 0.15
-0.0390625 0 0.214844
-0.05625 0 0.28125
-0.0390625 0 0.214844
-0.0390625 0 0.214844
-0.05625 0 0.28125
-0.0390625 0 0.214844
-0.05625 0 0.28125
-0.05625 0 0.28125
-0.0765625 0 0.344531
-0.1 0 0.4
-0.0765625 0 0.344531
-0.0765625 0 0.344531
-0.1 0 0.4
-0.0765625 0 0.344531
-0.1 0 0.4
-0.1 0 0.4
-0.0015625 0 0.0117188
-0.0015625 0 0.0117188
-0.00625 0 0.04375
-0.0015625 0 0.0117188
0 0 0
-0.0015625 0 0.0117188
-0.0140625 0 0.0914063
-0.0140625 0 0.0914063
-0.025 0 0.15
-0.0140625 0 0.0914063
-0.0140625 0 0.0914063
-0.0390625 0 0.214844
-0.0390625 0 0.214844
-0.05625 0 0.28125
-0.0390625 0 0.214844
-0.0390625 0 0.214844
-0.0765625 0 0.344531
-0.0765625 0 0.344531
-0.1 0 0.4
-0.0765625 0 0.344531
-0.0765625 0 0.344531
-0.0015625 0 0.0117188
-0.0140625 0 0.0914063
-0.0390625 0 0.214844
-0.0765625 0 0.344531
