FiniteElementSpace
FiniteElementCollection: H1_3D_P1
VDim: 3
Ordering: 1

0 0 0
0.0178576 0.00853836 0.031267
0.0205402 0.000669027 0.110527
-0.00245615 -0.00787799 0.206443
-0.0506381 -0.0173401 0.29142
-0.122194 -0.0264763 0.340004
-0.206287 -0.0272219 0.322405
-0.274136 -0.0120764 0.214541
-0.306454 -0.00261032 0.0765718
0 0 0
0.0178576 -0.00853836 0.031267
0.0205402 -0.000669028 0.110527
-0.00245616 0.00787797 0.206443
-0.0506381 0.0173402 0.29142
-0.122194 0.0264763 0.340004
-0.206287 0.0272217 0.322404
-0.274136 0.0120763 0.214541
-0.306454 0.00261035 0.0765717
0 0 0
-0.0376978 -0.0149938 0.0358367
-0.0774639 -0.00866798 0.114837
-0.107124 -0.00354459 0.213808
-0.127184 0.000792968 0.305284
-0.134864 0.00599949 0.358791
-0.128509 0.00988993 0.335357
-0.127561 0.00488622 0.213006
-0.138154 0.00136221 0.0670019
0 0 0
-0.0376978 0.0149938 0.0358367
-0.0774639 0.008668 0.114837
-0.107124 0.00354459 0.213808
-0.127184 -0.000792912 0.305283
-0.134864 -0.00599936 0.358791
-0.128509 -0.00988984 0.335357
-0.127561 -0.00488626 0.213006
-0.138154 -0.00136247 0.0670019
0.00804479 0.00938913 0.00849632
0.0181501 4.18984e-09 0.0372002
0.00804479 -0.00938912 0.00849632
0 0 0
-0.0152165 -0.0150678 0.0127738
-0.0380194 -1.34159e-10 0.0423436
-0.0152165 0.0150678 0.0127739
0 0 0
0 0 0
-0.00955597 -0.00307004 0.0320568
-0.00955597 0.00307005 0.0320568
0 0 0
0.0223833 0.00475874 0.0668692
0.0217609 -1.15476e-09 0.113085
0.0223833 -0.00475873 0.0668692
-0.0588416 -0.011862 0.0711357
-0.078395 1.02637e-08 0.117169
-0.0588416 0.011862 0.0711357
-0.028097 -0.00385557 0.112013
-0.028097 0.00385558 0.112013
0.0122289 -0.00351549 0.158232
-0.00068721 -1.05385e-08 0.205525
0.0122289 0.00351547 0.158232
-0.0934871 -0.00590432 0.163522
-0.107524 -8.86236e-10 0.212589
-0.0934871 0.00590432 0.163522
-0.0542239 -0.00561586 0.210514
-0.0542239 0.00561585 0.210514
-0.0234421 -0.0124958 0.251895
-0.0485375 5.5303e-09 0.286635
-0.0234421 0.0124958 0.251895
-0.118433 -0.00138852 0.262268
-0.127384 2.92717e-08 0.300789
-0.118433 0.00138854 0.262268
-0.0882873 -0.00811089 0.299809
-0.0882873 0.00811091 0.299809
-0.0837945 -0.0222021 0.321885
-0.121109 -4.07592e-08 0.330758
-0.0837945 0.0222021 0.321885
-0.132874 0.00322689 0.338942
-0.135467 6.22214e-08 0.351184
-0.132874 -0.00322679 0.338942
-0.128267 -0.00997291 0.351842
-0.128267 0.00997294 0.351842
-0.164107 -0.0288205 0.341828
-0.208496 -6.90097e-08 0.311629
-0.164107 0.0288204 0.341828
-0.132934 0.00866394 0.359517
-0.129376 5.42783e-08 0.326566
-0.132934 -0.00866383 0.359517
-0.16821 -0.00836889 0.331468
-0.16821 0.00836894 0.331468
-0.244302 -0.0207068 0.277893
-0.277488 5.30391e-09 0.210087
-0.244302 0.0207068 0.277893
-0.125526 0.00834554 0.283471
-0.127845 -3.62525e-08 0.208294
-0.125526 -0.00834538 0.283471
-0.201945 -0.00317539 0.215056
-0.201945 0.00317536 0.215056
-0.293684 -0.00539478 0.150554
-0.308238 8.1276e-09 0.0757031
-0.293684 0.0053948 0.150554
-0.132434 0.00222908 0.143691
-0.138114 -1.37996e-07 0.0655865
-0.132434 -0.00222923 0.143691
-0.222907 -0.00045775 0.0723516
-0.222907 0.000457661 0.0723517
0.00768249 5.21102e-09 0.0141785
-0.00309033 -0.00238072 0.00836801
-0.00952025 2.50404e-09 0.037837
-0.00309034 0.00238072 0.00836801
0 0 0
-0.0145621 -2.82462e-09 0.018584
0.0232854 6.28788e-09 0.0711764
-0.0179289 -0.00338859 0.0678434
-0.0279492 8.97108e-09 0.114439
-0.0179289 0.00338861 0.0678434
-0.0597937 1.24614e-08 0.0755584
0.0137204 -5.20255e-09 0.159063
-0.0401574 -0.00460084 0.160735
-0.0535355 -3.41628e-09 0.209442
-0.0401574 0.00460084 0.160735
-0.0941563 3.54416e-09 0.164002
-0.0214351 -5.63229e-09 0.24913
-0.0703129 -0.00682737 0.258001
-0.0873311 1.15119e-08 0.295176
-0.0703129 0.00682737 0.258001
-0.118658 8.97083e-09 0.259406
-0.081922 -1.29315e-08 0.314884
-0.10781 -0.00926486 0.332398
-0.128005 1.04967e-08 0.343638
-0.10781 0.00926491 0.332398
-0.133216 4.55062e-08 0.332832
-0.1645 -7.15383e-08 0.330946
-0.148733 -0.00980644 0.353379
-0.169754 2.11771e-08 0.322141
-0.148733 0.00980645 0.353379
-0.133773 6.1056e-08 0.350824
-0.24773 1.04691e-09 0.269642
-0.186106 -0.00577746 0.282688
-0.203798 -3.45705e-08 0.210439
-0.186106 0.00577751 0.282688
-0.126154 7.09232e-08 0.276127
-0.296101 -6.57526e-08 0.148961
-0.21389 -0.00131782 0.147852
-0.223778 -4.22037e-08 0.0710935
-0.21389 0.00131765 0.147852
-0.132446 -5.72073e-08 0.141459
-0.00293715 8.91937e-10 0.0141198
-0.0179439 8.26928e-09 0.0720575
-0.039742 -8.75076e-11 0.161396
-0.0694192 -1.32198e-09 0.255177
-0.107032 1.64735e-08 0.32592
-0.149332 -2.84476e-09 0.343991
-0.188168 1.78498e-08 0.275161
-0.21512 -4.38852e-08 0.145792
