FiniteElementSpace
FiniteElementCollection: H1_3D_P1
VDim: 3
Ordering: 1

0 0 0
0.00449591 0.0030026 0.00829229
0.00404181 -6.33733e-05 0.0361342
-0.00573782 -0.00404344 0.0690978
-0.0241044 -0.00860162 0.0978658
-0.0479549 -0.0120841 0.115705
-0.0645217 -0.00688808 0.107726
-0.0677389 -0.00252983 0.0735183
-0.0749989 -0.00464541 0.0170633
0 0 0
0.0044959 -0.00300258 0.0082923
0.00404184 6.33595e-05 0.0361342
-0.00573782 0.00404352 0.0690978
-0.0241043 0.00860164 0.0978657
-0.047955 0.0120841 0.115705
-0.0645218 0.00688821 0.107727
-0.0677382 0.00252942 0.0735183
-0.0750001 0.00464522 0.0170636
0 0 0
-0.0140683 -0.00713841 0.0102744
-0.0318299 -0.00487382 0.0369448
-0.0450311 -0.00206371 0.0706555
-0.0516459 0.000476811 0.102931
-0.0477779 0.00409059 0.121623
-0.0330827 0.00437189 0.10525
-0.0301867 -0.00184086 0.0694707
-0.025484 0.000302511 0.0101328
0 0 0
-0.0140683 0.00713844 0.0102744
-0.0318299 0.00487377 0.0369448
-0.0450311 0.0020637 0.0706554
-0.0516459 -0.000476793 0.102931
-0.0477781 -0.00409054 0.121623
-0.0330827 -0.00437185 0.105249
-0.030187 0.00184064 0.0694705
-0.0254834 -0.000303027 0.0101329
0.00186454 0.00268217 0.000521084
0.00410971 7.36541e-09 0.0114194
0.00186454 -0.00268217 0.000521078
0 0 0
-0.00551345 -0.00624544 0.00247254
-0.0146002 1.34421e-08 0.0142007
-0.00551345 0.00624546 0.00247253
0 0 0
0 0 0
-0.00488322 -0.00192007 0.00899164
-0.00488322 0.00192005 0.00899162
0 0 0
0.0054278 0.00170935 0.0207878
0.00416957 -1.77766e-08 0.0377621
0.00542783 -0.00170935 0.0207878
-0.0232111 -0.0063403 0.0222435
-0.0328188 -3.59264e-08 0.0385079
-0.0232111 0.00634035 0.0222435
-0.0141324 -0.002323 0.0363274
-0.0141324 0.00232302 0.0363273
0.000287686 -0.00199316 0.0526931
-0.00504968 3.06252e-08 0.0685783
0.000287704 0.00199312 0.0526931
-0.0391764 -0.00336889 0.0534318
-0.0455989 -4.4687e-10 0.0699155
-0.0391763 0.00336892 0.0534319
-0.0254254 -0.00293569 0.0699858
-0.0254254 0.00293565 0.0699857
-0.0139261 -0.00625694 0.0844108
-0.02314 1.15335e-08 0.0946447
-0.0139261 0.00625695 0.0844109
-0.0492994 -0.000861075 0.0875732
-0.0520548 1.98758e-08 0.100204
-0.0492994 0.000861182 0.0875732
-0.0378744 -0.00387243 0.100853
-0.0378745 0.00387245 0.100853
-0.0358226 -0.0108032 0.108688
-0.0482602 3.22488e-08 0.109306
-0.0358225 0.010803 0.108688
-0.0513949 0.00216193 0.115073
-0.0485498 3.63792e-08 0.117123
-0.051395 -0.00216181 0.115073
-0.0483565 -0.00362893 0.119288
-0.0483565 0.00362887 0.119288
-0.0583556 -0.0110757 0.116579
-0.0670446 9.05362e-08 0.102521
-0.0583558 0.0110756 0.116579
-0.0408525 0.00536268 0.119288
-0.0338043 6.10821e-08 0.101081
-0.0408526 -0.00536252 0.119288
-0.0499602 -0.000401505 0.10653
-0.0499601 0.000401618 0.10653
-0.0663021 -0.00214696 0.0885263
-0.0683567 -1.44292e-07 0.0728615
-0.0663019 0.00214699 0.0885263
-0.0292156 0.00100035 0.0826416
-0.0302572 -2.16017e-07 0.0681499
-0.0292157 -0.00100006 0.0826415
-0.0488947 -0.00152183 0.0715961
-0.0488947 0.00152197 0.0715959
-0.0706722 -0.00468407 0.0646663
-0.074561 -1.44491e-07 0.0160564
-0.0706721 0.00468398 0.0646664
-0.0286027 -0.00114344 0.0606622
-0.0252564 -3.32279e-07 0.00906021
-0.0286028 0.00114446 0.0606629
-0.0497738 -0.00204429 0.014258
-0.0497728 0.0020443 0.0142589
0.00150315 1.72177e-09 0.00307347
-0.00161507 -0.00151803 0.000967076
-0.00531299 -1.10975e-08 0.0123216
-0.00161507 0.00151803 0.000967091
0 0 0
-0.00544708 1.0979e-08 0.00564938
0.00528867 2.8112e-08 0.0233529
-0.00914157 -0.00215527 0.0212256
-0.0145676 4.6807e-09 0.0378766
-0.00914158 0.00215527 0.0212256
-0.0241506 3.76422e-08 0.0251323
0.000693674 4.37872e-09 0.0532826
-0.0195893 -0.00255712 0.0529987
-0.0253642 -2.29112e-08 0.0693497
-0.0195892 0.00255712 0.0529987
-0.0399823 3.88198e-08 0.0537697
-0.0130089 4.34526e-08 0.0826483
-0.0315899 -0.00341947 0.0862766
-0.0375957 2.61871e-08 0.0979056
-0.0315899 0.00341945 0.0862766
-0.0497108 3.78849e-08 0.0858317
-0.0352017 -1.30003e-07 0.103806
-0.0437666 -0.0040547 0.112473
-0.0489225 -3.67277e-08 0.11412
-0.0437667 0.00405486 0.112473
-0.0519565 -5.8848e-09 0.111382
-0.0600027 -6.55749e-08 0.109741
-0.0505365 -0.00231748 0.118381
-0.0516561 -2.38214e-08 0.102042
-0.0505364 0.00231744 0.118381
-0.0417197 8.42988e-08 0.114477
-0.0682994 1.29411e-07 0.0862246
-0.048476 0.000500827 0.085334
-0.0491912 -2.30943e-08 0.0703993
-0.0484758 -0.000500985 0.085334
-0.0295988 4.78229e-08 0.0800188
-0.0703497 -5.59244e-07 0.0639362
-0.0493163 -0.00273144 0.0632587
-0.0493628 -1.60881e-08 0.0132103
-0.0493159 0.00273121 0.0632593
-0.0284211 5.86808e-07 0.0596503
-0.00175648 -7.19592e-10 0.00385003
-0.0096818 -1.67429e-08 0.0238283
-0.0197906 4.92001e-09 0.0534528
-0.0313349 -3.24204e-08 0.0845184
-0.0437432 3.59678e-08 0.108312
-0.0518538 -5.05522e-08 0.112919
-0.0496931 -1.88862e-07 0.0827708
-0.0489913 2.43911e-07 0.0622955
