FiniteElementSpace
FiniteElementCollection: H1_3D_P1
VDim: 3
Ordering: 1

0 0 0
0.0154811 0.00970074 0.0476031
-0.00405679 -0.00304584 0.210496
-0.0660208 -0.0148654 0.41634
-0.151802 -0.0264335 0.604174
-0.242381 -0.0322457 0.690513
-0.326012 -0.0269023 0.625546
-0.399781 -0.0117491 0.435338
-0.438821 0.0011017 0.203168
0 0 0
0.0154811 -0.00970078 0.0476031
-0.00405681 0.00304579 0.210496
-0.0660208 0.0148653 0.41634
-0.151802 0.0264334 0.604174
-0.242381 0.0322457 0.690513
-0.326012 0.026902 0.625546
-0.399781 0.0117491 0.435338
-0.438821 -0.00110235 0.203168
0 0 0
-0.0806069 -0.0316939 0.0628612
-0.176579 -0.02042 0.220049
-0.25137 -0.00741838 0.423068
-0.281867 0.00833282 0.612391
-0.254167 0.0180903 0.699665
-0.208489 0.0188337 0.624223
-0.191721 0.00833647 0.418564
-0.215391 -0.000393797 0.180654
0 0 0
-0.0806068 0.0316939 0.0628612
-0.176579 0.0204199 0.220049
-0.25137 0.00741849 0.423068
-0.281867 -0.00833263 0.612391
-0.254167 -0.01809 0.699665
-0.208489 -0.0188337 0.624223
-0.191721 -0.00833663 0.418564
-0.215391 0.000393342 0.180653
0.00809457 0.0111822 0.00670046
0.0157693 -1.75421e-08 0.0565663
0.00809458 -0.0111822 0.00670046
0 0 0
-0.0320507 -0.0305884 0.0216192
-0.0814152 -6.61485e-09 0.0741168
-0.0320506 0.0305884 0.0216192
0 0 0
0 0 0
-0.031483 -0.0106592 0.0521336
-0.031483 0.0106592 0.0521336
0 0 0
0.0119249 0.00350372 0.119152
-0.00276871 -2.36858e-08 0.21457
0.0119249 -0.00350378 0.119152
-0.129979 -0.0266292 0.131755
-0.179193 -2.81361e-08 0.22402
-0.129979 0.0266291 0.131755
-0.0900882 -0.0116763 0.213712
-0.0900882 0.0116763 0.213712
-0.0308676 -0.0091313 0.311975
-0.0639895 -4.57784e-08 0.41479
-0.0308676 0.00913124 0.311975
-0.217855 -0.0141277 0.319475
-0.253429 5.87148e-08 0.421059
-0.217856 0.0141277 0.319475
-0.159166 -0.011292 0.420318
-0.159166 0.011292 0.420317
-0.107113 -0.0206627 0.51674
-0.149452 -6.80661e-08 0.595492
-0.107113 0.0206627 0.51674
-0.27388 0.000251124 0.52381
-0.283213 1e-07 0.6045
-0.27388 -0.000250924 0.52381
-0.217595 -0.00823591 0.611229
-0.217595 0.00823594 0.611229
-0.197603 -0.0309275 0.666295
-0.242464 -4.05256e-09 0.677146
-0.197603 0.0309273 0.666295
-0.274005 0.0148634 0.675712
-0.255037 1.72389e-07 0.689072
-0.274005 -0.0148631 0.675712
-0.248657 -0.00544177 0.699368
-0.248657 0.00544194 0.699368
-0.285252 -0.0302472 0.673457
-0.329252 -1.42753e-07 0.613553
-0.285252 0.030247 0.673457
-0.230396 0.0188629 0.67919
-0.209525 1.56054e-08 0.61427
-0.230396 -0.0188627 0.67919
-0.267489 -0.00293478 0.62845
-0.267489 0.00293483 0.62845
-0.364449 -0.021417 0.549468
-0.403928 2.22222e-09 0.429984
-0.364449 0.0214168 0.549468
-0.192713 0.0158016 0.539578
-0.191326 -5.74764e-08 0.412511
-0.192713 -0.0158014 0.539578
-0.296016 -0.0011093 0.428226
-0.296016 0.00110937 0.428226
-0.424504 -0.00268506 0.313781
-0.440657 -3.45317e-07 0.203493
-0.424504 0.00268491 0.313781
-0.202494 0.0017046 0.292732
-0.214289 -2.58196e-07 0.179964
-0.202494 -0.00170522 0.292732
-0.327013 0.000325677 0.192111
-0.327013 -0.000326431 0.19211
0.00769473 -7.45075e-10 0.015639
-0.0103541 -0.00825211 0.00989649
-0.0315158 -8.9435e-09 0.061425
-0.0103541 0.00825211 0.00989649
0 0 0
-0.0306762 -3.12642e-10 0.031025
0.0128753 -2.51213e-08 0.125824
-0.0584894 -0.0112962 0.122933
-0.090691 -1.62527e-08 0.217673
-0.0584894 0.0112962 0.122933
-0.132334 -2.3711e-08 0.13938
-0.0292464 -3.23531e-08 0.313344
-0.124456 -0.0117946 0.315235
-0.159238 8.67037e-09 0.418503
-0.124456 0.0117946 0.315235
-0.220219 9.77067e-09 0.320345
-0.104717 -4.8051e-08 0.511814
-0.191235 -0.00999651 0.522053
-0.217274 1.51384e-08 0.603161
-0.191235 0.00999655 0.522053
-0.275623 1.05303e-07 0.518815
-0.196111 -8.90757e-08 0.654365
-0.236396 -0.00665515 0.674876
-0.24916 7.64314e-08 0.687846
-0.236396 0.00665526 0.674875
-0.274976 1.32078e-07 0.66574
-0.28701 -9.17329e-08 0.660483
-0.258036 -0.00421034 0.680445
-0.269496 2.50536e-09 0.617925
-0.258036 0.00421042 0.680445
-0.231441 1.04835e-07 0.668994
-0.368796 -9.66903e-08 0.539595
-0.278951 -0.00196384 0.547104
-0.297834 -1.33832e-08 0.422534
-0.278951 0.00196374 0.547104
-0.193202 7.25761e-08 0.530394
-0.427257 -1.13191e-07 0.312879
-0.3135 -0.000285317 0.303582
-0.327361 -3.41664e-07 0.191736
-0.3135 0.000284824 0.303582
-0.201456 -3.4636e-07 0.290659
-0.00980426 3.52845e-10 0.0190792
-0.0590896 -1.63787e-08 0.129757
-0.124811 -1.37767e-08 0.316339
-0.19105 1.82155e-08 0.51712
-0.236272 5.1944e-08 0.664343
-0.259353 5.76262e-08 0.669268
-0.281252 -5.46906e-08 0.537952
-0.314337 -1.92621e-07 0.301885
