FiniteElementSpace
FiniteElementCollection: H1_3D_P1
VDim: 3
Ordering: 1

0 0 0
0.00440779 0.00470593 0.00238283
0.00348979 0.0019465 0.0316823
-0.00640847 -0.00141711 0.0755376
-0.0178262 -0.00611876 0.111233
-0.0280242 -0.00989177 0.10811
-0.0386556 -0.0108804 0.107714
-0.0485468 0.0037679 0.0592
-0.038511 0.00906656 0.0560565
0 0 0
0.00440776 -0.00470596 0.00238285
0.00348977 -0.00194656 0.0316823
-0.00640846 0.00141715 0.0755375
-0.0178261 0.00611868 0.111232
-0.0280241 0.00989199 0.108109
-0.0386563 0.0108804 0.107715
-0.0485469 -0.00376763 0.0592007
-0.038513 -0.009067 0.0560561
0 0 0
-0.0247044 -0.0121565 0.0064369
-0.0552235 -0.00676446 0.0298742
-0.0703426 0.0022179 0.067393
-0.0576465 0.00859644 0.103863
-0.0277587 0.00777137 0.10745
0.00342251 0.0107562 0.10233
0.00294354 -0.00676214 0.0574867
-0.00834182 -0.00163366 0.0485209
0 0 0
-0.0247044 0.0121565 0.00643686
-0.0552235 0.00676435 0.0298741
-0.0703425 -0.00221778 0.0673929
-0.0576465 -0.00859641 0.103863
-0.0277588 -0.00777125 0.10745
0.00342201 -0.010756 0.10233
0.00294252 0.00676086 0.0574864
-0.0083418 0.00163246 0.0485221
0.00185199 0.00327591 -0.0025836
0.00354109 3.04669e-09 0.00721406
0.00185195 -0.00327588 -0.00258354
0 0 0
-0.00971766 -0.0107506 0.00216668
-0.0258429 -1.09692e-08 0.0133118
-0.0097177 0.0107506 0.00216671
0 0 0
0 0 0
-0.010105 -0.00354415 0.00374844
-0.010105 0.00354414 0.00374844
0 0 0
0.00540121 0.00379944 0.0138379
0.00311131 -7.53372e-09 0.0339062
0.0054012 -0.00379939 0.0138379
-0.0405242 -0.0104751 0.0154627
-0.0576821 -1.13612e-08 0.0323922
-0.0405243 0.0104751 0.0154627
-0.0266894 -0.00233472 0.0300366
-0.0266894 0.00233476 0.0300366
-0.000866306 0.000186375 0.053098
-0.00599821 3.12961e-08 0.0746535
-0.000866324 -0.000186413 0.053098
-0.0658687 -0.00225337 0.0477084
-0.0720076 4.25804e-08 0.065887
-0.0658686 0.00225345 0.0477084
-0.0393058 0.000616612 0.0715013
-0.0393058 -0.000616659 0.0715013
-0.0122245 -0.0034539 0.0964771
-0.0163981 6.59202e-09 0.106657
-0.0122244 0.00345397 0.0964772
-0.0675842 0.00620057 0.0873941
-0.0577462 1.02291e-09 0.0995404
-0.0675841 -0.00620049 0.0873941
-0.0377261 0.00237698 0.108452
-0.037726 -0.00237697 0.108452
-0.0230179 -0.00856236 0.114719
-0.0277433 -1.08656e-08 0.100158
-0.0230178 0.00856233 0.11472
-0.0429496 0.00846351 0.111153
-0.0282171 5.43286e-08 0.10275
-0.0429497 -0.00846343 0.111153
-0.0273957 -0.000102463 0.108274
-0.0273958 0.000102639 0.108274
-0.0332068 -0.0109254 0.103995
-0.0420451 6.81815e-08 0.0970922
-0.0332074 0.0109256 0.103995
-0.0129819 0.00994461 0.102104
0.00280878 1.55619e-07 0.093827
-0.0129821 -0.00994466 0.102104
-0.0184505 0.000729286 0.10458
-0.0184505 -0.000729127 0.10458
-0.046132 -0.00541921 0.0883957
-0.0505255 4.78171e-08 0.0604789
-0.0461322 0.00541948 0.0883954
0.0103139 0.00178451 0.0847815
0.00449142 -2.28407e-07 0.0570611
0.0103134 -0.00178416 0.0847819
-0.0228959 -0.00149727 0.0579183
-0.0228967 0.00149789 0.0579184
-0.0343342 0.00821428 0.0717602
-0.0378611 -1.89586e-07 0.0608847
-0.0343348 -0.00821556 0.0717602
0.00445723 -0.00494105 0.066357
-0.0070181 -9.96258e-08 0.0525534
0.00445742 0.00494217 0.0663578
-0.0230702 0.00363387 0.053322
-0.0230716 -0.00363465 0.0533218
0.00131533 -1.13723e-08 0.00142315
-0.00336108 -0.00311002 -0.00122584
-0.0109993 -4.14212e-08 0.00923232
-0.00336109 0.00311001 -0.00122584
0 0 0
-0.00963816 -1.21521e-08 0.00746289
0.00471233 -2.49896e-08 0.0176738
-0.0180839 -0.00317761 0.0138689
-0.0281161 -5.78197e-09 0.0322841
-0.0180839 0.00317759 0.0138689
-0.0426315 -4.63175e-09 0.0204751
-0.000913786 -6.81994e-08 0.053739
-0.0343321 -0.00101614 0.0499782
-0.0400537 -3.79463e-08 0.0703165
-0.0343322 0.00101619 0.0499782
-0.0681163 2.1475e-08 0.04803
-0.0112201 -5.3715e-08 0.093872
-0.0404914 0.00206129 0.0924667
-0.0371126 -5.26537e-09 0.104143
-0.0404914 -0.00206134 0.0924666
-0.0684467 4.63884e-08 0.0842559
-0.0217805 3.84883e-08 0.108316
-0.0324942 0.00117665 0.113853
-0.0273428 4.53123e-09 0.10221
-0.0324941 -0.00117661 0.113853
-0.0428252 1.06196e-07 0.10649
-0.0345863 -2.1484e-07 0.0941539
-0.0231796 0.000123193 0.102989
-0.0204795 -2.61495e-07 0.0958131
-0.0231795 -0.000123505 0.102989
-0.0140795 -1.56175e-07 0.0959126
-0.0501834 7.29094e-08 0.0822301
-0.0184204 -0.00104837 0.0857525
-0.023162 -2.7533e-07 0.0578754
-0.0184211 0.00104857 0.0857522
0.0109472 6.70975e-08 0.0782334
-0.0342422 -3.97447e-07 0.0766007
-0.0147416 0.00138758 0.0696917
-0.0220465 3.7673e-07 0.0575668
-0.0147415 -0.00138814 0.0696919
0.00607178 3.0204e-07 0.0698294
-0.00353065 -3.33213e-09 0.00344051
-0.019446 -2.57149e-08 0.0180032
-0.0355434 -1.57804e-09 0.0504439
-0.0405511 -2.33051e-08 0.0896474
-0.0317366 9.26024e-08 0.108509
-0.0243276 1.2964e-07 0.0955536
-0.0201537 2.78463e-07 0.0796003
-0.0138821 -2.16111e-07 0.0734573
