FiniteElementSpace
FiniteElementCollection: H1_2D_P2
VDim: 2
Ordering: 1

-0.14196 -0.631239
-0.163485 -0.940734
-0.178861 -1.28713
-0.188089 -1.65813
-0.191269 -2.04158
0.14196 -0.631239
0.163485 -0.940734
0.178861 -1.28713
0.188089 -1.65813
0.191269 -2.04158
-1.87263e-13 -0.625389
-0.153492 -0.780605
-2.24096e-13 -0.936347
0.153492 -0.780605
-0.171942 -1.11009
-2.54237e-13 -1.2842
0.171942 -1.11009
-0.184242 -1.47032
-2.81026e-13 -1.65666
0.184242 -1.47032
-0.190386 -1.84899
-3.14943e-13 -2.04137
0.190386 -1.84899
-2.07431e-13 -0.775487
-2.4056e-13 -1.10643
-2.66328e-13 -1.46813
-3.03129e-13 -1.84829
-0.147918 -0.704481
-0.076462 -0.776766
-1.97392e-13 -0.698996
-0.0706964 -0.626851
-0.15868 -0.85942
-0.0814589 -0.937443
-2.16522e-13 -0.854667
0.0814589 -0.937443
0.15868 -0.85942
0.076462 -0.776766
0.147918 -0.704481
0.0706964 -0.626851
-0.167905 -1.02435
-0.085687 -1.10735
-2.32584e-13 -1.02033
-0.175593 -1.19774
-0.0891462 -1.28494
-2.47738e-13 -1.19445
0.0891462 -1.28494
0.175593 -1.19774
0.085687 -1.10735
0.167905 -1.02435
-0.181743 -1.37805
-0.0918363 -1.46868
-2.6079e-13 -1.37549
-0.186356 -1.56374
-0.0937581 -1.65703
-2.71879e-13 -1.56191
0.0937581 -1.65703
0.186356 -1.56374
0.0918363 -1.46868
0.181743 -1.37805
-0.189435 -1.75328
-0.0948985 -1.84846
-2.91766e-13 -1.75219
-0.190975 -1.94515
-0.0953364 -2.04143
-3.09903e-13 -1.94474
0.0953364 -2.04143
0.190975 -1.94515
0.0948985 -1.84846
0.189435 -1.75328
-0.0736754 -0.700367
-0.0790566 -0.855856
0.0790566 -0.855856
0.0736754 -0.700367
-0.0836691 -1.02134
-0.0875128 -1.19528
0.0875128 -1.19528
0.0836691 -1.02134
-0.0905876 -1.37613
-0.092893 -1.56237
0.092893 -1.56237
0.0905876 -1.37613
-0.0944289 -1.75246
-0.0951829 -1.94484
0.0951829 -1.94484
0.0944289 -1.75246
