FiniteElementSpace
FiniteElementCollection: H1_2D_P2
VDim: 2
Ordering: 1

0 0
-0.0405937 -0.046998
-0.0804632 -0.172145
-0.114286 -0.370944
-0.14196 -0.631239
0 0
0.0405937 -0.046998
0.0804632 -0.172145
0.114286 -0.370944
0.14196 -0.631239
-0.0175038 -0.0172496
-4.20836e-14 -0.0369737
0.0175038 -0.0172496
0 0
-0.0612317 -0.099675
-9.38384e-14 -0.163374
0.0612317 -0.099675
-0.0981418 -0.26309
-1.45021e-13 -0.363631
0.0981418 -0.26309
-0.128892 -0.494173
-1.87263e-13 -0.625389
0.128892 -0.494173
-1.56522e-14 -0.00464295
-6.80092e-14 -0.0901381
-1.19831e-13 -0.255046
-1.68145e-13 -0.487591
-0.00594957 -0.0079553
-0.00834193 -0.00785239
-4.99827e-15 0.000498084
0 0
-0.0296196 -0.0290353
-0.0200093 -0.0394766
-2.88081e-14 -0.0180311
0.0200093 -0.0394766
0.0296196 -0.0290353
0.00834193 -0.00785239
0.00594957 -0.0079553
0 0
-0.0510513 -0.070784
-0.0303264 -0.0925239
-5.51055e-14 -0.060962
-0.0710457 -0.133503
-0.0399466 -0.165567
-8.0904e-14 -0.124354
0.0399466 -0.165567
0.0710457 -0.133503
0.0303264 -0.0925239
0.0510513 -0.070784
-0.089493 -0.215408
-0.0487866 -0.257057
-1.06858e-13 -0.207
-0.106405 -0.314999
-0.0568588 -0.365459
-1.32387e-13 -0.307321
0.0568588 -0.365459
0.106405 -0.314999
0.0487866 -0.257057
0.089493 -0.215408
-0.12178 -0.430732
-0.064162 -0.489237
-1.57481e-13 -0.423786
-0.135618 -0.561072
-0.0706964 -0.626851
-1.775e-13 -0.554857
0.0706964 -0.626851
0.135618 -0.561072
0.064162 -0.489237
0.12178 -0.430732
-0.00260967 -0.00151649
-0.0145074 -0.0208015
0.0145074 -0.0208015
0.00260967 -0.00151649
-0.0252337 -0.0634172
-0.0352371 -0.126642
0.0352371 -0.126642
0.0252337 -0.0634172
-0.0444623 -0.209102
-0.052919 -0.30924
0.052919 -0.30924
0.0444623 -0.209102
-0.0606066 -0.425522
-0.0675254 -0.55641
0.0675254 -0.55641
0.0606066 -0.425522
