MFEM mesh v1.0

#
# MFEM Geometry Types (see mesh/geom.hpp):
#
# POINT       = 0
# SEGMENT     = 1
# TRIANGLE    = 2
# SQUARE      = 3
# TETRAHEDRON = 4
# CUBE        = 5
# PRISM       = 6
#

dimension
2

elements
16
1 3 0 10 23 13
1 3 10 1 11 23
1 3 23 11 6 12
1 3 13 23 12 5
1 3 1 14 24 11
1 3 14 2 15 24
1 3 24 15 7 16
1 3 11 24 16 6
1 3 2 17 25 15
1 3 17 3 18 25
1 3 25 18 8 19
1 3 15 25 19 7
1 3 3 20 26 18
1 3 20 4 21 26
1 3 26 21 9 22
1 3 18 26 22 8

boundary
20
3 1 0 10
3 1 10 1
3 1 1 14
3 1 14 2
3 1 2 17
3 1 17 3
3 1 3 20
3 1 20 4
3 1 6 12
3 1 12 5
3 1 7 16
3 1 16 6
3 1 8 19
3 1 19 7
3 1 9 22
3 1 22 8
1 1 5 13
1 1 13 0
4 1 4 21
4 1 21 9

vertices
27

nodes
FiniteElementSpace
FiniteElementCollection: H1_2D_P2
VDim: 2
Ordering: 1

0 0
0.959406 -0.046998
1.91954 -0.172145
2.88571 -0.370944
3.85804 -0.631239
0 1
1.04059 0.953002
2.08046 0.827855
3.11429 0.629056
4.14196 0.368761
0.482496 -0.0172496
1 0.463026
0.517504 0.98275
0 0.5
1.43877 -0.099675
2 0.336626
1.56123 0.900325
2.40186 -0.26309
3 0.136369
2.59814 0.73691
3.37111 -0.494173
4 -0.125389
3.62889 0.505827
0.5 0.495357
1.5 0.409862
2.5 0.244954
3.5 0.0124087
0.24405 -0.0079553
0.491658 0.242148
0.25 0.500498
0 0.25
0.72038 -0.0290353
0.979991 0.210523
0.75 0.481969
1.02001 0.710523
0.77962 0.970965
0.508342 0.742148
0.25595 0.992045
0 0.75
1.19895 -0.070784
1.46967 0.157476
1.25 0.439038
1.67895 -0.133503
1.96005 0.0844332
1.75 0.375646
2.03995 0.584433
1.82105 0.866497
1.53033 0.657476
1.30105 0.929216
2.16051 -0.215408
2.45121 -0.00705693
2.25 0.293
2.64359 -0.314999
2.94314 -0.115459
2.75 0.192679
3.05686 0.384541
2.85641 0.685001
2.54879 0.492943
2.33949 0.784592
3.12822 -0.430732
3.43584 -0.239237
3.25 0.0762145
3.61438 -0.561072
3.9293 -0.376851
3.75 -0.0548565
4.0707 0.123149
3.88562 0.438928
3.56416 0.260763
3.37178 0.569268
0.24739 0.248484
0.735493 0.229198
0.764507 0.729198
0.25261 0.748484
1.22477 0.186583
1.71476 0.123358
1.78524 0.623358
1.27523 0.686583
2.20554 0.040898
2.69708 -0.0592402
2.80292 0.44076
2.29446 0.540898
3.18939 -0.175522
3.68247 -0.30641
3.81753 0.19359
3.31061 0.324478
