MFEM mesh v1.0

#
# MFEM Geometry Types (see mesh/geom.hpp):
#
# POINT       = 0
# SEGMENT     = 1
# TRIANGLE    = 2
# SQUARE      = 3
# TETRAHEDRON = 4
# CUBE        = 5
# PRISM       = 6
#

dimension
2

elements
16
2 3 0 11 23 10
2 3 11 1 12 23
2 3 23 12 6 13
2 3 10 23 13 5
2 3 1 14 24 12
2 3 14 2 15 24
2 3 24 15 7 16
2 3 12 24 16 6
2 3 2 17 25 15
2 3 17 3 18 25
2 3 25 18 8 19
2 3 15 25 19 7
2 3 3 20 26 18
2 3 20 4 21 26
2 3 26 21 9 22
2 3 18 26 22 8

boundary
20
3 1 0 11
3 1 11 1
3 1 1 14
3 1 14 2
3 1 2 17
3 1 17 3
3 1 3 20
3 1 20 4
3 1 6 13
3 1 13 5
3 1 7 16
3 1 16 6
3 1 8 19
3 1 19 7
3 1 9 22
3 1 22 8
2 1 4 21
2 1 21 9
5 1 10 0
5 1 5 10

vertices
27

nodes
FiniteElementSpace
FiniteElementCollection: H1_2D_P2
VDim: 2
Ordering: 1

3.85804 -0.631239
4.83651 -0.940734
5.82114 -1.28713
6.81191 -1.65813
7.80873 -2.04158
4.14196 0.368761
5.16349 0.0592659
6.17886 -0.287129
7.18809 -0.658128
8.19127 -1.04158
4 -0.125389
4.34651 -0.780605
5 -0.436347
4.65349 0.219395
5.32806 -1.11009
6 -0.784204
5.67194 -0.110088
6.31576 -1.47032
7 -1.15666
6.68424 -0.470321
7.30961 -1.84899
8 -1.54137
7.69039 -0.848989
4.5 -0.275487
5.5 -0.606432
6.5 -0.968128
7.5 -1.34829
4.10208 -0.704481
4.42354 -0.526766
4.25 -0.198996
3.9293 -0.376851
4.59132 -0.85942
4.91854 -0.687443
4.75 -0.354667
5.08146 -0.187443
4.90868 0.14058
4.57646 -0.0267662
4.39792 0.295519
4.0707 0.123149
5.08209 -1.02435
5.41431 -0.857346
5.25 -0.520332
5.57441 -1.19774
5.91085 -1.03494
5.75 -0.694453
6.08915 -0.534936
5.92559 -0.197744
5.58569 -0.357346
5.41791 -0.024354
6.06826 -1.37805
6.40816 -1.21868
6.25 -0.875493
6.56364 -1.56374
6.90624 -1.40703
6.75 -1.06191
7.09376 -0.907029
6.93636 -0.563743
6.59184 -0.718676
6.43174 -0.378052
7.06056 -1.75328
7.4051 -1.59846
7.25 -1.25219
7.55903 -1.94515
7.90466 -1.79143
7.75 -1.44474
8.09534 -1.29143
7.94097 -0.945148
7.5949 -1.09846
7.43944 -0.753275
4.17632 -0.450367
4.67094 -0.605856
4.82906 -0.105856
4.32368 0.0496326
5.16633 -0.771338
5.66249 -0.945276
5.83751 -0.445276
5.33367 -0.271338
6.15941 -1.12613
6.65711 -1.31237
6.84289 -0.812372
6.34059 -0.626133
7.15557 -1.50246
7.65482 -1.69484
7.84518 -1.19484
7.34443 -1.00246
