FiniteElementSpace
FiniteElementCollection: H1_3D_P1
VDim: 3
Ordering: 1

0 0 0
0.0154811 0.00970075 0.0476031
-0.00405681 -0.00304582 0.210496
-0.0660208 -0.0148653 0.41634
-0.151803 -0.0264335 0.604174
-0.242381 -0.0322458 0.690513
-0.326012 -0.0269022 0.625546
-0.399781 -0.0117491 0.435338
-0.438822 0.0011022 0.203168
0 0 0
0.0154811 -0.00970075 0.0476031
-0.00405681 0.00304582 0.210496
-0.0660208 0.0148653 0.41634
-0.151803 0.0264335 0.604174
-0.242381 0.0322458 0.690513
-0.326012 0.0269022 0.625546
-0.399781 0.0117491 0.435338
-0.438822 -0.0011022 0.203168
0 0 0
-0.0806069 -0.0316939 0.0628612
-0.17658 -0.02042 0.220049
-0.25137 -0.00741842 0.423068
-0.281867 0.00833275 0.612391
-0.254167 0.0180901 0.699665
-0.208489 0.0188338 0.624223
-0.191721 0.00833647 0.418564
-0.215391 -0.000393659 0.180654
0 0 0
-0.0806069 0.0316939 0.0628612
-0.17658 0.02042 0.220049
-0.25137 0.00741842 0.423068
-0.281867 -0.00833275 0.612391
-0.254167 -0.0180901 0.699665
-0.208489 -0.0188338 0.624223
-0.191721 -0.00833647 0.418564
-0.215391 0.000393659 0.180654
0.00809458 0.0111822 0.00670045
0.0157693 1.2074e-17 0.0565663
0.00809458 -0.0111822 0.00670045
0 0 0
-0.0320506 -0.0305884 0.0216192
-0.0814152 1.02755e-17 0.0741168
-0.0320506 0.0305884 0.0216192
0 0 0
0 0 0
-0.031483 -0.0106592 0.0521336
-0.031483 0.0106592 0.0521336
0 0 0
0.0119249 0.00350375 0.119152
-0.00276874 6.04499e-17 0.21457
0.0119249 -0.00350375 0.119152
-0.129979 -0.0266291 0.131755
-0.179193 3.4781e-17 0.22402
-0.129979 0.0266291 0.131755
-0.0900882 -0.0116763 0.213712
-0.0900882 0.0116763 0.213712
-0.0308676 -0.00913127 0.311975
-0.0639896 3.04826e-17 0.41479
-0.0308676 0.00913127 0.311975
-0.217856 -0.0141277 0.319475
-0.253429 5.79969e-17 0.421059
-0.217856 0.0141277 0.319475
-0.159166 -0.011292 0.420317
-0.159166 0.011292 0.420317
-0.107114 -0.0206627 0.51674
-0.149452 -1.06384e-16 0.595492
-0.107114 0.0206627 0.51674
-0.27388 0.000251046 0.52381
-0.283213 1.50128e-17 0.6045
-0.27388 -0.000251046 0.52381
-0.217595 -0.00823593 0.611229
-0.217595 0.00823593 0.611229
-0.197603 -0.0309274 0.666295
-0.242464 8.54431e-18 0.677146
-0.197603 0.0309274 0.666295
-0.274005 0.0148632 0.675712
-0.255038 -4.41505e-17 0.689072
-0.274005 -0.0148632 0.675712
-0.248657 -0.00544188 0.699368
-0.248657 0.00544188 0.699368
-0.285253 -0.0302471 0.673457
-0.329252 4.29962e-18 0.613553
-0.285253 0.0302471 0.673457
-0.230396 0.0188628 0.67919
-0.209525 -2.0052e-17 0.61427
-0.230396 -0.0188628 0.67919
-0.267489 -0.00293473 0.62845
-0.267489 0.00293473 0.62845
-0.364449 -0.0214169 0.549468
-0.403928 -1.17567e-17 0.429984
-0.364449 0.0214169 0.549468
-0.192713 0.0158014 0.539578
-0.191326 3.39896e-20 0.412511
-0.192713 -0.0158014 0.539578
-0.296016 -0.00110937 0.428226
-0.296016 0.00110937 0.428226
-0.424504 -0.00268488 0.313781
-0.440657 1.58404e-17 0.203493
-0.424504 0.00268488 0.313781
-0.202494 0.00170485 0.292732
-0.214289 2.86687e-18 0.179964
-0.202494 -0.00170485 0.292732
-0.327013 0.000326118 0.192111
-0.327013 -0.000326118 0.192111
0.00769473 4.88571e-17 0.015639
-0.0103542 -0.00825212 0.00989648
-0.0315158 -1.38267e-17 0.061425
-0.0103542 0.00825212 0.00989648
0 0 0
-0.0306762 4.13309e-17 0.031025
0.0128753 9.80273e-18 0.125824
-0.0584894 -0.0112962 0.122933
-0.090691 9.36002e-18 0.217673
-0.0584894 0.0112962 0.122933
-0.132334 3.37171e-17 0.13938
-0.0292464 2.92735e-17 0.313344
-0.124456 -0.0117946 0.315235
-0.159238 8.34867e-17 0.418503
-0.124456 0.0117946 0.315235
-0.220219 6.2194e-17 0.320345
-0.104717 -2.93515e-17 0.511815
-0.191235 -0.00999655 0.522053
-0.217274 -7.54009e-17 0.603161
-0.191235 0.00999655 0.522053
-0.275623 2.3808e-17 0.518815
-0.196112 -1.09468e-16 0.654365
-0.236396 -0.00665522 0.674876
-0.24916 -9.42151e-17 0.687846
-0.236396 0.00665522 0.674876
-0.274976 1.02301e-17 0.66574
-0.28701 7.25532e-17 0.660483
-0.258036 -0.0042104 0.680445
-0.269496 8.31252e-17 0.617925
-0.258036 0.0042104 0.680445
-0.231441 -4.86961e-17 0.668994
-0.368796 5.71349e-18 0.539595
-0.278951 -0.00196374 0.547104
-0.297834 6.35075e-17 0.422534
-0.278951 0.00196374 0.547104
-0.193202 -2.06083e-20 0.530394
-0.427257 -2.71604e-17 0.312879
-0.3135 -0.000285053 0.303581
-0.327361 -1.72608e-17 0.191736
-0.3135 0.000285053 0.303581
-0.201456 6.2027e-17 0.290659
-0.00980426 2.12419e-17 0.0190792
-0.0590896 1.57768e-18 0.129757
-0.124811 7.8087e-17 0.316339
-0.19105 -1.8831e-17 0.51712
-0.236272 -2.13355e-17 0.664343
-0.259353 -4.07877e-17 0.669268
-0.281252 -3.19864e-17 0.537952
-0.314337 2.48381e-17 0.301885
