FiniteElementSpace
FiniteElementCollection: H1_3D_P1
VDim: 3
Ordering: 1

0 0 0
0.00440776 0.00470597 0.00238282
0.00348976 0.00194653 0.0316823
-0.00640855 -0.0014171 0.0755376
-0.0178263 -0.00611885 0.111232
-0.0280243 -0.00989182 0.108109
-0.0386562 -0.0108806 0.107714
-0.0485469 0.0037681 0.0592005
-0.0385115 0.0090663 0.0560564
0 0 0
0.00440776 -0.00470597 0.00238282
0.00348976 -0.00194653 0.0316823
-0.00640855 0.0014171 0.0755376
-0.0178263 0.00611885 0.111232
-0.0280243 0.00989182 0.108109
-0.0386562 0.0108806 0.107714
-0.0485469 -0.0037681 0.0592005
-0.0385115 -0.0090663 0.0560564
0 0 0
-0.0247044 -0.0121565 0.00643689
-0.0552235 -0.0067644 0.0298741
-0.0703427 0.00221786 0.067393
-0.0576467 0.00859623 0.103863
-0.0277592 0.00777134 0.10745
0.00342254 0.0107559 0.10233
0.00294304 -0.00676112 0.0574871
-0.00834148 -0.00163358 0.048522
0 0 0
-0.0247044 0.0121565 0.00643689
-0.0552235 0.0067644 0.0298741
-0.0703427 -0.00221786 0.067393
-0.0576467 -0.00859623 0.103863
-0.0277592 -0.00777134 0.10745
0.00342254 -0.0107559 0.10233
0.00294304 0.00676112 0.0574871
-0.00834148 0.00163358 0.048522
0.00185199 0.00327588 -0.00258359
0.00354113 7.14202e-16 0.007214
0.00185199 -0.00327588 -0.00258359
0 0 0
-0.00971766 -0.0107506 0.00216668
-0.0258429 -1.31072e-16 0.0133118
-0.00971766 0.0107506 0.00216668
0 0 0
0 0 0
-0.010105 -0.00354416 0.00374844
-0.010105 0.00354416 0.00374844
0 0 0
0.00540117 0.00379941 0.0138379
0.00311124 7.13157e-16 0.0339061
0.00540117 -0.00379941 0.0138379
-0.0405243 -0.0104752 0.0154627
-0.0576822 -2.90519e-16 0.0323921
-0.0405243 0.0104752 0.0154627
-0.0266895 -0.00233477 0.0300366
-0.0266895 0.00233477 0.0300366
-0.000866329 0.000186383 0.053098
-0.00599827 1.49482e-16 0.0746535
-0.000866329 -0.000186383 0.053098
-0.0658687 -0.00225344 0.0477084
-0.0720075 -3.85399e-16 0.0658871
-0.0658687 0.00225344 0.0477084
-0.0393058 0.000616596 0.0715013
-0.0393058 -0.000616596 0.0715013
-0.0122244 -0.00345395 0.0964771
-0.0163982 -7.53864e-17 0.106656
-0.0122244 0.00345395 0.0964771
-0.0675842 0.00620056 0.0873941
-0.0577461 6.89809e-16 0.0995404
-0.0675842 -0.00620056 0.0873941
-0.037726 0.00237707 0.108452
-0.037726 -0.00237707 0.108452
-0.023018 -0.00856239 0.114719
-0.0277434 1.02105e-16 0.100158
-0.023018 0.00856239 0.114719
-0.0429499 0.00846347 0.111153
-0.0282168 -1.92653e-16 0.10275
-0.0429499 -0.00846347 0.111153
-0.0273957 -0.000102666 0.108274
-0.0273957 0.000102666 0.108274
-0.033207 -0.0109255 0.103995
-0.0420451 -7.28646e-16 0.097092
-0.033207 0.0109255 0.103995
-0.0129818 0.00994455 0.102104
0.00280854 1.87076e-17 0.093827
-0.0129818 -0.00994455 0.102104
-0.0184506 0.000729389 0.10458
-0.0184506 -0.000729389 0.10458
-0.0461321 -0.00541966 0.088396
-0.0505256 -1.09373e-18 0.0604786
-0.0461321 0.00541966 0.088396
0.0103137 0.00178415 0.0847817
0.00449175 3.06765e-16 0.0570605
0.0103137 -0.00178415 0.0847817
-0.022896 -0.00149843 0.0579189
-0.022896 0.00149843 0.0579189
-0.034334 0.00821456 0.0717598
-0.0378623 6.84115e-16 0.0608839
-0.034334 -0.00821456 0.0717598
0.0044578 -0.00494217 0.0663572
-0.00701836 6.51705e-16 0.052553
0.0044578 0.00494217 0.0663572
-0.0230714 0.00363501 0.053322
-0.0230714 -0.00363501 0.053322
0.0013153 6.83073e-16 0.00142316
-0.00336112 -0.00311005 -0.00122584
-0.0109993 1.67753e-17 0.00923233
-0.00336112 0.00311005 -0.00122584
0 0 0
-0.00963817 3.29076e-16 0.0074629
0.00471232 1.98547e-16 0.0176738
-0.0180839 -0.00317759 0.0138689
-0.0281161 -6.93279e-17 0.0322841
-0.0180839 0.00317759 0.0138689
-0.0426315 2.61457e-16 0.020475
-0.000913846 -4.44312e-16 0.053739
-0.0343322 -0.00101618 0.0499782
-0.0400538 1.50968e-16 0.0703166
-0.0343322 0.00101618 0.0499782
-0.0681164 9.74982e-17 0.04803
-0.0112201 -3.91483e-17 0.0938721
-0.0404914 0.00206126 0.0924667
-0.0371126 1.09857e-16 0.104143
-0.0404914 -0.00206126 0.0924667
-0.0684466 2.86806e-16 0.0842559
-0.0217805 4.19824e-16 0.108316
-0.0324941 0.00117671 0.113853
-0.0273428 -1.87278e-16 0.10221
-0.0324941 -0.00117671 0.113853
-0.0428253 -3.12825e-16 0.10649
-0.0345864 3.71318e-16 0.0941541
-0.0231799 0.000123552 0.10299
-0.0204792 4.5538e-16 0.0958132
-0.0231799 -0.000123552 0.10299
-0.0140794 -9.58011e-17 0.095913
-0.0501839 5.91883e-18 0.0822302
-0.0184204 -0.00104837 0.0857521
-0.0231624 -1.51442e-16 0.0578747
-0.0184204 0.00104837 0.0857521
0.0109474 2.39534e-16 0.0782338
-0.0342421 -1.78293e-16 0.0766016
-0.0147421 0.00138838 0.0696915
-0.022047 -7.75971e-16 0.0575663
-0.0147421 -0.00138838 0.0696915
0.00607212 4.17674e-16 0.0698299
-0.00353064 2.56862e-16 0.0034405
-0.019446 1.88534e-16 0.0180032
-0.0355434 3.73907e-16 0.0504439
-0.0405511 -7.14129e-16 0.0896474
-0.0317367 -7.54093e-17 0.108509
-0.0243275 5.90133e-18 0.0955533
-0.0201536 -4.0775e-16 0.0796003
-0.0138821 7.06048e-16 0.0734577
