FiniteElementSpace
FiniteElementCollection: H1_2D_P2
VDim: 1
Ordering: 0

1
11
-4.6626
6.75465
1.37623
19.5071
5.625
10.869
-1.77699
-1.52552
3.88591
3.8322
12.2863
14.9898
1.09072
8.80126
3.26563
5.59512
-1.27541
-4.1893
-0.381709
-0.328426
2.43902
2.41046
6.21116
7.18017
8.17188
10.9562
8.06496
-7.36226
-3.19943
-3.059
-0.226265
-0.0508678
2.59297
2.49174
5.26861
5.2765
9.35623
10.4996
15.6387
17.1769
11.6962
12.9346
-2.70676
1.03319
4.71909
8.13542
-5.73661
-1.68797
1.19696
3.84707
7.75312
13.6096
9.88743
2.12696
4.42774
5.61277
4.40087
5.57133
-0.132351
-1.98553
-1.53117
0.309994
-3.44078
-2.96238
-1.07681
0.327579
1.71902
1.70453
-1.04833
0.351273
0.384121
1.76011
1.73653
3.12915
3.11921
3.55158
3.98824
5.00115
5.4596
7.47396
7.98177
5.92472
6.39505
6.86914
8.15754
6.83607
9.54493
10.9832
9.50489
10.9184
9.42616
8.1048
6.77371
-4.95401
-4.43954
-2.48397
-6.53879
-5.97624
-3.92508
-2.43677
-1.00761
-3.85133
-2.3712
-2.2842
-0.87726
-0.951599
0.429164
0.489451
1.83763
1.7928
-0.781544
0.568022
0.66792
1.97593
1.89766
3.22907
3.18898
3.14206
4.55167
4.55083
3.16099
4.56519
4.55545
5.99786
6.01064
6.48694
6.9752
8.02024
8.54632
10.7744
11.3812
9.08675
9.64005
12.0032
12.6391
10.2048
13.9039
14.6089
17.5025
18.3234
15.3302
16.0662
13.2874
8.49717
9.0187
10.7795
13.9465
11.3627
11.953
4.41643
4.38034
-0.828559
-2.24188
1.01507
-0.359656
1.05739
2.42324
2.83685
4.27254
6.6921
5.1704
6.85591
9.52939
9.47072
6.80891
-3.69437
-5.1996
-1.74013
-3.13994
-1.61744
-0.284978
1.13623
-0.149242
1.27594
2.53477
3.83816
2.46084
3.86197
5.2711
5.73881
7.24695
9.92049
8.2717
11.0919
12.9401
16.3995
14.2933
7.67391
9.34032
12.3109
10.4411
5.02124
5.61952
5.00948
4.42257
5.60467
4.99289
4.40922
5.58404
4.97074
4.39127
0.434493
-0.47976
-0.25765
0.655103
-0.701874
-1.62919
-1.40407
-2.34465
-2.11503
-1.17896
-0.953843
-0.0355398
-1.88541
-1.65578
-0.728727
-3.07207
-2.83643
-3.81313
-3.56998
-2.6008
-2.36516
-1.42616
0.662763
1.35945
1.35217
-0.0265173
0.671188
0.680756
1.37551
1.3671
2.06393
2.05723
-0.717365
-0.0159649
-1.41148
-0.703706
-0.687369
0.0112527
-0.00350171
0.691848
0.704846
1.39612
1.38506
0.0286787
0.720129
0.738077
1.42433
1.40909
2.09827
2.0878
2.07101
2.76996
2.7644
2.07884
2.78258
2.7759
3.47895
3.47509
2.26904
2.48139
1.56275
2.97845
3.19353
4.13131
4.35255
3.40943
3.62599
2.6941
3.69239
3.91119
4.41227
4.6358
5.60029
5.83391
4.86112
5.08805
6.06943
6.30669
5.31641
6.83523
7.08113
8.12881
8.38919
7.32905
7.57882
6.54548
4.57474
4.7977
3.84302
5.54601
6.78564
5.77668
6.00823
6.24048
6.8633
6.22776
7.51245
8.16563
7.49868
8.14749
7.47771
6.84686
6.20903
8.84888
9.53823
8.83395
10.2615
10.9928
10.2453
10.971
10.2196
9.5183
8.81066
9.48906
8.77827
8.12122
10.9387
10.1836
10.8952
10.1366
9.44979
8.73609
8.08608
6.82345
6.18356
7.44883
7.41132
6.79236
-3.32683
-3.08368
-2.12953
-4.56953
-4.31736
-5.34297
-5.08029
-4.0652
-3.81304
-2.84053
-4.8176
-4.55492
-3.56088
-6.13515
-5.86044
-6.94776
-6.65953
-5.58574
-5.31104
-4.29225
-2.11055
-1.39373
-2.81628
-2.08774
-2.06073
-1.34753
-1.37255
-0.667976
-3.53037
-2.78743
-4.25451
-3.4945
-3.45289
-2.71442
-2.75361
-2.02912
-1.99253
-1.28451
-1.31832
-2.6695
-1.9506
-1.90293
-1.20163
-1.24574
-0.552211
-0.587641
-0.645143
0.0491561
-0.618492
0.10079
0.0730662
0.759072
0.783495
1.46318
1.44224
0.132708
0.811725
0.844142
1.51572
1.48755
2.1629
2.14257
-0.511818
0.1692
-1.15178
-0.466086
-0.414632
0.257428
0.210647
0.881128
0.923062
1.58498
1.54807
0.309924
0.970325
1.0233
1.67401
1.62684
2.28217
2.2459
2.18665
2.85963
2.84049
2.21419
2.90853
2.88219
3.55479
3.53739
3.48318
4.19232
4.19072
2.79038
3.48814
3.49423
4.19695
4.19426
4.91145
4.9127
2.11064
2.7997
2.12528
2.82437
2.8109
3.50182
3.51129
4.20604
4.20075
3.52302
4.22264
4.21321
4.91377
4.91134
4.91056
5.63778
5.64243
4.9104
5.6299
5.63348
6.37271
6.38132
5.1395
5.36876
5.87549
6.11148
7.11233
7.36233
6.35022
6.59153
6.62164
6.86537
7.37937
7.63184
8.6787
8.9491
7.88802
8.14772
9.22333
9.50119
8.41077
10.0543
10.3448
11.5179
11.8307
10.6393
10.9375
9.78252
7.6152
7.87076
8.67698
10.0671
8.94616
9.21815
10.3548
10.6454
9.49276
11.2393
11.5445
12.7928
13.1208
11.8529
12.1643
10.9388
12.1476
12.4684
13.0812
13.4185
14.7559
15.1199
13.76
14.1055
15.4883
15.8607
14.4549
16.5537
16.9467
18.4865
18.9105
17.344
17.7456
16.2371
13.4521
13.7865
12.4786
14.8078
16.6172
15.1642
15.5238
14.1239
7.02697
7.2693
7.83024
8.08314
9.18241
9.45024
8.33733
8.59264
8.6517
8.91617
9.76979
11.2347
10.0491
10.3305
11.5329
11.8334
10.6137
12.7955
14.4641
13.115
13.4367
12.1358
9.71949
9.98996
10.8987
12.4401
11.1851
11.473
5.01592
5.00184
4.98256
0.0888228
-1.05198
-1.75835
-0.605134
-1.30399
-2.47432
-3.20158
-2.00943
1.00735
0.318213
1.02356
1.71158
-0.371639
-1.06391
-0.345378
0.338472
1.04434
0.366363
1.07273
1.74737
2.41667
1.72721
2.43057
3.124
1.91559
2.62327
3.76946
3.05103
3.33477
4.0515
5.22945
4.49513
5.69141
6.45065
7.72682
6.93533
4.20772
4.94424
6.15932
5.39738
6.23483
7.50642
7.48914
6.21919
8.84242
10.2545
10.2337
8.82339
8.79565
10.2029
10.1615
8.75845
6.19718
7.4643
7.4312
-2.72317
-3.94183
-4.69678
-3.4469
-4.18231
-5.4681
-6.25752
-4.9311
-1.76029
-2.46248
-1.71615
-1.02969
-3.17218
-3.89108
-3.10234
-2.40647
-1.65519
-2.33057
-1.57435
-0.916911
-0.30842
-0.981705
-0.257719
0.404928
1.11177
0.457213
1.1645
1.8135
-0.190232
-0.832264
-0.102914
0.526261
1.23398
0.615115
1.32323
1.93432
2.51155
1.86556
2.56179
3.20732
3.835
3.13504
3.84205
4.55107
2.44898
1.77512
2.47497
3.15058
3.85358
3.17366
3.87262
4.55938
5.27363
4.553
5.2693
6.00408
4.77488
5.50631
6.72967
5.97382
6.24721
6.99897
8.2814
7.49839
8.81483
9.63642
11.0758
10.2083
7.22336
8.01095
9.36188
8.5352
9.92107
10.7942
12.3196
11.3927
11.6904
12.6112
14.2543
13.2729
14.9676
16.0169
17.9107
16.7862
12.9618
13.9497
15.6964
14.6401
6.63172
7.42642
8.75726
7.92246
8.23861
9.06969
10.491
9.61296
11.0701
12.0024
13.6156
12.6218
9.28132
10.1636
11.657
10.72
4.7233
5.01872
4.71806
4.42527
5.32174
5.62241
5.31635
5.61631
5.30976
5.01285
4.71177
4.41962
5.00582
4.70434
4.41296
5.6089
5.30189
5.60008
5.29264
4.99753
4.69569
4.40519
4.9879
4.68573
4.39623
5.58978
5.28193
5.57789
5.26967
4.97684
4.67436
4.38598
0.717334
0.261746
0.372168
0.827566
0.151327
-0.305894
-0.195097
-0.653973
-0.542612
-0.0843
0.0264969
0.482589
-0.416689
-0.876694
-0.765333
-0.988053
-1.45199
-1.33988
-1.80703
-1.69398
-1.22777
-1.11566
-1.58093
-1.46788
-1.00355
-2.16473
-2.05056
-2.52532
-2.40983
-1.93638
-1.8222
-1.35482
-0.431252
-0.319892
0.137294
-0.891434
-1.24177
-0.779322
-0.66721
-0.208531
-1.12872
-1.01567
-0.555098
-1.70802
-1.59384
-2.06335
-1.94785
-1.47966
-1.36549
-0.90262
-2.29433
-2.17884
-2.889
-2.772
-3.25599
-3.1373
-2.65501
-2.53801
-3.01861
-2.89993
-2.42102
-3.62649
-3.50592
-4.00072
-3.87809
-3.38536
-3.26479
-2.78124
-1.83236
-1.71687
-1.25131
-2.30402
-2.66255
-2.18703
-2.07003
-1.60138
0.831254
1.17972
1.17608
0.486447
0.835038
0.838965
1.18719
1.1834
1.53189
1.52832
0.141445
0.490497
-0.203965
0.145884
0.150657
0.499362
0.494786
0.843083
0.847438
1.19523
1.19111
0.504271
0.85208
0.857054
1.20421
1.19958
1.5471
1.54306
1.5355
1.88425
1.88082
1.53921
1.89129
1.88772
2.23698
2.23377
-0.549995
-0.199016
-0.896858
-0.544413
-0.538305
-0.187779
-0.193636
0.155812
-1.24476
-0.89052
-1.59393
-1.23755
-1.22962
-0.875932
-0.883561
-0.531623
-0.524319
-0.174439
-0.181395
-0.867585
-0.516346
-0.507657
-0.158616
-0.166862
0.181207
0.174047
0.161397
0.509562
0.16746
0.521478
0.515282
0.86241
0.868194
1.21453
1.20918
0.528199
0.874453
0.881236
1.22656
1.22031
1.5661
1.56083
0.188987
0.535491
-0.149655
0.197434
0.206597
0.551981
0.543403
0.88859
0.896562
1.24068
1.23333
0.561274
0.905201
0.914553
1.25727
1.24864
1.59194
1.58467
1.5718
1.9173
1.91218
1.57798
1.92888
1.92285
2.26831
2.2634
2.24024
2.59026
2.58733
1.89499
2.24359
2.24708
2.5963
2.59323
2.94426
2.94168
1.55138
1.89889
1.55594
1.90743
1.90302
2.25076
2.25468
2.6029
2.59951
2.25887
2.61043
2.60653
2.95547
2.95244
2.94688
3.29916
3.29701
2.94959
3.30364
3.30135
3.65513
3.65348
1.63368
1.7391
1.28128
1.98646
2.09223
2.55244
2.65898
2.1981
2.30405
1.84457
2.33981
2.44605
2.69391
2.80073
3.26428
3.37237
2.90778
3.01503
3.48069
3.58923
3.12246
3.84053
3.95015
4.4241
4.53553
4.06002
4.17012
3.69797
2.76564
2.87239
2.41006
3.23004
3.80687
3.33776
3.44558
2.97922
3.04892
3.15646
3.40503
3.51341
3.98151
4.09164
3.62213
3.73118
3.7624
3.87175
4.12123
4.23167
4.70552
4.8182
4.34258
4.45392
4.93136
5.04498
4.56569
5.29934
5.41454
5.90417
6.02216
5.53023
5.6464
5.15903
4.20213
4.31296
4.67785
5.27349
4.79038
4.90326
5.38833
5.50354
5.01647
5.763
5.88004
6.37907
6.49895
5.99747
6.11528
5.6191
6.14065
6.25963
6.52145
6.64251
7.15267
7.27706
6.76408
6.88615
7.40198
7.52742
7.0087
7.79928
7.92728
8.46274
8.59463
8.05583
8.18491
7.65335
6.61925
6.73993
6.23345
7.1317
7.77974
7.25513
7.37897
6.86099
3.91592
4.02509
3.5535
4.28044
4.39093
4.87133
4.98369
4.50159
4.61238
4.13437
4.64723
4.75917
5.12998
5.73497
5.24378
5.35783
5.85113
5.96757
5.47212
6.35195
6.9824
6.47076
6.58986
6.08426
5.09623
5.20892
5.58662
6.20118
5.70131
5.81618
5.93118
6.23782
5.92562
6.55307
6.86641
6.54733
6.85981
6.5401
6.23148
5.91871
7.18887
7.50964
7.18294
7.84006
8.16898
7.83392
8.16182
7.826
7.50277
7.17537
7.49414
7.16608
6.85159
8.15276
7.81621
8.14172
7.80446
7.48366
7.15497
6.84168
6.22367
5.91038
6.53129
6.52081
6.21431
5.90052
8.50809
8.84589
8.50174
9.19443
9.54184
9.18785
9.53408
9.1792
8.83844
8.49346
9.90054
10.2583
9.89373
10.6279
10.9967
10.6208
10.9883
10.6114
10.2502
9.88469
10.2398
9.87334
9.52413
10.9774
10.5995
10.9639
10.5851
10.227
9.85959
9.51189
8.82894
8.48316
9.16838
9.15531
8.8173
8.47075
8.80344
8.45615
8.12859
9.49729
9.13989
9.48021
9.12204
8.78726
8.43926
8.11329
10.2116
9.84335
10.9478
10.568
10.9289
10.5482
10.1936
9.82452
10.1729
9.80302
9.46058
10.9072
10.5255
10.8825
10.5
10.1495
9.77876
9.43831
8.76868
8.41999
8.09573
9.10166
9.07866
8.74759
8.39825
8.07583
6.20332
5.88906
6.82999
6.50858
6.81642
6.4945
6.1906
5.8759
7.47126
7.14196
7.79066
7.77472
7.45683
7.12695
7.44029
7.10987
6.80089
7.75654
7.73605
7.42155
7.0906
6.7833
-2.54387
-2.42518
-1.95303
-3.14423
-3.02367
-3.5102
-3.38757
-2.9031
-2.78254
-2.3065
-3.75546
-3.63283
-4.3789
-4.25401
-4.76122
-4.6339
-4.12913
-4.00424
-4.50657
-4.37924
-3.87936
-5.14792
-5.01796
-5.53919
-5.40642
-4.88801
-4.75805
-4.25192
-3.26494
-3.14231
-2.66197
-3.75447
-4.12459
-3.62959
-3.50471
-3.01968
-3.99727
-3.86994
-3.37982
-4.62809
-4.49814
-5.0081
-4.87532
-4.36818
-4.23823
-3.74262
-5.27364
-5.14087
-5.93525
-5.79947
-6.33632
-6.19735
-5.6637
-5.52792
-6.05838
-5.9194
-5.39214
-6.7426
-6.60025
-7.1543
-7.00838
-6.45789
-6.31554
-5.78043
-4.74255
-4.60978
-4.10828
-5.25636
-5.64146
-5.12058
-4.98481
-4.47701
-1.94456
-1.58571
-2.29687
-1.93522
-1.92498
-1.5668
-1.57669
-1.22092
-2.65108
-2.28629
-3.00739
-2.63913
-2.62608
-2.26207
-2.27471
-1.91378
-1.90157
-1.54424
-1.556
-2.24833
-1.88831
-1.87395
-1.51767
-1.53148
-1.17752
-1.18976
-1.21141
-0.858474
-1.20104
-0.837768
-0.848551
-0.498204
-3.36602
-2.99395
-3.72718
-3.35097
-3.33463
-2.96344
-2.97932
-2.61189
-4.09108
-3.7104
-4.45793
-4.07244
-4.05232
-3.67262
-3.69222
-3.31695
-3.29788
-2.92776
-2.94627
-3.65153
-3.27737
-3.25538
-2.88653
-2.90786
-2.54265
-2.56192
-2.59649
-2.23344
-2.57985
-2.20003
-2.21735
-1.85844
-1.84173
-1.48671
-1.50276
-2.18141
-1.82379
-1.80455
-1.45096
-1.46945
-1.11807
-1.1346
-2.522
-2.16145
-2.86371
-2.49991
-2.47633
-2.11733
-2.14011
-1.78398
-1.76202
-1.41006
-1.43118
-2.09307
-1.73863
-1.71376
-1.36362
-1.38755
-1.03952
-1.06111
-1.10034
-0.752345
-0.769287
-1.08137
-0.714834
-0.73421
-0.389363
-0.406641
-0.487939
-0.139931
-0.826077
-0.476815
-0.464784
-0.118001
-0.129395
0.216521
-1.16428
-0.813431
-1.14999
-0.785083
-0.799782
-0.451799
-0.437812
-0.0924478
-0.105701
-0.422775
-0.0628893
-0.078193
0.264799
0.251347
0.227256
0.571328
0.238849
0.593913
0.582192
0.924666
0.935589
1.27671
1.26661
0.60654
0.947368
0.960051
1.29939
1.28762
1.62764
1.61763
0.279251
0.620118
-0.0464887
0.294751
0.311347
0.650322
0.634696
0.973686
0.988319
1.32568
1.31206
0.667042
1.004
1.02077
1.35596
1.34029
1.67627
1.66274
1.63847
1.97764
1.96777
1.65015
1.99983
1.98831
2.32686
2.31722
-0.370892
-0.0289443
-0.69417
-0.351181
-0.330183
0.00976631
-0.0102085
0.329086
-1.01654
-0.672171
-1.3382
-0.992126
-0.966236
-0.623975
-0.648788
-0.30785
-0.284135
0.0536229
0.0310276
-0.597683
-0.25899
-0.232367
0.103006
0.0775998
0.412424
0.389637
0.348016
0.684905
0.368184
0.724248
0.703958
1.03869
1.05779
1.39061
1.37271
0.745823
1.07813
1.09976
1.43002
1.4097
1.74085
1.72304
0.436592
0.768731
0.129889
0.462188
0.489261
0.818734
0.793019
1.12272
1.14706
1.47456
1.45163
0.845925
1.17282
1.20006
1.52462
1.49888
1.82444
1.8016
1.75985
2.08959
2.07194
1.78008
2.12849
2.10842
2.43699
2.41957
2.33731
2.6755
2.66616
2.01226
2.34861
2.36081
2.69666
2.68565
3.02373
3.01475
1.6908
2.02564
1.70638
2.05543
2.04001
2.37396
2.3881
2.72141
2.70856
2.40329
2.75014
2.73526
3.06817
3.05568
3.03351
3.37173
3.36318
3.04415
3.39127
3.38107
3.71966
3.71163
3.65683
4.01236
4.01127
3.30606
3.65862
3.66054
4.01471
4.01349
4.37101
4.37056
2.95874
3.30866
2.61467
2.96229
2.96617
3.31463
3.3115
3.66265
3.66499
4.0176
4.01606
3.31807
3.66761
3.67055
4.02142
4.01937
4.37369
4.37279
4.3715
4.73127
4.73153
4.37208
4.73092
4.73105
5.09331
5.09435
2.27364
2.61929
1.93542
2.27944
2.28577
2.62984
2.62433
2.97043
1.59982
1.94254
1.60837
1.95866
1.95027
2.29266
2.30017
2.64248
2.63588
2.30834
2.65757
2.64969
2.99217
2.98593
2.97511
3.3219
2.98026
3.33086
3.32615
3.67388
3.67762
4.02654
4.02379
3.3361
3.68184
3.68657
4.03335
4.02971
4.38006
4.37796
2.99902
3.3419
3.00653
3.3554
3.34832
3.69187
3.69778
4.04223
4.03751
3.70435
4.05356
4.04756
4.39317
4.3891
4.38259
4.73462
4.73323
4.38559
4.73871
4.73643
5.0904
5.08979
5.09231
5.4573
5.45919
4.73092
5.09139
5.09061
5.45368
5.45545
5.82343
5.82624
4.37482
4.73111
4.37623
4.73221
4.73152
5.09002
5.08965
5.4506
5.45205
5.08956
5.44843
5.44938
5.81303
5.81541
5.82065
6.19186
6.19566
5.81796
6.18441
6.18809
6.56278
6.56765
4.48168
4.59334
4.84393
4.95693
5.43774
5.55347
5.07051
5.18466
5.20815
5.32262
5.57453
5.69059
6.17956
6.29885
5.80736
5.92481
6.41885
6.53955
6.04291
6.7978
6.92058
7.43071
7.55726
7.0441
7.16832
6.66092
5.6698
5.78671
6.16165
6.78294
6.28101
6.40095
5.94323
6.06102
6.31445
6.43407
6.93241
7.05575
6.55452
6.67577
6.68834
6.80993
7.06509
7.18878
7.6977
7.82559
7.31341
7.43897
7.95444
8.08423
7.56542
8.34718
8.47955
9.01499
9.15211
8.61289
8.74718
8.21493
7.17993
7.30492
7.69275
8.34651
7.82092
7.94993
8.47896
8.61226
8.07974
8.8824
9.01852
9.5693
9.71023
9.15552
9.29337
8.74637
9.29022
9.42929
9.70261
9.84475
10.4115
10.5589
9.9879
10.132
10.7074
10.8568
10.2771
11.1431
11.2961
11.8989
12.0578
11.4502
11.6052
11.0073
9.85205
9.99474
9.43207
10.4231
11.1586
10.57
10.7178
10.1383
6.90559
7.02884
7.29323
7.4188
7.9413
8.0707
7.54502
7.67185
7.68456
7.81258
8.21034
8.88129
8.34169
8.47379
9.01698
9.15342
8.6066
9.57157
10.2827
9.71187
9.85293
9.29059
8.20076
8.33145
8.7401
9.42846
8.87427
9.00909
9.56702
9.70625
9.14453
9.99473
10.1373
10.7205
10.8679
10.2805
10.4244
9.84611
10.4278
10.5738
10.8665
11.016
11.6182
11.7731
11.1663
11.3175
11.9288
12.0854
11.4694
12.3947
12.5554
13.1977
13.3643
12.7168
12.8791
12.2428
11.0161
11.165
10.5689
11.622
12.4009
11.7754
11.9295
11.3145
11.3109
11.4641
11.7612
11.9182
12.5405
12.7034
12.0762
12.235
12.2177
12.3786
12.6804
12.8453
13.4889
13.6603
13.0114
13.1785
13.8328
14.0063
13.3465
14.3261
14.5042
15.1934
15.3783
14.6833
14.8635
14.1808
12.8673
13.032
13.5156
14.3563
13.6857
13.8566
14.5328
14.7103
14.0285
15.0447
15.227
15.9398
16.129
15.4102
15.5944
14.8887
15.5644
15.7516
16.0921
16.2843
17.0238
17.2235
16.4776
16.672
17.4243
17.6263
16.8675
17.99
18.1975
18.9921
19.2076
18.406
18.6158
17.8293
16.3193
16.5106
15.7796
17.064
18.0333
17.2616
17.4601
16.7028
12.5597
12.7193
12.0842
13.0422
13.206
13.8691
14.039
13.3707
13.536
12.8796
13.5317
13.7
14.2014
15.068
14.375
14.5496
15.2482
15.4293
14.7249
15.9657
16.8959
16.1527
16.3406
15.6112
14.2096
14.381
13.7021
14.9011
15.7939
15.0781
15.2558
14.5531
6.3183
6.43561
6.70922
6.82883
7.34847
7.47104
6.94865
7.06868
7.10413
7.22616
7.50319
7.62777
8.16151
8.28954
7.7527
7.87794
8.41793
8.54665
8.00347
8.83741
8.96917
9.53236
9.66812
9.1013
9.23378
8.67568
7.59384
7.71686
8.12927
8.805
8.25533
8.38161
7.90658
8.03384
8.31449
8.44455
8.99358
9.12759
8.57507
8.70603
8.72708
8.86007
9.28058
9.98659
9.4172
9.55438
10.1277
10.2693
9.69209
10.7141
11.4646
10.8599
11.0063
10.4115
9.26207
9.397
9.83032
10.5542
9.96903
10.1082
10.6974
10.8411
10.2478
11.1532
11.3007
11.9188
12.0713
11.4487
11.5972
10.9853
11.6154
11.7668
12.2396
13.0405
12.3957
12.5524
13.2021
13.3644
12.7096
13.8688
14.726
14.0362
14.2043
13.5272
12.2243
12.3779
11.7461
12.8674
13.6906
13.0258
13.1847
12.5319
8.93458
9.06439
9.36658
9.49968
10.0776
10.2148
9.63305
9.76668
9.80427
9.94077
10.3879
11.1298
10.5283
10.6691
11.2748
11.4202
10.8103
11.8956
12.6864
12.0454
12.1956
11.566
10.3522
10.4899
10.9517
11.7121
11.0935
11.2356
4.7208
5.31919
5.31321
4.71505
4.7082
5.30599
5.29744
4.70018
4.69088
5.28747
5.276
4.68023
0.5448
-0.0217626
-0.368705
0.199409
-0.590815
-1.1637
-1.51663
-0.940272
-1.29152
-1.87194
-2.22984
-1.64476
-0.146594
-0.716847
-1.0664
-0.493422
-0.841285
-1.41758
-1.77059
-1.1904
-2.00022
-2.59054
-2.95425
-2.3581
-2.71861
-3.32118
-3.69155
-3.08198
-1.54097
-2.12566
-2.48298
-1.89321
1.00365
0.658862
1.01114
1.35579
0.313984
-0.0311958
0.322729
0.666856
1.0192
0.675805
1.02821
1.37119
1.70803
1.3632
1.71523
2.06056
-0.376889
-0.723309
-0.36591
-0.0214561
-1.07067
-1.41918
-1.05648
-0.710846
-0.352827
-0.695896
-0.33726
0.0035653
0.332811
-0.00999591
0.344611
0.686088
1.03855
0.698085
1.0506
1.39038
0.358508
0.0196079
0.374885
0.712178
1.06475
0.728746
1.08137
1.4164
1.74174
1.40234
1.75348
2.09282
2.41354
2.0674
2.41988
2.76716
1.723
1.38012
1.73171
2.0748
2.42679
2.08315
2.43463
2.77912
3.12159
2.77286
3.12651
3.477
1.45744
1.81001
2.37516
2.02125
2.16306
2.51676
3.08587
2.72998
3.30139
3.6604
4.2418
3.87875
2.58771
2.94388
3.51764
3.15829
2.87129
3.22682
3.80162
3.44303
3.58354
3.94162
4.5238
4.16182
4.74825
5.11506
5.71685
5.3443
4.0211
4.38365
4.9744
4.60695
5.20206
5.57531
6.18786
5.80789
5.95144
6.33065
6.95792
6.57114
7.20485
7.60012
8.25872
7.85405
6.4259
6.8135
7.45372
7.05756
3.73446
4.0979
4.68613
4.31767
4.46354
4.83153
5.43106
5.0572
5.66122
6.04187
6.6654
6.27706
4.90941
5.2838
5.89235
5.51112
5.92856
6.55038
6.5439
5.92234
7.18611
7.83721
7.83019
7.17937
7.17095
7.82135
7.81059
7.16076
5.91473
6.53589
6.52626
5.90565
8.50515
9.19139
9.18379
8.49784
9.89741
10.6247
10.6164
9.88949
9.87931
10.6058
10.5926
9.86677
8.48857
9.17407
9.16213
8.47723
8.46373
9.1479
9.13127
8.44799
9.85179
10.5769
10.5584
9.83426
9.81411
10.5372
10.5131
9.79124
8.42992
9.11217
9.09049
8.40943
5.895
6.51492
6.50178
5.8827
7.14871
7.79782
7.78296
7.13471
7.11868
7.76592
7.74659
7.10051
-2.24734
-2.84277
-3.20525
-2.60357
-3.4484
-4.06557
-4.44345
-3.8181
-4.19128
-4.82539
-5.21163
-4.56816
-2.96211
-3.57063
-3.93912
-3.32316
-3.68696
-4.31092
-4.68626
-4.05369
-4.94894
-5.60236
-5.9978
-5.33385
-5.72309
-6.39815
-6.80365
-6.11688
-4.42358
-5.06535
-5.44839
-4.79685
-1.76905
-2.12049
-1.75067
-1.40301
-2.47373
-2.82896
-2.45018
-2.09965
-1.72865
-2.07479
-1.70261
-1.36054
-1.03941
-1.38359
-1.0191
-0.678078
-3.1864
-3.54627
-3.1567
-2.80246
-3.90877
-4.27412
-3.87194
-3.51313
-3.12183
-3.47443
-3.08141
-2.73471
-2.42222
-2.77117
-2.38948
-2.04552
-1.67217
-2.01147
-1.63696
-1.30201
-2.35158
-2.6927
-2.30812
-1.97226
-1.59659
-1.92751
-1.55067
-1.22438
-0.934852
-1.26577
-0.89773
-0.570522
-0.318828
-0.657013
-0.297152
0.038512
-0.995157
-1.33347
-0.967201
-0.632319
-0.271849
-0.603615
-0.24254
0.0864275
0.394119
0.0606583
0.416594
0.74817
1.10084
0.770831
1.12355
1.45231
0.442688
0.116201
0.472784
0.79711
1.14987
0.827386
1.18018
1.50114
1.80275
1.47492
1.82512
2.15233
-0.208844
-0.532658
-0.17038
0.150358
-0.855454
-1.17744
-0.807643
-0.489643
-0.126769
-0.441098
-0.0776293
0.233347
0.507261
0.18928
0.546499
0.86204
1.21487
0.901452
1.25432
1.56593
0.590878
0.282938
0.64078
0.946003
1.2989
0.996073
1.34899
1.64974
1.9154
1.60527
1.95448
2.26344
2.50125
2.17432
2.52271
2.84966
1.8511
1.53135
1.88106
2.19992
2.54778
2.2295
2.57683
2.89486
3.19775
2.87046
3.21774
3.54569
3.83358
3.481
3.83651
4.1915
3.13198
2.78632
3.13839
3.48555
3.83999
3.49102
3.8444
4.19549
4.55093
4.19322
4.55131
4.91206
2.44379
2.10419
2.45465
2.79483
1.76731
1.43293
1.7836
2.11765
2.4676
2.13357
2.483
2.81733
3.14611
2.80504
3.15553
3.49781
3.85011
3.50629
3.85752
4.20318
3.16702
2.83207
3.18096
3.51685
3.86699
3.52985
3.87891
4.21762
4.5572
4.20937
4.56203
4.91235
5.27505
4.91094
5.2723
5.64009
4.55222
4.19868
4.55406
4.91036
5.27009
4.91071
5.26879
5.63158
6.00734
5.63556
6.00091
6.377
4.30124
4.66257
5.25384
4.88775
5.02578
5.39106
5.99313
5.62224
6.23052
6.60794
7.23696
6.85209
5.48425
5.85601
6.47057
6.09221
5.75858
6.12852
6.74309
6.36669
6.50105
6.87634
7.50513
7.12251
7.75948
8.15033
8.81341
8.4134
6.98846
7.37224
8.01744
7.62535
8.27884
8.68014
9.36182
8.95038
9.08575
9.49583
10.1991
9.77799
10.4916
10.9246
11.6738
11.228
9.64144
10.0639
10.7879
10.3535
6.71309
7.09896
7.74266
7.34836
7.48842
7.88166
8.54349
8.14097
8.81121
9.22392
9.92442
9.5006
7.99948
8.40312
9.08182
8.66792
9.35514
9.78022
10.4998
10.0626
10.2106
10.6465
11.3915
10.9427
11.6983
12.161
12.9564
12.4789
10.7918
11.242
12.0082
11.5441
11.088
11.5353
12.3075
11.8464
11.9887
12.4482
13.2493
12.7751
13.5888
14.0785
14.9374
14.4311
12.6302
13.106
13.9323
13.4408
14.2797
14.7878
15.674
15.1485
15.3036
15.8272
16.7497
16.2077
17.1448
17.7061
18.6979
18.1165
16.0484
16.5923
17.5443
16.9811
12.3211
12.8001
13.6189
13.1242
13.2861
13.7792
14.6309
14.1211
14.9856
15.5129
16.4267
15.8809
13.9549
14.4663
15.3436
14.8146
6.12428
6.51328
7.14802
6.75034
6.90617
7.30313
7.95652
7.55002
8.21009
8.62703
9.31614
8.88782
7.39079
7.79806
8.46486
8.04707
7.70433
8.10996
8.7837
8.36768
8.52019
8.93519
9.63098
9.20474
9.90917
10.3476
11.0864
10.6349
9.04908
9.4764
10.1895
9.74998
10.4719
10.9245
11.6829
11.2162
11.3835
11.849
12.6368
12.1564
12.955
13.4512
14.2937
13.7807
11.9844
12.4661
13.2756
12.778
8.72065
9.14988
9.85458
9.41301
9.5847
10.0253
10.756
10.3022
11.0417
11.5096
12.2878
11.8048
10.1256
10.5804
11.3289
10.8599
