FiniteElementSpace
FiniteElementCollection: H1_2D_P2
VDim: 1
Ordering: 0

1
0.866673
10.5414
-8.95873
-8.62623
-17.7983
10.869
5.33503
0.956321
-3.6065
-8.81638
-3.63653
-13.0232
-10.3943
5.54067
-3.62198
-6.81065
3.26563
3.20237
0.981034
-1.29867
-3.63224
-1.27541
-5.17918
-4.1893
8.06496
10.7327
7.79909
5.45589
3.05548
0.920118
-1.34444
-3.61148
-6.00519
-8.72441
-6.09931
-8.89641
-6.16907
-10.909
-9.72671
-15.3152
-13.8444
-8.54448
-7.36226
3.24158
-1.2871
-2.70676
7.95477
3.14225
-1.31587
-6.05242
-6.14011
-7.88467
-11.7088
-5.73661
2.12696
3.25514
2.10554
0.990876
4.42774
4.40087
5.57133
4.35413
3.22423
2.07367
0.969755
-0.148761
-1.28163
-0.132351
-0.167989
-1.29254
-2.44642
-3.6275
-2.44469
-3.63549
-2.4399
-1.98553
-4.3976
-3.91919
-5.98297
-5.46849
-3.44078
9.42616
6.77371
8.01519
6.67631
5.50243
10.8073
9.30298
10.6442
9.1296
7.88297
6.53814
5.40033
3.17528
2.02561
0.940016
4.28177
4.17805
3.10256
1.95559
0.89591
-0.195777
-1.3062
-0.237876
-1.32837
-2.46375
-3.60794
-2.45086
-3.6164
-4.80843
-6.07627
-4.83603
-4.7834
-6.02849
-7.28256
-8.67574
-7.35418
-8.77153
-7.42252
-4.86048
-6.15643
-4.87602
-6.12083
-8.85825
-7.48185
-8.93014
-7.5264
-7.01191
-6.49744
-9.91418
-9.35161
-11.9447
-11.3221
-8.78904
-8.22648
-10.6994
-10.0767
-7.66392
-14.1461
-13.4513
-16.532
-15.753
-12.7565
-12.0617
-9.45404
-4.95401
-7.10135
-8.83137
-6.53879
2.11719
4.41643
4.38034
2.09127
-0.140562
-0.157664
-2.44558
-2.44303
-3.17164
-4.68424
6.80891
6.72975
9.37048
9.22292
6.61268
2.05203
4.32151
4.23419
1.9937
-0.180453
-0.214678
-2.45589
-2.44795
-4.82227
-4.79523
-7.31842
-7.38912
-4.86972
-4.84901
-7.45367
-7.50633
-5.67412
-8.4217
-10.3178
-7.34766
-9.1356
-12.366
-14.5798
-11.0515
-6.27363
-7.95337
1.56275
2.12227
1.55331
0.995483
2.6941
3.26072
2.68398
3.24879
2.67139
2.11165
1.54258
0.98609
3.84302
4.42257
3.83213
4.40922
3.81758
4.39127
3.79866
3.23342
4.97074
5.5569
4.94232
4.36799
3.77463
3.21391
2.09878
1.52982
0.975619
2.65559
2.63587
2.08293
1.51431
0.963353
0.425691
-0.136502
0.434493
0.416535
-0.144618
-0.716191
-1.28441
-0.709221
-1.27866
-0.701874
0.406308
-0.153079
0.394292
-0.162604
-0.731863
-1.29547
-0.723499
-1.28978
-1.86612
-2.44518
-1.86281
-1.86974
-2.44596
-3.03006
-3.62479
-3.03226
-3.63001
-3.03405
-1.85912
-2.4417
-1.85431
-2.444
-3.6341
-3.03471
-3.63633
-3.03353
-2.8039
-2.57428
-1.62919
-4.01461
-3.77897
-4.78572
-4.54257
-3.54334
-3.3077
-2.34465
-4.29942
-4.05628
-3.07207
-5.57819
-5.32603
-6.39371
-6.13103
-5.07386
-4.8217
-3.81313
6.18356
6.79236
6.15064
6.75287
6.10955
5.52254
7.41132
8.04137
7.36447
7.98636
7.30756
6.70426
6.05958
5.48024
8.73609
9.39976
8.68338
10.1366
10.8398
10.078
10.7717
10.0069
9.33826
8.61942
9.26456
8.54351
7.92034
10.6902
9.92268
10.5947
9.8246
9.17796
8.45491
7.84259
6.64582
6
5.42928
7.23985
7.16065
6.57682
5.93009
5.36894
2.0634
1.49535
0.948573
3.18952
2.61152
3.15956
2.5818
2.03946
1.4722
0.930561
4.33866
3.74479
4.9069
4.86377
4.30258
3.70842
4.25901
3.6648
3.12328
4.81222
4.75151
4.20724
3.6132
3.07999
2.01039
1.44416
0.908598
2.54601
2.50343
1.97547
1.41049
0.881965
0.379772
-0.173909
0.362026
-0.187713
-0.754627
-1.31072
-0.741999
-1.30221
0.340335
-0.204735
0.313981
-0.225695
-0.790238
-1.33592
-0.770468
-1.32172
-1.88973
-2.45307
-1.88083
-1.90183
-2.45942
-3.03152
-3.60691
-3.02818
-3.60949
-3.0273
-1.87441
-2.44706
-2.44919
-3.61381
-3.02816
-3.61915
-4.21398
-4.8292
-4.22352
-4.20474
-4.81531
-5.42387
-6.0644
-5.44258
-6.08794
-5.46085
-4.19651
-4.8017
-4.19001
-4.7891
-5.38802
-6.01671
-5.40545
-6.04042
-6.6657
-7.33636
-6.69541
-6.63625
-7.30046
-7.94544
-8.65104
-7.98799
-8.70022
-8.03007
-6.72467
-7.40606
-6.75276
-7.3718
-8.74821
-8.07096
-8.79429
-8.10995
-4.24671
-4.87328
-4.25025
-4.24061
-4.86542
-5.4932
-6.14868
-5.50584
-6.16325
-5.51518
-4.23264
-4.85498
-4.84267
-6.11031
-5.47796
-6.1308
-6.77896
-7.46818
-6.80255
-7.43843
-8.83773
-8.14632
-8.87784
-8.17936
-6.82281
-7.51696
-6.83903
-7.4946
-8.91387
-8.20833
-8.94512
-8.23252
-5.27202
-5.02887
-6.58686
-6.33469
-7.44445
-7.18176
-6.08252
-5.83036
-7.96983
-7.70714
-9.43165
-9.15693
-10.4065
-10.1183
-8.88222
-8.60751
-9.83007
-9.54184
-8.3328
-11.4216
-11.1183
-12.4785
-12.1587
-10.8151
-10.5118
-9.25361
-6.91908
-6.6564
-8.0581
-8.96538
-7.78339
-7.50869
-8.67715
-8.38892
-7.23398
-10.2086
-9.90532
-11.1994
-10.8796
-9.60206
-9.29879
-8.10068
-11.839
-11.5192
-13.579
-13.2412
-14.7248
-14.3674
-12.9034
-12.5656
-14.0101
-13.6527
-12.2277
-15.9175
-15.5391
-17.1589
-16.7579
-15.1607
-14.7823
-13.2954
-10.5598
-10.24
-8.99553
-11.8899
-12.938
-11.5521
-11.2143
-9.92021
-5.86834
-5.60565
-4.56953
-6.95927
-7.81245
-6.68456
-6.40985
-5.34297
-7.52422
-7.23599
-6.13515
-8.69227
-9.60043
-8.38901
-8.08576
-6.94776
1.55815
2.6893
2.67804
1.54816
3.83799
3.82536
3.80871
4.95736
3.78733
1.5365
2.66393
2.64626
1.52245
0.430092
0.421202
-0.712709
-0.705639
0.4116
0.400569
-0.727504
-0.719758
-1.86447
-1.86784
-3.03116
-3.03325
-1.8569
-1.86106
-3.03457
-3.03439
-2.21272
-3.40409
-4.1584
-2.9392
-3.67999
-4.93171
-5.72573
-4.43677
6.16808
6.13116
7.38911
7.33732
6.08572
8.71109
10.1088
10.044
8.65285
8.58301
9.96648
9.87542
8.50084
6.03103
7.2751
7.20173
5.96638
1.50531
2.62432
2.59737
1.48434
3.76049
4.92553
4.88635
3.72747
3.68756
4.83909
4.78305
3.64004
1.45884
2.56471
2.52562
1.42807
0.38739
0.371347
-0.747956
-0.736664
0.351718
0.327786
-0.779817
-0.762101
-1.88493
-1.89534
-3.0295
-3.02747
-1.8719
-1.87735
-3.02756
-3.02903
-4.21876
-4.20928
-5.43324
-5.45182
-4.20045
-4.193
-5.39656
-5.41458
-6.68057
-6.6509
-7.96673
-8.00913
-6.7389
-6.71014
-8.05071
-8.09074
-4.24885
-4.24394
-5.49989
-5.51097
-4.23681
-4.22818
-5.4696
-5.48586
-6.79112
-6.76614
-8.12851
-8.1633
-6.83147
-6.81314
-8.19439
-8.22106
-4.63681
-5.92159
-6.75468
-5.42665
-7.26916
-8.69021
-9.63289
-8.15319
-9.07032
-10.6134
-11.6334
-10.0223
-6.2402
-7.61617
-8.50776
-7.07915
-7.9452
-9.43116
-10.3881
-8.84004
-11.0107
-12.6946
-13.7987
-12.0374
-13.1039
-14.9475
-16.1425
-14.2121
-9.76538
-11.3801
-12.4091
-10.7229
-5.21125
-6.54214
-7.38264
-6.00512
-6.82007
-8.24893
-9.1427
-7.65781
1.28128
1.56047
1.27673
0.997747
1.84457
2.12465
1.83993
2.11978
1.83498
1.55577
1.27201
0.993197
2.41006
2.69176
2.40533
2.97922
3.26325
2.97437
3.25802
2.96892
2.68671
2.40013
2.68109
2.39439
2.11449
3.25206
2.96278
3.2453
2.95585
2.67481
2.38801
2.10867
1.55078
1.26704
0.988512
1.82963
1.82379
1.54542
1.26172
0.983602
3.5535
3.8406
3.54853
4.13437
4.42527
4.12927
4.41962
4.12327
3.83517
3.54281
3.82887
3.53625
4.41296
4.11629
4.40519
4.10822
3.8216
3.52876
3.81329
3.52025
3.23762
4.39623
4.09899
4.38598
4.0885
3.80384
3.51063
3.22896
4.67436
4.96425
4.66149
4.37435
5.26967
5.56433
5.25577
5.54901
5.24013
4.95005
4.64704
4.36125
3.79316
3.4998
3.21921
4.07666
4.06338
3.78116
3.48769
3.2083
1.53961
1.25597
0.978378
2.10225
1.81737
2.09512
1.81028
1.53324
1.2497
0.97275
2.66776
2.38091
2.94804
2.93928
2.65988
2.37298
2.65105
2.36415
2.08721
2.92946
2.91849
2.64121
2.35433
2.07842
1.52623
1.24282
0.966627
1.80243
1.79373
1.51848
1.23524
0.959921
0.712855
0.432288
0.717334
0.708334
0.427897
0.142782
-0.138538
0.14703
-0.134442
0.151327
0.703679
0.423463
0.6988
0.418896
0.13407
-0.146673
0.138492
-0.142585
-0.428296
-0.710972
-0.424507
-0.432126
-0.714445
-1.00113
-1.28576
-0.998025
-1.28304
-0.994872
-0.420668
-0.703783
-0.416689
-0.707447
-1.28017
-0.991579
-1.27707
-0.988053
0.693609
0.414107
0.688014
0.409004
0.124471
-0.155333
0.129427
-0.150892
0.681926
0.4035
0.675255
0.397503
0.113267
-0.165235
0.119115
-0.160084
-0.444754
-0.725463
-0.440265
-0.449643
-0.729633
-1.01481
-1.29703
-1.01102
-1.29398
-1.00753
-0.436085
-0.717959
-0.721601
-1.29114
-1.00427
-1.28843
-1.57645
-1.86365
-1.57427
-1.57868
-1.86529
-2.15503
-2.44539
-2.15399
-2.44495
-2.1529
-1.58102
-1.86696
-1.58359
-1.86877
-2.1573
-2.44618
-2.1561
-2.44576
-2.73759
-3.03172
-2.73793
-2.73729
-3.03061
-3.3249
-3.62339
-3.32684
-3.62616
-3.32872
-2.73821
-3.03368
-2.73835
-3.03277
-3.62878
-3.33046
-3.63117
-3.33196
-1.56704
-1.85565
-1.5641
-1.56965
-1.85805
-2.15019
-2.44242
-2.14839
-2.44086
-2.14618
-1.57203
-1.86012
-1.86196
-2.44437
-2.15166
-2.44356
-2.73825
-3.03469
-2.73782
-3.03435
-3.63322
-3.33313
-3.63486
-3.33388
-2.73697
-3.03403
-2.73562
-3.03462
-3.63599
-3.33412
-3.63652
-3.33377
-2.03313
-1.92008
-1.45199
-2.62145
-2.50727
-2.98729
-2.8718
-2.39309
-2.27891
-1.80703
-3.21828
-3.10279
-3.82497
-3.70797
-4.20548
-4.08679
-3.59098
-3.47398
-3.9681
-3.84942
-3.35698
-4.59101
-4.47044
-4.98177
-4.85914
-4.34988
-4.22931
-3.73073
-2.75631
-2.64081
-2.16473
-3.23999
-3.61205
-3.12299
-3.006
-2.52532
-3.49336
-3.37467
-2.889
-4.10875
-3.98818
-4.49125
-4.36862
-3.86762
-3.74705
-3.25599
-4.73651
-4.61388
-5.37798
-5.2531
-5.77985
-5.65252
-5.12821
-5.00332
-5.52519
-5.39786
-4.87844
-6.18758
-6.05762
-6.6014
-6.46862
-5.92767
-5.79771
-5.27054
-4.24598
-4.12335
-3.62649
-4.75355
-5.14321
-4.62867
-4.50378
-4.00072
5.8759
6.17606
5.86094
6.4945
6.80089
6.47849
6.7833
6.46045
6.15961
5.84411
6.14116
5.82531
5.53184
6.76357
6.44029
6.7416
6.41793
6.12063
5.80445
5.51274
7.0906
7.40052
7.06908
7.73605
8.05348
7.71315
8.02861
7.68774
7.3771
7.0452
7.35122
7.01888
6.71731
8.00112
7.65975
7.97091
7.62908
7.32277
6.99003
6.6906
6.09792
5.78144
5.4916
6.39327
6.36622
6.07295
5.75619
5.46834
8.39825
8.72392
8.37395
9.07866
9.41331
9.05297
9.38548
9.02447
8.69758
8.34701
9.77876
10.1231
9.75165
10.5
10.8548
10.4715
10.8239
10.4398
10.0938
9.72159
10.0614
9.68851
9.35475
10.7899
10.405
10.7526
10.367
10.0259
9.6523
9.321
8.66847
8.31733
8.9931
8.95875
8.63651
8.28483
8.60159
8.2494
7.93792
9.28417
8.92133
9.24415
8.88076
8.56365
8.21097
7.90203
9.98711
9.61288
10.7119
10.3255
10.6677
10.2806
9.94501
9.57017
9.89949
9.52406
9.20086
10.6199
10.2322
10.5685
10.1802
9.85046
9.47447
9.15421
8.52258
8.16945
7.86316
8.83695
8.78981
8.47829
8.12474
7.82123
6.04561
5.72862
5.44287
6.66139
6.33671
6.62959
6.30462
6.01583
5.69863
5.4151
7.29167
6.95855
7.59563
7.55933
7.25783
6.92437
7.22116
6.88738
6.5951
7.52008
7.47779
7.18157
6.8475
6.55784
5.98352
5.66613
5.38495
6.26988
6.2324
5.94857
5.63103
5.35231
1.50992
1.22686
0.952543
2.06867
1.78409
2.05786
1.77343
1.50045
1.2176
0.944401
2.63024
2.34341
3.19612
2.90629
3.18258
2.89277
2.61808
2.33133
2.60462
2.31797
2.0459
3.16761
2.87784
3.15111
2.86141
2.58977
2.30327
2.0327
1.48998
1.20738
0.935407
1.76164
1.74865
1.47842
1.19609
0.925469
3.76775
3.47419
4.3466
4.04858
4.33031
4.03216
3.75284
3.45923
4.93415
4.63092
5.22267
5.20331
4.91645
4.61303
4.89687
4.59329
4.31227
5.18194
5.15848
4.87532
4.5716
4.29242
3.73634
3.44271
4.01403
3.99411
3.71817
3.42453
3.69822
3.40462
3.13298
4.27064
3.9723
4.24686
3.94851
3.67642
3.38287
3.11315
4.8517
4.54788
5.13283
5.10492
4.82594
4.52204
4.79793
4.49398
4.22099
5.07465
5.04192
4.76758
4.46362
4.19293
3.65267
3.35921
3.09151
3.92265
3.89464
3.62688
3.33354
3.06798
1.46568
1.18364
0.914499
2.01817
1.73436
2.00223
1.71868
1.45167
1.16996
0.902406
2.57345
2.28711
2.84338
2.82367
2.55557
2.26942
2.53603
2.25011
1.98478
2.80218
2.77884
2.51475
2.22908
1.96574
1.4363
1.15495
0.889101
1.70152
1.68279
1.41947
1.13851
0.874493
0.667913
0.390925
0.659808
0.383676
0.0997406
-0.177097
0.106839
-0.170876
0.650851
0.375666
0.640952
0.366804
0.0831718
-0.191638
0.0918815
-0.183988
-0.467603
-0.744894
-0.460977
-0.474987
-0.751197
-1.03486
-1.31321
-1.02894
-1.30839
-1.02368
-0.455021
-0.734202
-0.739259
-1.30415
-1.01901
-1.30039
0.630021
0.357001
0.617969
0.346167
0.0628419
-0.209578
0.0735219
-0.200139
0.604705
0.334212
0.590139
0.321046
0.0380324
-0.231634
0.051042
-0.220047
-0.502592
-0.775014
-0.492392
-0.51391
-0.784888
-1.06703
-1.34005
-1.05754
-1.33203
-1.04907
-0.48322
-0.758258
-0.766167
-1.32494
-1.04154
-1.3187
-1.60279
-1.8828
-1.5978
-1.60854
-1.88724
-2.17213
-2.45439
-2.1683
-2.45189
-2.16513
-1.61513
-1.89243
-1.62266
-1.89847
-2.18214
-2.46148
-2.17671
-2.45756
-2.74362
-3.02875
-2.74118
-2.74682
-3.03041
-3.31802
-3.60662
-3.3172
-3.60735
-3.31704
-2.7394
-3.02733
-2.7382
-3.02775
-3.60866
-3.31745
-3.61044
-3.31834
-1.58646
-1.87078
-1.58972
-1.8731
-2.16043
-2.44746
-2.15871
-2.44671
-1.59347
-1.87582
-1.87902
-2.44996
-2.16254
-2.44852
-2.73747
-3.02782
-2.73714
-3.02738
-3.61261
-3.31962
-3.61508
-3.3212
-2.73711
-3.02953
-3.02857
-3.61776
-3.32299
-3.62056
-3.91769
-4.22115
-3.92146
-3.91394
-4.21637
-4.51671
-4.82574
-4.52255
-4.83264
-4.52832
-3.91031
-4.21162
-3.90689
-4.20699
-4.5052
-4.81185
-4.51089
-4.81879
-5.1227
-5.43792
-5.13084
-5.1146
-5.42855
-5.73643
-6.05842
-5.74708
-6.07036
-5.75767
-5.13891
-5.45636
-5.14682
-5.44722
-6.08213
-5.7681
-6.09367
-5.77829
-3.90377
-4.20256
-3.90104
-4.19843
-4.49452
-4.79843
-4.49971
-4.80504
-3.89879
-4.1947
-3.8971
-4.19143
-4.48539
-4.78619
-4.48972
-4.79212
-5.09133
-5.40097
-5.09882
-5.08423
-5.39224
-5.69495
-6.01091
-5.70497
-6.02258
-5.71528
-5.10661
-5.41921
-5.40999
-6.03444
-5.7258
-6.04642
-6.35862
-6.688
-6.37203
-6.34524
-6.67313
-6.99004
-7.3274
-7.00642
-7.34529
-7.02274
-6.33197
-6.65829
-6.3189
-6.64355
-6.95742
-7.29149
-6.97367
-7.30944
-7.63142
-7.97736
-7.65101
-7.61184
-7.95608
-8.28351
-8.63865
-8.30654
-8.66341
-8.32951
-7.67054
-8.01963
-7.6899
-7.99858
-8.68801
-8.3523
-8.71236
-8.37485
-6.41148
-6.74588
-6.42408
-6.39855
-6.73183
-7.05481
-7.39764
-7.07037
-7.41436
-7.08552
-6.38537
-6.71744
-6.7028
-7.36302
-7.0389
-7.3805
-7.70901
-8.06089
-7.72778
-8.04043
-8.73637
-8.39705
-8.75994
-8.41882
-7.74613
-8.10042
-7.76395
-8.08092
-8.78299
-8.44007
-8.80542
-8.46071
-3.94118
-4.24964
-3.94196
-3.93971
-4.24787
-4.55666
-4.8716
-4.55949
-4.87475
-4.56154
-3.93765
-4.2454
-3.93507
-4.24234
-4.54902
-4.86303
-4.55314
-4.86766
-5.18095
-5.50297
-5.18606
-5.17515
-5.49663
-5.8148
-6.14449
-5.82241
-6.15266
-5.82924
-5.19038
-5.51319
-5.19383
-5.50851
-6.15996
-5.8352
-6.16629
-5.84019
-3.93207
-4.23876
-3.92875
-4.23476
-4.53933
-4.85205
-4.54439
-4.85779
-3.92518
-4.23044
-4.22587
-4.83938
-4.53395
-4.84588
-5.15449
-5.47383
-5.16183
-5.46527
-6.10486
-5.78815
-6.11563
-5.79757
-5.16875
-5.48961
-5.48198
-6.12589
-5.80649
-6.13554
-6.45895
-6.79693
-6.4693
-6.4479
-6.78513
-7.11416
-7.46102
-7.12747
-7.47512
-7.14001
-6.43625
-6.77262
-6.75951
-7.43055
-7.10014
-7.44614
-7.78116
-8.13752
-7.79767
-8.11932
-8.82716
-8.48065
-8.8481
-8.49979
-7.8134
-8.17145
-7.82824
-8.15492
-8.86816
-8.51806
-8.88725
-8.53535
-6.49528
-6.83539
-6.50195
-6.48756
-6.82727
-7.16234
-7.51179
-7.17197
-7.52183
-7.18045
-6.47887
-6.81809
-6.80795
-7.48834
-7.15166
-7.50059
-7.84212
-8.2015
-7.85493
-8.18701
-8.90528
-8.55159
-8.92216
-8.56667
-7.8666
-8.22696
-7.87703
-8.21485
-8.9378
-8.58052
-8.9521
-8.59303
-4.44285
-4.32416
-5.07327
-4.9527
-5.4723
-5.34967
-4.83214
-4.71157
-5.71756
-5.59493
-6.37707
-6.25218
-6.79846
-6.67114
-6.12729
-6.00241
-6.54381
-6.41648
-5.87752
-7.22723
-7.09728
-7.66359
-7.53081
-6.96732
-6.83736
-6.28915
-5.22703
-5.1044
-5.75263
-6.16183
-5.62775
-5.50287
-7.05312
-6.92579
-7.74707
-7.61711
-8.19469
-8.06192
-7.48715
-7.35719
-8.46025
-8.32747
-9.194
-9.05821
-9.6717
-9.53272
-8.92243
-8.78665
-9.39374
-9.25477
-8.65086
-10.1591
-10.0168
-10.6565
-10.5106
-9.87441
-9.73205
-9.11579
-7.92914
-7.79636
-8.51508
-8.97682
-8.3793
-8.24352
-8.83784
-8.69887
-8.10774
-9.58969
-9.44734
-10.0728
-9.92685
-9.30498
-9.16263
-8.55989
-10.3646
-10.2187
-11.164
-11.0143
-11.6818
-11.5282
-10.8646
-10.7149
-11.3746
-11.221
-10.5653
-12.2103
-12.0525
-12.7495
-12.5874
-11.8948
-11.737
-11.0673
-9.78093
-9.635
-9.02027
-10.4156
-10.9137
-10.2659
-10.1162
-9.48908
-6.0345
-5.90717
-6.7074
-6.57745
-7.13249
-6.99972
-6.44749
-6.31754
-7.39804
-7.26526
-7.97196
-8.42092
-7.83618
-7.7004
-8.28195
-8.14298
-7.56462
-8.87792
-9.34316
-8.73556
-8.59321
-8.004
-6.86694
-6.73417
-7.42884
-7.86503
-7.29306
-7.15728
-7.72606
-7.58708
-7.0215
-8.45086
-8.3085
-8.90539
-8.75947
-8.16615
-8.02379
-7.44811
-9.19724
-9.05131
-9.96654
-9.81686
-10.4528
-10.2992
-9.66718
-9.5175
-10.1456
-9.99197
-9.36782
-10.9482
-10.7905
-11.4529
-11.2908
-10.6327
-10.475
-9.83835
-8.61354
-8.46762
-7.88144
-9.21814
-9.68472
-9.06845
-8.91877
-8.32169
-10.7601
-10.6065
-11.5793
-11.4215
-12.1012
-11.9391
-11.2637
-11.106
-12.4253
-12.2633
-13.2997
-13.1331
-13.8612
-13.6899
-12.9666
-12.8
-13.5186
-13.3473
-12.6334
-14.434
-14.2578
-15.0185
-14.8373
-14.0817
-13.9055
-13.176
-11.777
-11.615
-12.4668
-13.0048
-12.3002
-12.1336
-12.8335
-12.6622
-11.967
-13.7293
-13.5532
-14.2935
-14.1123
-13.377
-13.2008
-12.4909
-14.656
-14.4748
-15.6148
-15.4283
-16.2232
-16.0313
-15.2418
-15.0553
-15.8393
-15.6474
-14.8688
-16.8439
-16.6463
-17.477
-17.2736
-16.4487
-16.2511
-15.4554
-13.9311
-13.7498
-13.0247
-14.6823
-15.2635
-14.4958
-14.3093
-13.5686
-9.53109
-9.37747
-8.76909
-10.3172
-10.1594
-10.8046
-10.6425
-10.0017
-9.84392
-9.22384
-11.1287
-10.9667
-11.8005
-12.3196
-11.6339
-11.4673
-12.1483
-11.977
-11.3007
-12.8485
-13.3873
-12.6723
-12.4962
-11.8058
-10.4804
-10.3183
-9.68615
-11.1341
-11.6345
-10.9675
-10.8009
-10.1562
-5.01588
-4.88855
-4.3789
-5.66775
-5.53779
-6.07029
-5.93752
-5.40783
-5.27788
-4.76122
-6.33584
-6.20307
-6.88572
-7.30914
-6.74994
-6.61416
-7.17016
-7.03119
-6.47837
-7.73908
-8.17577
-7.59672
-7.45437
-6.89221
-5.80474
-5.67197
-5.14792
-6.34259
-6.75324
-6.20681
-6.07103
-5.53919
-6.61426
-6.47529
-5.93525
-7.31201
-7.16966
-7.73799
-7.59207
-7.02731
-6.88495
-6.33632
-8.02984
-7.88392
-8.61941
-9.07021
-8.46973
-8.32005
-8.91659
-8.76296
-8.17037
-9.5284
-9.99417
-9.37064
-9.21288
-8.60934
-7.44615
-7.30023
-6.7426
-8.02069
-8.45571
-7.87101
-7.72133
-7.1543
1.27902
1.84229
1.8375
1.27439
2.40775
2.97686
2.97173
2.40279
2.39734
2.96594
2.95942
2.39129
1.26956
1.83236
1.82678
1.26443
3.5511
4.13193
4.12639
3.54577
3.53964
4.11991
4.1124
3.53263
3.52464
4.10376
4.09391
3.51558
4.66812
5.26293
5.24817
4.65447
3.50537
4.08275
4.07021
3.49391
1.25891
1.82066
1.81391
1.25291
2.38455
2.95206
2.94379
2.37705
2.36869
2.9345
2.92412
2.35937
1.24634
1.80645
1.79819
1.23912
0.715093
0.710605
0.144905
0.149166
0.706029
0.701273
0.136303
0.140648
-0.426402
-0.4302
-0.999576
-0.99646
-0.418703
-0.4226
-0.993249
-0.989851
0.696249
0.690867
0.126994
0.131782
0.685037
0.678669
0.116258
0.121849
-0.442465
-0.447143
-1.01287
-1.00924
-0.434083
-0.438142
-1.00588
-1.00269
-1.57536
-1.57755
-2.15451
-2.15346
-1.57983
-1.58227
-2.15668
-2.15555
-2.73776
-2.73743
-3.32587
-3.32779
-2.7383
-2.73808
-3.32962
-3.33124
-1.56562
-1.56838
-2.14934
-2.14734
-1.57087
-1.57316
-2.1523
-2.15096
-2.73808
-2.73833
-3.33259
-3.33356
-2.73637
-2.73745
-3.33407
-3.33403
-1.74175
-2.32631
-2.68909
-2.09913
-2.91871
-3.52031
-3.89679
-3.28787
-3.66115
-4.278
-4.66415
-4.0388
-2.45947
-3.05542
-3.42552
-2.82298
-3.18988
-3.79959
-4.17785
-3.56039
-4.421
-5.05545
-5.45211
-4.80798
-5.19994
-5.85435
-6.26237
-5.59711
-3.9347
-4.56051
-4.94778
-4.31304
5.86865
6.48674
6.46972
5.85277
5.83496
6.45064
6.42939
5.81514
7.08013
7.72491
7.70076
7.05744
7.03235
7.67408
7.64475
7.00478
5.79322
6.40589
6.38005
5.7691
8.38643
9.06616
9.03907
8.36082
9.76557
10.4861
10.456
9.73699
9.70544
10.4228
10.3864
9.6708
8.33252
9.00915
8.9763
8.30144
8.26748
8.94043
8.90145
8.23057
9.633
10.3467
10.3035
9.59194
9.54754
10.2569
10.2067
9.4997
8.1906
8.85927
8.8138
8.1475
5.7427
6.35178
6.32099
5.71393
6.97463
7.61271
7.57784
6.94181
6.90623
7.54008
7.49932
6.8678
5.6827
6.28759
6.25149
5.64891
1.23115
1.78903
1.77889
1.22235
2.34901
2.91255
2.8997
2.33752
2.32481
2.88549
2.86982
2.31079
1.21262
1.76768
1.7553
1.20187
3.48112
4.05618
4.04058
3.4669
4.6392
5.23163
5.21323
4.6222
4.6034
5.19288
5.17047
4.58269
3.45117
4.02332
4.0043
3.43383
3.4148
3.98344
3.96065
3.39398
4.56
5.14593
5.11917
4.53523
4.50829
5.09008
5.0586
4.47909
3.37129
3.93584
3.90892
3.34663
1.19001
1.74167
1.72669
1.17696
2.29537
2.8526
2.83374
2.27846
2.25997
2.81315
2.79075
2.23981
1.16263
1.71029
1.69236
1.14692
0.671673
0.663961
0.103379
0.110131
0.655442
0.646025
0.0876386
0.0959117
-0.464201
-0.471195
-1.03181
-1.02624
-0.452265
-0.457921
-1.02128
-1.01685
0.635621
0.624141
0.0683163
0.07847
0.611494
0.59759
0.044694
0.0570875
-0.497358
-0.508105
-1.06215
-1.05318
-0.478992
-0.487683
-1.0452
-1.0381
-1.60021
-1.60556
-2.17012
-2.16664
-1.61172
-1.61877
-2.17932
-2.17432
-2.74232
-2.74512
-3.31753
-3.31704
-2.73873
-2.74022
-3.31718
-3.31784
-1.58498
-1.58803
-2.15952
-2.15797
-1.59153
-1.59556
-2.16377
-2.16143
-2.73726
-2.73778
-3.31893
-3.32037
-2.73718
-2.73709
-3.32207
-3.32393
-3.91958
-3.9158
-4.51963
-4.52545
-3.9121
-3.90857
-4.50803
-4.51379
-5.12677
-5.11864
-5.74176
-5.75239
-5.14289
-5.13488
-5.76291
-5.77323
-3.90529
-3.90235
-4.49707
-4.50242
-3.89985
-3.89787
-4.48749
-4.49206
-5.09503
-5.08772
-5.69992
-5.71009
-5.11058
-5.10268
-5.72052
-5.7311
-6.36533
-6.35192
-6.99823
-7.0146
-6.33859
-6.3254
-6.96553
-6.98185
-7.64122
-7.62162
-8.29503
-8.31804
-7.68024
-7.66079
-8.34093
-8.36361
-6.41783
-6.40505
-7.06264
-7.078
-6.39198
-6.37871
-7.03084
-7.04689
-7.71845
-7.69949
-8.386
-8.408
-7.75511
-7.73701
-8.42952
-8.45047
-3.94166
-3.94053
-4.55817
-4.56062
-3.93875
-3.93642
-4.55115
-4.55498
-5.1836
-5.17813
-5.8187
-5.82593
-5.19222
-5.18832
-5.83234
-5.83782
-3.93362
-3.93044
-4.54191
-4.54676
-3.92699
-3.92333
-4.53116
-4.53668
-5.15821
-5.15069
-5.78327
-5.79292
-5.17202
-5.16535
-5.8021
-5.81072
-6.46422
-6.45351
-7.12091
-7.13384
-6.44215
-6.43022
-7.0929
-7.10723
-7.78951
-7.77263
-8.47077
-8.49032
-7.82094
-7.80564
-8.50904
-8.52683
-6.49876
-6.49155
-7.1673
-7.17636
-6.48333
-6.47419
-7.14595
-7.15713
-7.84866
-7.83531
-8.54361
-8.55928
-7.87198
-7.86092
-8.57375
-8.58694
-4.13243
-4.75641
-5.15045
-4.5172
-5.3936
-6.04533
-6.46077
-5.79786
-6.20861
-6.88329
-7.31311
-6.62606
-4.9073
-5.55039
-5.95644
-5.30292
-6.71294
-7.39778
-7.83848
-7.14053
-8.10117
-8.82447
-9.29429
-8.55595
-9.01958
-9.77354
-10.2624
-9.49225
-7.57579
-8.28744
-8.74486
-8.01893
-8.47016
-9.21097
-9.68596
-8.92968
-9.97419
-10.7612
-11.27
-10.4656
-10.9667
-11.7891
-12.3186
-11.4777
-9.39772
-10.17
-10.6635
-9.87449
-5.70427
-6.36882
-6.78774
-6.11158
-7.05042
-7.75042
-8.19545
-7.48191
-7.92074
-8.6484
-9.10949
-8.36712
-6.52506
-7.21341
-7.64604
-6.9449
-7.37133
-8.08584
-8.53303
-7.80456
-8.82127
-9.57894
-10.0569
-9.28338
-9.75369
-10.5437
-11.0395
-10.2324
-8.2448
-8.98782
-9.45043
-8.69226
-10.3602
-11.1664
-11.6791
-10.8551
-11.9989
-12.8589
-13.4101
-12.5303
-13.0723
-13.9724
-14.5461
-13.625
-11.3593
-12.2017
-12.7345
-11.8731
-12.3967
-13.2776
-13.8314
-12.9302
-14.1888
-15.1313
-15.7283
-14.7636
-15.3499
-16.3372
-16.9584
-15.9478
-13.474
-14.3959
-14.9715
-14.0282
-9.14716
-9.92105
-10.3999
-9.60971
-10.7197
-11.5445
-12.0588
-11.2158
-11.721
-12.5828
-13.1167
-12.2354
-10.0801
-10.8872
-11.3832
-10.5586
-4.69561
-5.33987
-5.737
-5.08263
-5.99969
-6.67639
-7.09662
-6.40788
-6.82191
-7.52328
-7.95657
-7.24199
-5.47431
-6.13937
-6.54721
-5.87086
-6.2725
-6.96071
-7.3801
-6.67943
-7.66833
-8.3967
-8.8439
-8.10115
-8.54064
-9.29837
-9.76032
-8.98703
-7.09187
-7.80559
-8.23739
-7.51004
