FiniteElementSpace
FiniteElementCollection: H1_3D_P1
VDim: 3
Ordering: 1

-0.0506379 -0.0173401 0.29142
-0.122194 -0.0264763 0.340004
-0.206287 -0.0272219 0.322405
-0.274136 -0.0120764 0.214541
-0.306454 -0.00261032 0.0765718
-0.0506379 0.0173402 0.29142
-0.122194 0.0264763 0.340004
-0.206287 0.0272218 0.322404
-0.274136 0.0120763 0.214541
-0.306454 0.00261035 0.0765718
-0.127184 0.000792961 0.305283
-0.134864 0.00599947 0.358791
-0.128509 0.0098899 0.335357
-0.127561 0.00488622 0.213006
-0.138154 0.00136223 0.0670019
-0.127184 -0.000792931 0.305283
-0.134864 -0.00599936 0.358791
-0.128509 -0.00988986 0.335357
-0.127561 -0.00488628 0.213006
-0.138154 -0.00136246 0.0670019
-0.0485374 2.64723e-08 0.286635
-0.127383 1.73969e-08 0.300789
-0.0882872 -0.0081109 0.299809
-0.0882872 0.00811092 0.299809
-0.0837944 -0.0222021 0.321885
-0.121109 -1.75598e-08 0.330758
-0.0837944 0.0222021 0.321885
-0.132874 0.00322685 0.338942
-0.135467 6.10861e-08 0.351184
-0.132874 -0.00322677 0.338942
-0.128267 -0.00997293 0.351842
-0.128267 0.00997299 0.351842
-0.164107 -0.0288205 0.341828
-0.208496 -3.72706e-08 0.311629
-0.164107 0.0288204 0.341828
-0.132934 0.00866393 0.359517
-0.129376 3.67045e-08 0.326566
-0.132934 -0.0086638 0.359517
-0.16821 -0.00836888 0.331468
-0.16821 0.00836893 0.331468
-0.244302 -0.0207068 0.277893
-0.277488 -1.46471e-10 0.210087
-0.244302 0.0207068 0.277893
-0.125526 0.00834551 0.283471
-0.127845 -4.8921e-08 0.208294
-0.125526 -0.00834542 0.283471
-0.201945 -0.00317539 0.215056
-0.201945 0.00317535 0.215056
-0.293684 -0.00539478 0.150554
-0.308238 1.27995e-08 0.0757031
-0.293684 0.0053948 0.150554
-0.132434 0.00222909 0.143691
-0.138114 -1.23117e-07 0.0655865
-0.132434 -0.00222923 0.143691
-0.222907 -0.000457742 0.0723516
-0.222907 0.000457672 0.0723517
-0.087331 1.51996e-08 0.295176
-0.0819219 5.14605e-09 0.314884
-0.10781 -0.00926487 0.332398
-0.128005 2.25947e-08 0.343638
-0.10781 0.00926493 0.332398
-0.133215 3.30334e-08 0.332832
-0.1645 -4.61192e-08 0.330946
-0.148733 -0.00980645 0.353379
-0.169754 2.29274e-08 0.322141
-0.148733 0.00980648 0.353379
-0.133773 6.43537e-08 0.350824
-0.24773 9.5475e-09 0.269642
-0.186106 -0.00577747 0.282688
-0.203799 -3.97711e-08 0.210439
-0.186106 0.00577751 0.282688
-0.126154 4.00083e-08 0.276127
-0.296101 -6.87337e-08 0.148961
-0.21389 -0.00131781 0.147852
-0.223778 -3.5813e-08 0.0710936
-0.21389 0.00131765 0.147852
-0.132446 -5.45438e-08 0.141459
-0.107032 2.09604e-08 0.32592
-0.149332 9.29568e-09 0.343991
-0.188168 1.01968e-08 0.275161
-0.21512 -4.17508e-08 0.145792
