FiniteElementSpace
FiniteElementCollection: H1_3D_P1
VDim: 3
Ordering: 1

0 0 0
0.0178575 0.00853834 0.031267
0.0205401 0.000669029 0.110527
-0.00245607 -0.00787798 0.206443
-0.0506379 -0.0173401 0.29142
0 0 0
0.0178575 -0.00853836 0.031267
0.0205401 -0.000669042 0.110527
-0.00245607 0.00787797 0.206443
-0.0506379 0.0173402 0.29142
0 0 0
-0.0376978 -0.0149938 0.0358367
-0.0774639 -0.00866795 0.114837
-0.107124 -0.00354455 0.213808
-0.127184 0.000792961 0.305283
0 0 0
-0.0376978 0.0149938 0.0358367
-0.0774639 0.00866799 0.114836
-0.107124 0.0035446 0.213808
-0.127184 -0.000792931 0.305283
0.00804477 0.0093891 0.00849631
0.0181501 -8.74467e-09 0.0372002
0.00804477 -0.00938912 0.0084963
0 0 0
-0.0152165 -0.0150678 0.0127739
-0.0380194 2.76962e-09 0.0423436
-0.0152165 0.0150678 0.0127739
0 0 0
0 0 0
-0.00955601 -0.00307006 0.0320568
-0.00955601 0.00307005 0.0320568
0 0 0
0.0223833 0.00475874 0.0668692
0.0217609 -6.62934e-09 0.113085
0.0223833 -0.00475874 0.0668692
-0.0588417 -0.011862 0.0711357
-0.078395 1.95276e-08 0.117169
-0.0588417 0.011862 0.0711357
-0.0280971 -0.00385554 0.112013
-0.0280971 0.00385556 0.112013
0.0122289 -0.00351546 0.158232
-0.000687133 -5.52438e-09 0.205525
0.0122289 0.00351543 0.158232
-0.0934871 -0.00590426 0.163522
-0.107524 2.59826e-08 0.212589
-0.0934871 0.0059043 0.163522
-0.0542238 -0.0056158 0.210514
-0.0542238 0.0056158 0.210514
-0.023442 -0.0124958 0.251895
-0.0485374 2.64723e-08 0.286635
-0.023442 0.0124958 0.251895
-0.118433 -0.00138849 0.262268
-0.127383 1.73969e-08 0.300789
-0.118433 0.00138852 0.262268
-0.0882872 -0.0081109 0.299809
-0.0882872 0.00811092 0.299809
0.00768247 -7.87752e-09 0.0141785
-0.00309036 -0.00238074 0.00836801
-0.00952031 -1.37645e-09 0.037837
-0.00309035 0.00238073 0.008368
0 0 0
-0.0145621 4.50568e-09 0.0185841
0.0232853 1.56531e-09 0.0711764
-0.0179289 -0.0033886 0.0678434
-0.0279492 9.37051e-09 0.114439
-0.0179289 0.00338861 0.0678434
-0.0597938 1.40388e-08 0.0755584
0.0137204 -1.22771e-08 0.159063
-0.0401574 -0.00460081 0.160735
-0.0535354 4.36162e-09 0.209442
-0.0401574 0.00460082 0.160735
-0.0941562 2.08009e-08 0.164002
-0.021435 1.49255e-08 0.24913
-0.0703128 -0.00682734 0.258001
-0.087331 1.51996e-08 0.295176
-0.0703128 0.00682738 0.258001
-0.118658 1.35371e-08 0.259406
-0.00293717 -1.32341e-09 0.0141198
-0.0179439 6.48696e-09 0.0720575
-0.0397419 3.32795e-09 0.161396
-0.069419 1.52654e-08 0.255177
