FiniteElementSpace
FiniteElementCollection: H1_3D_P1
VDim: 3
Ordering: 1

0 0 0
0.00449588 0.0030026 0.00829232
0.00404181 -6.34625e-05 0.0361342
-0.0057377 -0.00404358 0.0690977
-0.0241042 -0.00860159 0.0978659
0 0 0
0.00449588 -0.00300258 0.0082923
0.0040418 6.33983e-05 0.0361342
-0.00573774 0.00404372 0.0690977
-0.0241042 0.00860157 0.0978658
0 0 0
-0.0140683 -0.00713836 0.0102743
-0.0318299 -0.00487382 0.0369448
-0.045031 -0.0020638 0.0706555
-0.0516457 0.000476942 0.102931
0 0 0
-0.0140683 0.0071384 0.0102744
-0.0318299 0.00487376 0.0369448
-0.045031 0.00206386 0.0706554
-0.0516457 -0.000476896 0.102931
0.00186452 0.00268218 0.000521094
0.00410974 6.49274e-09 0.0114194
0.00186452 -0.00268218 0.000521082
0 0 0
-0.00551349 -0.00624545 0.00247256
-0.0146002 1.24078e-08 0.0142007
-0.0055135 0.00624548 0.00247255
0 0 0
0 0 0
-0.00488317 -0.00192006 0.00899162
-0.00488316 0.00192005 0.00899163
0 0 0
0.00542778 0.00170943 0.0207878
0.00416963 -2.96313e-08 0.0377621
0.00542775 -0.00170941 0.0207878
-0.0232111 -0.00634029 0.0222436
-0.0328188 -2.44958e-08 0.0385078
-0.0232112 0.00634036 0.0222435
-0.0141324 -0.00232292 0.0363273
-0.0141324 0.00232299 0.0363273
0.000287768 -0.00199308 0.0526932
-0.00504974 4.58739e-08 0.0685783
0.000287744 0.00199305 0.0526932
-0.0391763 -0.00336887 0.0534318
-0.0455989 1.13308e-08 0.0699154
-0.0391763 0.00336891 0.0534318
-0.0254254 -0.00293553 0.0699857
-0.0254253 0.0029355 0.0699857
-0.0139259 -0.00625692 0.0844109
-0.0231402 4.03719e-08 0.0946448
-0.013926 0.00625674 0.0844109
-0.0492993 -0.000861077 0.0875732
-0.052055 5.95934e-08 0.100204
-0.0492994 0.00086099 0.0875732
-0.0378746 -0.00387241 0.100853
-0.0378747 0.00387241 0.100853
0.00150314 1.03255e-08 0.00307344
-0.00161507 -0.00151805 0.000967096
-0.00531306 6.74543e-09 0.0123216
-0.00161504 0.00151801 0.00096709
0 0 0
-0.00544706 1.09964e-08 0.00564936
0.00528877 2.19244e-08 0.0233529
-0.00914148 -0.00215534 0.0212256
-0.0145676 2.41145e-08 0.0378766
-0.00914146 0.00215526 0.0212256
-0.0241504 4.67139e-08 0.0251323
0.000693716 -1.38696e-09 0.0532827
-0.0195892 -0.00255716 0.0529987
-0.025364 1.66492e-09 0.0693497
-0.0195892 0.00255717 0.0529987
-0.0399822 4.61618e-09 0.0537697
-0.0130091 -4.40545e-08 0.0826482
-0.03159 -0.00341952 0.0862766
-0.0375956 3.14415e-08 0.0979056
-0.03159 0.00341965 0.0862766
-0.0497109 -5.79974e-08 0.0858317
-0.00175649 -5.50241e-09 0.00385003
-0.00968178 -2.2139e-08 0.0238283
-0.0197905 1.07926e-08 0.0534528
-0.0313348 3.86081e-08 0.0845184
