FiniteElementSpace
FiniteElementCollection: H1_3D_P1
VDim: 3
Ordering: 1

-0.0241042 -0.00860159 0.0978659
-0.0479548 -0.012084 0.115705
-0.0645218 -0.00688827 0.107727
-0.067739 -0.00252986 0.0735184
-0.074999 -0.0046454 0.0170632
-0.0241042 0.00860157 0.0978658
-0.0479549 0.012084 0.115705
-0.0645218 0.00688835 0.107726
-0.0677382 0.00252949 0.0735183
-0.0750002 0.00464521 0.0170635
-0.0516457 0.000476942 0.102931
-0.047778 0.00409056 0.121623
-0.0330827 0.00437188 0.10525
-0.0301868 -0.00184082 0.0694706
-0.025484 0.000302555 0.0101329
-0.0516457 -0.000476896 0.102931
-0.047778 -0.00409059 0.121623
-0.0330827 -0.00437183 0.105249
-0.030187 0.00184063 0.0694705
-0.0254834 -0.000303049 0.0101329
-0.0231402 4.03719e-08 0.0946448
-0.052055 5.95934e-08 0.100204
-0.0378746 -0.00387241 0.100853
-0.0378747 0.00387241 0.100853
-0.0358224 -0.0108032 0.108688
-0.0482601 -2.04782e-08 0.109306
-0.0358224 0.0108031 0.108688
-0.0513947 0.00216187 0.115073
-0.0485497 1.77146e-08 0.117123
-0.0513949 -0.00216173 0.115073
-0.0483564 -0.00362891 0.119288
-0.0483563 0.00362901 0.119288
-0.0583555 -0.0110756 0.116579
-0.0670446 1.12529e-07 0.102521
-0.0583556 0.0110755 0.116579
-0.0408526 0.00536254 0.119288
-0.0338043 8.55558e-08 0.101081
-0.0408526 -0.00536244 0.119289
-0.0499601 -0.000401452 0.10653
-0.0499601 0.000401541 0.10653
-0.0663022 -0.00214685 0.0885261
-0.0683566 -1.30831e-07 0.0728615
-0.0663019 0.00214697 0.0885263
-0.0292156 0.00100033 0.0826417
-0.0302572 -2.09457e-07 0.0681499
-0.0292157 -0.00100008 0.0826415
-0.0488947 -0.00152187 0.071596
-0.0488947 0.00152192 0.0715959
-0.0706723 -0.00468405 0.0646663
-0.0745609 -1.18162e-07 0.0160564
-0.0706721 0.00468403 0.0646664
-0.0286028 -0.0011435 0.0606622
-0.0252564 -2.95923e-07 0.0090602
-0.0286029 0.00114444 0.0606629
-0.0497737 -0.00204424 0.014258
-0.0497728 0.00204427 0.0142589
-0.0375956 3.14415e-08 0.0979056
-0.0352018 -7.63522e-08 0.103806
-0.0437667 -0.00405465 0.112473
-0.0489225 -1.83486e-09 0.11412
-0.0437667 0.00405475 0.112473
-0.0519565 1.04337e-08 0.111382
-0.0600025 -1.17414e-08 0.109741
-0.0505364 -0.00231755 0.118381
-0.0516562 -2.96246e-08 0.102041
-0.0505362 0.00231753 0.118381
-0.0417196 2.39809e-08 0.114477
-0.0682994 1.39172e-07 0.0862246
-0.0484759 0.000500795 0.085334
-0.0491912 -3.02444e-08 0.0703993
-0.0484759 -0.000500942 0.085334
-0.0295989 5.82301e-08 0.0800188
-0.0703496 -5.24269e-07 0.0639362
-0.0493163 -0.00273142 0.0632587
-0.0493628 -3.75667e-08 0.0132103
-0.0493159 0.00273118 0.0632592
-0.028421 5.62779e-07 0.0596503
-0.0437431 -8.01653e-09 0.108312
-0.0518538 -3.50136e-08 0.112919
-0.0496931 -1.8425e-07 0.0827709
-0.0489914 2.26432e-07 0.0622955
