MFEM mesh v1.0

#
# MFEM Geometry Types (see mesh/geom.hpp):
#
# POINT       = 0
# SEGMENT     = 1
# TRIANGLE    = 2
# SQUARE      = 3
# TETRAHEDRON = 4
# CUBE        = 5
# PRISM       = 6
#

dimension
2

elements
632
1 3 0 191 539 194
1 3 191 55 192 539
1 3 539 192 150 193
1 3 194 539 193 58
1 3 55 195 540 192
1 3 195 17 196 540
1 3 540 196 56 197
1 3 192 540 197 150
1 3 150 197 541 200
1 3 197 56 198 541
1 3 541 198 44 199
1 3 200 541 199 57
1 3 58 193 542 202
1 3 193 150 200 542
1 3 542 200 57 201
1 3 202 542 201 19
1 3 17 203 543 196
1 3 203 59 204 543
1 3 543 204 151 205
1 3 196 543 205 56
1 3 56 205 544 198
1 3 205 151 206 544
1 3 544 206 60 207
1 3 198 544 207 44
1 3 44 207 545 210
1 3 207 60 208 545
1 3 545 208 152 209
1 3 210 545 209 63
1 3 152 211 546 214
1 3 211 61 212 546
1 3 546 212 14 213
1 3 214 546 213 62
1 3 63 209 547 216
1 3 209 152 214 547
1 3 547 214 62 215
1 3 216 547 215 18
1 3 19 201 548 219
1 3 201 57 217 548
1 3 548 217 153 218
1 3 219 548 218 65
1 3 57 199 549 217
1 3 199 44 210 549
1 3 549 210 63 220
1 3 217 549 220 153
1 3 153 220 550 222
1 3 220 63 216 550
1 3 550 216 18 221
1 3 222 550 221 64
1 3 65 218 551 224
1 3 218 153 222 551
1 3 551 222 64 223
1 3 224 551 223 8
1 3 0 194 552 227
1 3 194 58 225 552
1 3 552 225 154 226
1 3 227 552 226 68
1 3 58 202 553 225
1 3 202 19 228 553
1 3 553 228 66 229
1 3 225 553 229 154
1 3 154 229 554 232
1 3 229 66 230 554
1 3 554 230 45 231
1 3 232 554 231 67
1 3 68 226 555 234
1 3 226 154 232 555
1 3 555 232 67 233
1 3 234 555 233 22
1 3 19 219 556 228
1 3 219 65 235 556
1 3 556 235 155 236
1 3 228 556 236 66
1 3 65 224 557 235
1 3 224 8 237 557
1 3 557 237 69 238
1 3 235 557 238 155
1 3 155 238 558 241
1 3 238 69 239 558
1 3 558 239 20 240
1 3 241 558 240 70
1 3 66 236 559 230
1 3 236 155 241 559
1 3 559 241 70 242
1 3 230 559 242 45
1 3 45 242 560 245
1 3 242 70 243 560
1 3 560 243 156 244
1 3 245 560 244 73
1 3 70 240 561 243
1 3 240 20 246 561
1 3 561 246 71 247
1 3 243 561 247 156
1 3 156 247 562 250
1 3 247 71 248 562
1 3 562 248 15 249
1 3 250 562 249 72
1 3 73 244 563 252
1 3 244 156 250 563
1 3 563 250 72 251
1 3 252 563 251 21
1 3 22 233 564 255
1 3 233 67 253 564
1 3 564 253 157 254
1 3 255 564 254 75
1 3 67 231 565 253
1 3 231 45 245 565
1 3 565 245 73 256
1 3 253 565 256 157
1 3 157 256 566 258
1 3 256 73 252 566
1 3 566 252 21 257
1 3 258 566 257 74
1 3 75 254 567 260
1 3 254 157 258 567
1 3 567 258 74 259
1 3 260 567 259 11
1 3 22 255 568 263
1 3 255 75 261 568
1 3 568 261 158 262
1 3 263 568 262 76
1 3 75 260 569 261
1 3 260 11 264 569
1 3 569 264 77 265
1 3 261 569 265 158
1 3 158 265 570 268
1 3 265 77 266 570
1 3 570 266 23 267
1 3 268 570 267 78
1 3 76 262 571 270
1 3 262 158 268 571
1 3 571 268 78 269
1 3 270 571 269 46
1 3 46 269 572 273
1 3 269 78 271 572
1 3 572 271 159 272
1 3 273 572 272 81
1 3 78 267 573 271
1 3 267 23 274 573
1 3 573 274 79 275
1 3 271 573 275 159
1 3 159 275 574 278
1 3 275 79 276 574
1 3 574 276 16 277
1 3 278 574 277 80
1 3 81 272 575 280
1 3 272 159 278 575
1 3 575 278 80 279
1 3 280 575 279 24
1 3 61 281 576 212
1 3 281 160 282 576
1 3 576 282 83 283
1 3 212 576 283 14
1 3 14 283 577 286
1 3 283 83 284 577
1 3 577 284 161 285
1 3 286 577 285 86
1 3 83 287 578 284
1 3 287 25 288 578
1 3 578 288 84 289
1 3 284 578 289 161
1 3 161 289 579 292
1 3 289 84 290 579
1 3 579 290 47 291
1 3 292 579 291 85
1 3 86 285 580 294
1 3 285 161 292 580
1 3 580 292 85 293
1 3 294 580 293 28
1 3 25 295 581 288
1 3 295 82 296 581
1 3 581 296 162 297
1 3 288 581 297 84
1 3 82 298 582 296
1 3 298 6 299 582
1 3 582 299 87 300
1 3 296 582 300 162
1 3 162 300 583 303
1 3 300 87 301 583
1 3 583 301 26 302
1 3 303 583 302 88
1 3 84 297 584 290
1 3 297 162 303 584
1 3 584 303 88 304
1 3 290 584 304 47
1 3 47 304 585 307
1 3 304 88 305 585
1 3 585 305 163 306
1 3 307 585 306 91
1 3 88 302 586 305
1 3 302 26 308 586
1 3 586 308 89 309
1 3 305 586 309 163
1 3 163 309 587 312
1 3 309 89 310 587
1 3 587 310 2 311
1 3 312 587 311 90
1 3 91 306 588 314
1 3 306 163 312 588
1 3 588 312 90 313
1 3 314 588 313 27
1 3 28 293 589 317
1 3 293 85 315 589
1 3 589 315 164 316
1 3 317 589 316 93
1 3 85 291 590 315
1 3 291 47 307 590
1 3 590 307 91 318
1 3 315 590 318 164
1 3 164 318 591 320
1 3 318 91 314 591
1 3 591 314 27 319
1 3 320 591 319 92
1 3 93 316 592 322
1 3 316 164 320 592
1 3 592 320 92 321
1 3 322 592 321 7
1 3 8 223 593 325
1 3 223 64 323 593
1 3 593 323 165 324
1 3 325 593 324 96
1 3 64 221 594 323
1 3 221 18 326 594
1 3 594 326 94 327
1 3 323 594 327 165
1 3 165 327 595 330
1 3 327 94 328 595
1 3 595 328 48 329
1 3 330 595 329 95
1 3 96 324 596 332
1 3 324 165 330 596
1 3 596 330 95 331
1 3 332 596 331 30
1 3 18 215 597 326
1 3 215 62 333 597
1 3 597 333 166 334
1 3 326 597 334 94
1 3 62 213 598 333
1 3 213 14 286 598
1 3 598 286 86 335
1 3 333 598 335 166
1 3 166 335 599 337
1 3 335 86 294 599
1 3 599 294 28 336
1 3 337 599 336 97
1 3 94 334 600 328
1 3 334 166 337 600
1 3 600 337 97 338
1 3 328 600 338 48
1 3 48 338 601 341
1 3 338 97 339 601
1 3 601 339 167 340
1 3 341 601 340 99
1 3 97 336 602 339
1 3 336 28 317 602
1 3 602 317 93 342
1 3 339 602 342 167
1 3 167 342 603 344
1 3 342 93 322 603
1 3 603 322 7 343
1 3 344 603 343 98
1 3 99 340 604 346
1 3 340 167 344 604
1 3 604 344 98 345
1 3 346 604 345 29
1 3 30 331 605 349
1 3 331 95 347 605
1 3 605 347 168 348
1 3 349 605 348 101
1 3 95 329 606 347
1 3 329 48 341 606
1 3 606 341 99 350
1 3 347 606 350 168
1 3 168 350 607 352
1 3 350 99 346 607
1 3 607 346 29 351
1 3 352 607 351 100
1 3 101 348 608 354
1 3 348 168 352 608
1 3 608 352 100 353
1 3 354 608 353 1
1 3 8 325 609 237
1 3 325 96 355 609
1 3 609 355 169 356
1 3 237 609 356 69
1 3 96 332 610 355
1 3 332 30 357 610
1 3 610 357 102 358
1 3 355 610 358 169
1 3 169 358 611 361
1 3 358 102 359 611
1 3 611 359 49 360
1 3 361 611 360 103
1 3 69 356 612 239
1 3 356 169 361 612
1 3 612 361 103 362
1 3 239 612 362 20
1 3 30 349 613 357
1 3 349 101 363 613
1 3 613 363 170 364
1 3 357 613 364 102
1 3 101 354 614 363
1 3 354 1 365 614
1 3 614 365 104 366
1 3 363 614 366 170
1 3 170 366 615 369
1 3 366 104 367 615
1 3 615 367 31 368
1 3 369 615 368 105
1 3 102 364 616 359
1 3 364 170 369 616
1 3 616 369 105 370
1 3 359 616 370 49
1 3 49 370 617 373
1 3 370 105 371 617
1 3 617 371 171 372
1 3 373 617 372 108
1 3 105 368 618 371
1 3 368 31 374 618
1 3 618 374 106 375
1 3 371 618 375 171
1 3 171 375 619 378
1 3 375 106 376 619
1 3 619 376 9 377
1 3 378 619 377 107
1 3 108 372 620 380
1 3 372 171 378 620
1 3 620 378 107 379
1 3 380 620 379 32
1 3 20 362 621 246
1 3 362 103 381 621
1 3 621 381 172 382
1 3 246 621 382 71
1 3 103 360 622 381
1 3 360 49 373 622
1 3 622 373 108 383
1 3 381 622 383 172
1 3 172 383 623 385
1 3 383 108 380 623
1 3 623 380 32 384
1 3 385 623 384 109
1 3 71 382 624 248
1 3 382 172 385 624
1 3 624 385 109 386
1 3 248 624 386 15
1 3 15 386 625 389
1 3 386 109 387 625
1 3 625 387 173 388
1 3 389 625 388 112
1 3 109 384 626 387
1 3 384 32 390 626
1 3 626 390 110 391
1 3 387 626 391 173
1 3 173 391 627 394
1 3 391 110 392 627
1 3 627 392 50 393
1 3 394 627 393 111
1 3 112 388 628 396
1 3 388 173 394 628
1 3 628 394 111 395
1 3 396 628 395 35
1 3 32 379 629 390
1 3 379 107 397 629
1 3 629 397 174 398
1 3 390 629 398 110
1 3 107 377 630 397
1 3 377 9 399 630
1 3 630 399 113 400
1 3 397 630 400 174
1 3 174 400 631 403
1 3 400 113 401 631
1 3 631 401 33 402
1 3 403 631 402 114
1 3 110 398 632 392
1 3 398 174 403 632
1 3 632 403 114 404
1 3 392 632 404 50
1 3 50 404 633 407
1 3 404 114 405 633
1 3 633 405 175 406
1 3 407 633 406 117
1 3 114 402 634 405
1 3 402 33 408 634
1 3 634 408 115 409
1 3 405 634 409 175
1 3 175 409 635 412
1 3 409 115 410 635
1 3 635 410 4 411
1 3 412 635 411 116
1 3 117 406 636 414
1 3 406 175 412 636
1 3 636 412 116 413
1 3 414 636 413 34
1 3 35 395 637 417
1 3 395 111 415 637
1 3 637 415 176 416
1 3 417 637 416 119
1 3 111 393 638 415
1 3 393 50 407 638
1 3 638 407 117 418
1 3 415 638 418 176
1 3 176 418 639 420
1 3 418 117 414 639
1 3 639 414 34 419
1 3 420 639 419 118
1 3 119 416 640 422
1 3 416 176 420 640
1 3 640 420 118 421
1 3 422 640 421 10
1 3 11 259 641 425
1 3 259 74 423 641
1 3 641 423 177 424
1 3 425 641 424 122
1 3 74 257 642 423
1 3 257 21 426 642
1 3 642 426 120 427
1 3 423 642 427 177
1 3 177 427 643 430
1 3 427 120 428 643
1 3 643 428 51 429
1 3 430 643 429 121
1 3 122 424 644 432
1 3 424 177 430 644
1 3 644 430 121 431
1 3 432 644 431 37
1 3 21 251 645 426
1 3 251 72 433 645
1 3 645 433 178 434
1 3 426 645 434 120
1 3 72 249 646 433
1 3 249 15 389 646
1 3 646 389 112 435
1 3 433 646 435 178
1 3 178 435 647 437
1 3 435 112 396 647
1 3 647 396 35 436
1 3 437 647 436 123
1 3 120 434 648 428
1 3 434 178 437 648
1 3 648 437 123 438
1 3 428 648 438 51
1 3 51 438 649 441
1 3 438 123 439 649
1 3 649 439 179 440
1 3 441 649 440 125
1 3 123 436 650 439
1 3 436 35 417 650
1 3 650 417 119 442
1 3 439 650 442 179
1 3 179 442 651 444
1 3 442 119 422 651
1 3 651 422 10 443
1 3 444 651 443 124
1 3 125 440 652 446
1 3 440 179 444 652
1 3 652 444 124 445
1 3 446 652 445 36
1 3 37 431 653 449
1 3 431 121 447 653
1 3 653 447 180 448
1 3 449 653 448 127
1 3 121 429 654 447
1 3 429 51 441 654
1 3 654 441 125 450
1 3 447 654 450 180
1 3 180 450 655 452
1 3 450 125 446 655
1 3 655 446 36 451
1 3 452 655 451 126
1 3 127 448 656 454
1 3 448 180 452 656
1 3 656 452 126 453
1 3 454 656 453 3
1 3 11 425 657 264
1 3 425 122 455 657
1 3 657 455 181 456
1 3 264 657 456 77
1 3 122 432 658 455
1 3 432 37 457 658
1 3 658 457 128 458
1 3 455 658 458 181
1 3 181 458 659 461
1 3 458 128 459 659
1 3 659 459 52 460
1 3 461 659 460 129
1 3 77 456 660 266
1 3 456 181 461 660
1 3 660 461 129 462
1 3 266 660 462 23
1 3 37 449 661 457
1 3 449 127 463 661
1 3 661 463 182 464
1 3 457 661 464 128
1 3 127 454 662 463
1 3 454 3 465 662
1 3 662 465 130 466
1 3 463 662 466 182
1 3 182 466 663 469
1 3 466 130 467 663
1 3 663 467 38 468
1 3 469 663 468 131
1 3 128 464 664 459
1 3 464 182 469 664
1 3 664 469 131 470
1 3 459 664 470 52
1 3 52 470 665 473
1 3 470 131 471 665
1 3 665 471 183 472
1 3 473 665 472 134
1 3 131 468 666 471
1 3 468 38 474 666
1 3 666 474 132 475
1 3 471 666 475 183
1 3 183 475 667 478
1 3 475 132 476 667
1 3 667 476 12 477
1 3 478 667 477 133
1 3 134 472 668 480
1 3 472 183 478 668
1 3 668 478 133 479
1 3 480 668 479 39
1 3 23 462 669 274
1 3 462 129 481 669
1 3 669 481 184 482
1 3 274 669 482 79
1 3 129 460 670 481
1 3 460 52 473 670
1 3 670 473 134 483
1 3 481 670 483 184
1 3 184 483 671 485
1 3 483 134 480 671
1 3 671 480 39 484
1 3 485 671 484 135
1 3 79 482 672 276
1 3 482 184 485 672
1 3 672 485 135 486
1 3 276 672 486 16
1 3 16 486 673 489
1 3 486 135 487 673
1 3 673 487 185 488
1 3 489 673 488 138
1 3 135 484 674 487
1 3 484 39 490 674
1 3 674 490 136 491
1 3 487 674 491 185
1 3 185 491 675 494
1 3 491 136 492 675
1 3 675 492 53 493
1 3 494 675 493 137
1 3 138 488 676 496
1 3 488 185 494 676
1 3 676 494 137 495
1 3 496 676 495 42
1 3 39 479 677 490
1 3 479 133 497 677
1 3 677 497 186 498
1 3 490 677 498 136
1 3 133 477 678 497
1 3 477 12 499 678
1 3 678 499 139 500
1 3 497 678 500 186
1 3 186 500 679 503
1 3 500 139 501 679
1 3 679 501 40 502
1 3 503 679 502 140
1 3 136 498 680 492
1 3 498 186 503 680
1 3 680 503 140 504
1 3 492 680 504 53
1 3 53 504 681 507
1 3 504 140 505 681
1 3 681 505 187 506
1 3 507 681 506 143
1 3 140 502 682 505
1 3 502 40 508 682
1 3 682 508 141 509
1 3 505 682 509 187
1 3 187 509 683 512
1 3 509 141 510 683
1 3 683 510 5 511
1 3 512 683 511 142
1 3 143 506 684 514
1 3 506 187 512 684
1 3 684 512 142 513
1 3 514 684 513 41
1 3 42 495 685 517
1 3 495 137 515 685
1 3 685 515 188 516
1 3 517 685 516 145
1 3 137 493 686 515
1 3 493 53 507 686
1 3 686 507 143 518
1 3 515 686 518 188
1 3 188 518 687 520
1 3 518 143 514 687
1 3 687 514 41 519
1 3 520 687 519 144
1 3 145 516 688 522
1 3 516 188 520 688
1 3 688 520 144 521
1 3 522 688 521 13
1 3 24 279 689 525
1 3 279 80 523 689
1 3 689 523 189 524
1 3 525 689 524 146
1 3 80 277 690 523
1 3 277 16 489 690
1 3 690 489 138 526
1 3 523 690 526 189
1 3 189 526 691 528
1 3 526 138 496 691
1 3 691 496 42 527
1 3 528 691 527 147
1 3 146 524 692 530
1 3 524 189 528 692
1 3 692 528 147 529
1 3 530 692 529 54
1 3 54 529 693 533
1 3 529 147 531 693
1 3 693 531 190 532
1 3 533 693 532 149
1 3 147 527 694 531
1 3 527 42 517 694
1 3 694 517 145 534
1 3 531 694 534 190
1 3 190 534 695 536
1 3 534 145 522 695
1 3 695 522 13 535
1 3 536 695 535 148
1 3 149 532 696 538
1 3 532 190 536 696
1 3 696 536 148 537
1 3 538 696 537 43

boundary
128
1 1 7 343
1 1 343 98
1 1 98 345
1 1 345 29
1 1 29 351
1 1 351 100
1 1 100 353
1 1 353 1
1 1 6 299
1 1 299 87
1 1 87 301
1 1 301 26
1 1 26 308
1 1 308 89
1 1 89 310
1 1 310 2
1 1 10 443
1 1 443 124
1 1 124 445
1 1 445 36
1 1 36 451
1 1 451 126
1 1 126 453
1 1 453 3
1 1 9 399
1 1 399 113
1 1 113 401
1 1 401 33
1 1 33 408
1 1 408 115
1 1 115 410
1 1 410 4
1 1 13 535
1 1 535 148
1 1 148 537
1 1 537 43
1 1 12 499
1 1 499 139
1 1 139 501
1 1 501 40
1 1 40 508
1 1 508 141
1 1 141 510
1 1 510 5
1 1 2 311
1 1 311 90
1 1 90 313
1 1 313 27
1 1 27 319
1 1 319 92
1 1 92 321
1 1 321 7
1 1 4 411
1 1 411 116
1 1 116 413
1 1 413 34
1 1 34 419
1 1 419 118
1 1 118 421
1 1 421 10
1 1 1 365
1 1 365 104
1 1 104 367
1 1 367 31
1 1 31 374
1 1 374 106
1 1 106 376
1 1 376 9
1 1 5 511
1 1 511 142
1 1 142 513
1 1 513 41
1 1 41 519
1 1 519 144
1 1 144 521
1 1 521 13
1 1 3 465
1 1 465 130
1 1 130 467
1 1 467 38
1 1 38 474
1 1 474 132
1 1 132 476
1 1 476 12
2 1 0 191
2 1 195 17
2 1 17 203
2 1 59 204
2 1 206 60
2 1 60 208
2 1 211 61
2 1 227 0
2 1 22 234
2 1 263 22
2 1 46 270
2 1 273 46
2 1 24 280
2 1 298 6
2 1 25 295
2 1 61 281
2 1 287 25
2 1 282 83
2 1 525 24
2 1 54 530
2 1 533 54
2 1 43 538
2 1 191 55
2 1 55 195
2 1 203 59
2 1 204 151
2 1 151 206
2 1 208 152
2 1 152 211
2 1 68 227
2 1 234 68
2 1 76 263
2 1 270 76
2 1 81 273
2 1 280 81
2 1 82 298
2 1 295 82
2 1 281 160
2 1 83 287
2 1 160 282
2 1 146 525
2 1 530 146
2 1 149 533
2 1 538 149

vertices
697

nodes
FiniteElementSpace
FiniteElementCollection: H1_2D_P1
VDim: 2
Ordering: 1

0 0
0.309017 0.951057
1.30902 0.951057
-0.809017 0.587785
-0.5 1.53884
-1.61803 0
1.15451 0.475529
0.809019 0.951057
0.154508 0.475529
-0.0954915 1.24495
-0.654508 1.06331
-0.404508 0.293893
-1.21352 0.293893
-1.21352 -0.293892
0.654509 0.475529
-0.25 0.769421
-0.809016 0
0.25 0
0.404508 0.475529
0.077254 0.237764
-0.047746 0.622475
-0.327254 0.531657
-0.202254 0.146947
-0.606762 0.146947
-0.606762 -0.146947
0.904509 0.475529
1.23176 0.713293
1.05902 0.951057
0.731764 0.713293
0.559018 0.951057
0.231762 0.713293
0.106763 1.098
-0.172746 1.00719
-0.297746 1.39189
-0.577254 1.30107
-0.452254 0.916365
-0.731762 0.825547
-0.606762 0.440839
-1.01127 0.440839
-1.01127 0.146947
-1.41578 0.146947
-1.41578 -0.146946
-1.01127 -0.146946
-1.01127 -0.440839
0.327254 0.237764
-0.125 0.384711
-0.404508 0
0.981765 0.713293
0.481763 0.713293
0.0295084 0.860239
-0.375 1.15413
-0.529508 0.678602
-0.809015 0.293893
-1.21352 2.5e-07
-0.809015 -0.293893
0.125 0
0.288627 0.118882
0.202254 0.237764
0.038627 0.118882
0.375 0
0.452254 0.237764
0.615882 0.356647
0.529509 0.475529
0.365881 0.356647
0.279508 0.475529
0.115881 0.356647
-0.023873 0.311238
-0.163627 0.265829
-0.101127 0.0734733
0.053381 0.549002
-0.086373 0.503593
-0.148873 0.695948
-0.288627 0.650539
-0.226127 0.458184
-0.365881 0.412775
-0.303381 0.22042
-0.303381 0.0734733
-0.505635 0.22042
-0.505635 0.0734733
-0.707889 0.0734733
-0.707889 -0.0734733
-0.505635 -0.0734733
1.02951 0.475529
0.779509 0.475529
0.943137 0.594411
0.856764 0.713293
0.693137 0.594411
1.19314 0.594411
1.10676 0.713293
1.27039 0.832175
1.18402 0.951057
1.02039 0.832175
0.934019 0.951057
0.770392 0.832175
0.443136 0.594411
0.356763 0.713293
0.193135 0.594411
0.606764 0.713293
0.684019 0.951057
0.520391 0.832175
0.434018 0.951057
0.27039 0.832175
0.130635 0.786766
-0.00911881 0.741357
0.20789 1.02453
0.0681356 0.979121
0.00563562 1.17148
-0.134119 1.12607
-0.0716187 0.933712
-0.211373 0.888303
-0.273873 1.08066
-0.413627 1.03525
-0.351127 0.842893
-0.196619 1.31842
-0.336373 1.27301
-0.398873 1.46537
-0.538627 1.41996
-0.476127 1.2276
-0.615881 1.18219
-0.553381 0.989838
-0.428381 0.60513
-0.568135 0.559721
-0.505635 0.367366
-0.490881 0.797484
-0.693135 0.944429
-0.630635 0.752075
-0.77039 0.706666
-0.70789 0.514312
-0.707889 0.367366
-0.707889 0.22042
-0.910143 0.514312
-0.910142 0.367366
-1.11239 0.367366
-1.11239 0.22042
-0.910142 0.22042
-0.910142 0.0734733
-1.11239 0.0734734
-1.11239 -0.0734729
-0.910142 -0.073473
-1.31465 0.22042
-1.31465 0.0734734
-1.5169 0.0734733
-1.5169 -0.073473
-1.31465 -0.0734729
-1.31465 -0.220419
-1.11239 -0.220419
-0.707889 -0.220419
-0.910142 -0.220419
-1.11239 -0.367365
-0.910142 -0.367366
0.163627 0.118882
0.413627 0.118882
0.490882 0.356647
0.240881 0.356647
-0.0625 0.192355
0.014754 0.43012
-0.1875 0.577066
-0.264754 0.339302
-0.404508 0.146947
-0.606762 0
0.740882 0.356647
0.818137 0.594411
1.06814 0.594411
1.14539 0.832175
0.895392 0.832175
0.318136 0.594411
0.568136 0.594411
0.645391 0.832175
0.39539 0.832175
0.0920082 0.667884
0.169263 0.905648
-0.0329915 1.05259
-0.110246 0.81483
-0.3125 0.961776
-0.235246 1.19954
-0.4375 1.34649
-0.514754 1.10872
-0.467008 0.486248
-0.389754 0.724011
-0.592008 0.870956
-0.669263 0.633193
-0.606762 0.293893
-0.809016 0.440839
-1.01127 0.293893
-0.809015 0.146946
-1.01127 1.875e-07
-1.21352 0.146947
-1.41578 1.875e-07
-1.21352 -0.146946
-0.809015 -0.146946
-1.01127 -0.293892
0.0625 0
0.144314 0.0594411
0.101127 0.118882
0.0193135 0.0594411
0.1875 0
0.269314 0.0594411
0.226127 0.118882
0.307941 0.178323
0.264754 0.237764
0.182941 0.178323
0.139754 0.237764
0.0579405 0.178323
0.3125 0
0.394314 0.0594411
0.351127 0.118882
0.432941 0.178323
0.389754 0.237764
0.471568 0.297206
0.428381 0.356647
0.346568 0.297206
0.553382 0.356647
0.635195 0.416088
0.592009 0.475529
0.510195 0.416088
0.467009 0.475529
0.385195 0.416088
0.221568 0.297206
0.178381 0.356647
0.0965675 0.297206
0.303381 0.356647
0.342008 0.475529
0.260195 0.416088
0.217008 0.475529
0.135194 0.416088
-0.0119365 0.155619
-0.0818135 0.132914
-0.0505635 0.0367366
0.0266905 0.274501
-0.0431865 0.251797
-0.0744365 0.347974
-0.144313 0.32527
-0.113063 0.229092
-0.182941 0.206388
-0.151691 0.11021
0.0653175 0.393383
-0.0045595 0.370679
0.103945 0.512266
0.0340675 0.489561
0.0028175 0.585738
-0.0670595 0.563034
-0.0358095 0.466856
-0.105687 0.444152
-0.136937 0.540329
-0.206813 0.517625
-0.175563 0.421447
-0.0983095 0.659212
-0.168187 0.636507
-0.199437 0.732684
-0.269313 0.70998
-0.238063 0.613802
-0.30794 0.591098
-0.276691 0.49492
-0.214191 0.302565
-0.284068 0.279861
-0.252818 0.183683
-0.245441 0.398743
-0.346568 0.472216
-0.315318 0.376038
-0.385194 0.353334
-0.353944 0.257156
-0.353944 0.183683
-0.353944 0.11021
-0.252818 0.11021
-0.455072 0.257156
-0.455072 0.183683
-0.556199 0.183683
-0.556199 0.11021
-0.455072 0.11021
-0.455072 0.0367366
-0.353944 0.0367366
-0.556199 0.0367366
-0.556199 -0.0367366
-0.455072 -0.0367366
-0.657326 0.11021
-0.657326 0.0367366
-0.758452 0.0367366
-0.758452 -0.0367366
-0.657326 -0.0367366
-0.657326 -0.11021
-0.556199 -0.11021
0.678382 0.356647
0.760196 0.416088
0.717009 0.475529
0.798823 0.53497
0.755637 0.594411
0.673823 0.53497
0.842009 0.475529
0.923823 0.53497
0.880637 0.594411
0.962451 0.653852
0.919264 0.713293
0.837451 0.653852
0.794264 0.713293
0.71245 0.653852
0.96701 0.475529
1.04882 0.53497
1.00564 0.594411
1.09201 0.475529
1.17382 0.53497
1.13064 0.594411
1.21245 0.653852
1.16926 0.713293
1.08745 0.653852
1.04426 0.713293
1.12608 0.772734
1.08289 0.832175
1.00108 0.772734
1.25108 0.772734
1.20789 0.832175
1.28971 0.891616
1.24652 0.951057
1.16471 0.891616
1.12152 0.951057
1.03971 0.891616
0.876078 0.772734
0.832892 0.832175
0.751078 0.772734
0.957892 0.832175
0.996519 0.951057
0.914706 0.891616
0.871519 0.951057
0.789705 0.891616
0.298822 0.53497
0.255635 0.594411
0.173822 0.53497
0.423822 0.53497
0.380636 0.594411
0.46245 0.653852
0.419263 0.713293
0.337449 0.653852
0.294263 0.713293
0.212449 0.653852
0.548822 0.53497
0.505636 0.594411
0.630636 0.594411
0.669264 0.713293
0.58745 0.653852
0.544263 0.713293
0.626077 0.772734
0.582891 0.832175
0.501077 0.772734
0.707891 0.832175
0.746519 0.951057
0.664705 0.891616
0.621518 0.951057
0.539704 0.891616
0.376077 0.772734
0.33289 0.832175
0.251076 0.772734
0.45789 0.832175
0.496518 0.951057
0.414704 0.891616
0.371517 0.951057
0.289703 0.891616
0.142572 0.631148
0.0726946 0.608443
0.181199 0.75003
0.111322 0.727325
0.0800719 0.823503
0.0101948 0.800798
0.0414447 0.704621
-0.0284324 0.681916
0.219826 0.868912
0.149949 0.846207
0.258453 0.987794
0.188576 0.965089
0.157326 1.06127
0.0874492 1.03856
0.118699 0.942385
0.048822 0.91968
0.017572 1.01586
-0.0523051 0.993153
-0.0210552 0.896976
0.0561992 1.13474
-0.013678 1.11204
-0.0449279 1.20821
-0.114805 1.18551
-0.0835551 1.08933
-0.153432 1.06663
-0.122182 0.970449
-0.0596823 0.778094
-0.129559 0.755389
-0.0909323 0.874271
-0.192059 0.947744
-0.160809 0.851567
-0.230686 0.828862
-0.261936 0.925039
-0.331813 0.902334
-0.300563 0.806157
-0.223309 1.04392
-0.293186 1.02122
-0.324436 1.11739
-0.394313 1.09469
-0.363063 0.998512
-0.43294 0.975807
-0.40169 0.879629
-0.184682 1.1628
-0.254559 1.1401
-0.146055 1.28169
-0.215932 1.25898
-0.247182 1.35516
-0.317059 1.33245
-0.285809 1.23628
-0.355686 1.21357
-0.386936 1.30975
-0.456813 1.28704
-0.425563 1.19087
-0.348309 1.42863
-0.418186 1.40593
-0.449436 1.5021
-0.519313 1.4794
-0.488063 1.38322
-0.55794 1.36052
-0.52669 1.26434
-0.46419 1.07198
-0.534067 1.04928
-0.502818 0.953102
-0.49544 1.16816
-0.596567 1.24163
-0.565317 1.14546
-0.635194 1.12275
-0.603944 1.02657
-0.416445 0.449511
-0.486322 0.426807
-0.455072 0.33063
-0.377818 0.568393
-0.447695 0.545689
-0.478945 0.641866
-0.548822 0.619161
-0.517572 0.522984
-0.587449 0.50028
-0.556199 0.404102
-0.339191 0.687275
-0.409068 0.664571
-0.370441 0.783452
-0.471568 0.856925
-0.440318 0.760748
-0.510195 0.738043
-0.541445 0.83422
-0.611322 0.811516
-0.580072 0.715339
-0.572695 0.930397
-0.673822 1.00387
-0.642572 0.907693
-0.712449 0.884988
-0.681199 0.788811
-0.618699 0.596457
-0.688576 0.573753
-0.657326 0.477575
-0.649949 0.692634
-0.751076 0.766107
-0.719826 0.66993
-0.789703 0.647226
-0.758453 0.551049
-0.556199 0.330629
-0.556198 0.257156
-0.657326 0.404102
-0.657325 0.330629
-0.758452 0.330629
-0.758452 0.257156
-0.657325 0.257156
-0.657325 0.183683
-0.758453 0.477575
-0.758452 0.404102
-0.85958 0.551049
-0.859579 0.477575
-0.960706 0.477575
-0.960705 0.404102
-0.859579 0.404102
-0.859579 0.330629
-0.960705 0.330629
-0.960705 0.257156
-0.859578 0.257156
-1.06183 0.404102
-1.06183 0.330629
-1.16296 0.33063
-1.16296 0.257156
-1.06183 0.257156
-1.06183 0.183683
-0.960705 0.183683
-0.758452 0.183683
-0.758452 0.11021
-0.859578 0.183683
-0.960705 0.11021
-0.859579 0.11021
-0.859579 0.0367366
-0.960705 0.0367367
-0.960705 -0.0367364
-0.859579 -0.0367365
-1.06183 0.11021
-1.06183 0.0367368
-1.16296 0.0367368
-1.16296 -0.0367363
-1.06183 -0.0367363
-1.06183 -0.110209
-0.960705 -0.110209
-1.16296 0.183683
-1.16296 0.11021
-1.26408 0.257156
-1.26408 0.183683
-1.36521 0.183683
-1.36521 0.11021
-1.26408 0.11021
-1.26408 0.0367368
-1.36521 0.0367368
-1.36521 -0.0367363
-1.26408 -0.0367363
-1.46634 0.11021
-1.46634 0.0367367
-1.56747 0.0367366
-1.56747 -0.0367365
-1.46634 -0.0367364
-1.46634 -0.110209
-1.36521 -0.110209
-1.16296 -0.110209
-1.16296 -0.183682
-1.06183 -0.183682
-1.26408 -0.110209
-1.36521 -0.183682
-1.26408 -0.183682
-1.26408 -0.257155
-1.16296 -0.257155
-0.758452 -0.11021
-0.758452 -0.183683
-0.657325 -0.183683
-0.859579 -0.11021
-0.960705 -0.183683
-0.859578 -0.183683
-0.859578 -0.257156
-0.758452 -0.257156
-0.960705 -0.257156
-0.960705 -0.330629
-0.859579 -0.330629
-1.06183 -0.257156
-1.16296 -0.330629
-1.06183 -0.330629
-1.06183 -0.404102
-0.960705 -0.404102
0.0818135 0.0594411
0.206814 0.0594411
0.245441 0.178323
0.120441 0.178323
0.331814 0.0594411
0.370441 0.178323
0.409068 0.297206
0.572695 0.416088
0.447695 0.416088
0.159068 0.297206
0.284068 0.297206
0.322695 0.416088
0.197695 0.416088
-0.03125 0.0961777
0.007377 0.21506
-0.09375 0.288533
-0.132377 0.169651
0.046004 0.333942
0.084631 0.452824
-0.016496 0.526297
-0.055123 0.407415
-0.15625 0.480888
-0.117623 0.59977
-0.21875 0.673243
-0.257377 0.554361
-0.233504 0.243124
-0.194877 0.362006
-0.296004 0.435479
-0.334631 0.316597
-0.303381 0.146947
-0.404508 0.22042
-0.505635 0.146947
-0.404508 0.0734733
-0.505635 0
-0.606762 0.0734733
-0.707889 0
-0.606762 -0.0734733
0.697695 0.416088
0.736323 0.53497
0.861323 0.53497
0.899951 0.653852
0.77495 0.653852
0.986323 0.53497
1.11132 0.53497
1.14995 0.653852
1.02495 0.653852
1.06358 0.772734
1.18858 0.772734
1.22721 0.891616
1.10221 0.891616
0.813578 0.772734
0.938578 0.772734
0.977206 0.891616
0.852205 0.891616
0.236322 0.53497
0.361322 0.53497
0.399949 0.653852
0.274949 0.653852
0.486322 0.53497
0.611323 0.53497
0.64995 0.653852
0.52495 0.653852
0.563577 0.772734
0.688578 0.772734
0.727205 0.891616
0.602205 0.891616
0.313576 0.772734
0.438577 0.772734
0.477204 0.891616
0.352204 0.891616
0.123258 0.571707
0.161885 0.690589
0.0607583 0.764062
0.0221311 0.64518
0.200513 0.809471
0.23914 0.928353
0.138013 1.00183
0.0993855 0.882944
-0.00174157 0.956417
0.0368856 1.0753
-0.0642415 1.14877
-0.102869 1.02989
-0.0789959 0.718653
-0.0403687 0.837535
-0.141496 0.911008
-0.180123 0.792126
-0.28125 0.865598
-0.242623 0.984481
-0.34375 1.05795
-0.382377 0.939071
-0.203996 1.10336
-0.165369 1.22225
-0.266496 1.29572
-0.305123 1.17684
-0.40625 1.25031
-0.367623 1.36919
-0.46875 1.44266
-0.507377 1.32378
-0.483504 1.01254
-0.444877 1.13143
-0.546004 1.2049
-0.584631 1.08602
-0.435758 0.39007
-0.397131 0.508952
-0.498258 0.582425
-0.536885 0.463543
-0.358504 0.627834
-0.319877 0.746716
-0.421004 0.820189
-0.459631 0.701307
-0.560758 0.774779
-0.522131 0.893661
-0.623258 0.967133
-0.661885 0.848252
-0.638013 0.537016
-0.599385 0.655898
-0.700513 0.729371
-0.73914 0.610489
-0.505635 0.293893
-0.606762 0.367366
-0.707889 0.293893
-0.606762 0.22042
-0.707889 0.440839
-0.809016 0.514312
-0.910142 0.440839
-0.809015 0.367366
-0.910142 0.293893
-1.01127 0.367366
-1.11239 0.293893
-1.01127 0.22042
-0.707889 0.146946
-0.809015 0.22042
-0.910142 0.146946
-0.809016 0.0734732
-0.910142 1.09375e-07
-1.01127 0.0734733
-1.11239 2.34375e-07
-1.01127 -0.0734729
-1.11239 0.146947
-1.21352 0.22042
-1.31465 0.146947
-1.21352 0.0734734
-1.31465 2.34375e-07
-1.41578 0.0734733
-1.5169 1.09375e-07
-1.41578 -0.0734729
-1.11239 -0.146946
-1.21352 -0.0734729
-1.31465 -0.146946
-1.21352 -0.220419
-0.707889 -0.146946
-0.809016 -0.0734731
-0.910142 -0.146946
-0.809015 -0.220419
-0.910142 -0.293892
-1.01127 -0.220419
-1.11239 -0.293892
-1.01127 -0.367365
