MFEM mesh v1.0

#
# MFEM Geometry Types (see mesh/geom.hpp):
#
# POINT       = 0
# SEGMENT     = 1
# TRIANGLE    = 2
# SQUARE      = 3
# TETRAHEDRON = 4
# CUBE        = 5
# PRISM       = 6
#

dimension
2

elements
648
1 3 56 193 547 196
1 3 193 6 194 547
1 3 547 194 57 195
1 3 196 547 195 151
1 3 151 195 548 199
1 3 195 57 197 548
1 3 548 197 17 198
1 3 199 548 198 58
1 3 58 198 549 202
1 3 198 17 200 549
1 3 549 200 59 201
1 3 202 549 201 152
1 3 0 203 550 206
1 3 203 60 204 550
1 3 550 204 153 205
1 3 206 550 205 63
1 3 60 207 551 204
1 3 207 18 208 551
1 3 551 208 61 209
1 3 204 551 209 153
1 3 153 209 552 212
1 3 209 61 210 552
1 3 552 210 44 211
1 3 212 552 211 62
1 3 63 205 553 214
1 3 205 153 212 553
1 3 553 212 62 213
1 3 214 553 213 20
1 3 20 213 554 217
1 3 213 62 215 554
1 3 554 215 154 216
1 3 217 554 216 66
1 3 62 211 555 215
1 3 211 44 218 555
1 3 555 218 64 219
1 3 215 555 219 154
1 3 154 219 556 222
1 3 219 64 220 556
1 3 556 220 19 221
1 3 222 556 221 65
1 3 66 216 557 224
1 3 216 154 222 557
1 3 557 222 65 223
1 3 224 557 223 8
1 3 0 206 558 227
1 3 206 63 225 558
1 3 558 225 155 226
1 3 227 558 226 69
1 3 63 214 559 225
1 3 214 20 228 559
1 3 559 228 67 229
1 3 225 559 229 155
1 3 155 229 560 232
1 3 229 67 230 560
1 3 560 230 45 231
1 3 232 560 231 68
1 3 69 226 561 234
1 3 226 155 232 561
1 3 561 232 68 233
1 3 234 561 233 23
1 3 20 217 562 228
1 3 217 66 235 562
1 3 562 235 156 236
1 3 228 562 236 67
1 3 66 224 563 235
1 3 224 8 237 563
1 3 563 237 70 238
1 3 235 563 238 156
1 3 156 238 564 241
1 3 238 70 239 564
1 3 564 239 21 240
1 3 241 564 240 71
1 3 67 236 565 230
1 3 236 156 241 565
1 3 565 241 71 242
1 3 230 565 242 45
1 3 45 242 566 245
1 3 242 71 243 566
1 3 566 243 157 244
1 3 245 566 244 74
1 3 71 240 567 243
1 3 240 21 246 567
1 3 567 246 72 247
1 3 243 567 247 157
1 3 157 247 568 250
1 3 247 72 248 568
1 3 568 248 14 249
1 3 250 568 249 73
1 3 74 244 569 252
1 3 244 157 250 569
1 3 569 250 73 251
1 3 252 569 251 22
1 3 23 233 570 255
1 3 233 68 253 570
1 3 570 253 158 254
1 3 255 570 254 76
1 3 68 231 571 253
1 3 231 45 245 571
1 3 571 245 74 256
1 3 253 571 256 158
1 3 158 256 572 258
1 3 256 74 252 572
1 3 572 252 22 257
1 3 258 572 257 75
1 3 76 254 573 260
1 3 254 158 258 573
1 3 573 258 75 259
1 3 260 573 259 11
1 3 0 227 574 263
1 3 227 69 261 574
1 3 574 261 159 262
1 3 263 574 262 55
1 3 69 234 575 261
1 3 234 23 264 575
1 3 575 264 77 265
1 3 261 575 265 159
1 3 159 265 576 268
1 3 265 77 266 576
1 3 576 266 46 267
1 3 268 576 267 78
1 3 55 262 577 270
1 3 262 159 268 577
1 3 577 268 78 269
1 3 270 577 269 16
1 3 23 255 578 264
1 3 255 76 271 578
1 3 578 271 160 272
1 3 264 578 272 77
1 3 76 260 579 271
1 3 260 11 273 579
1 3 579 273 79 274
1 3 271 579 274 160
1 3 160 274 580 277
1 3 274 79 275 580
1 3 580 275 24 276
1 3 277 580 276 80
1 3 77 272 581 266
1 3 272 160 277 581
1 3 581 277 80 278
1 3 266 581 278 46
1 3 46 278 582 281
1 3 278 80 279 582
1 3 582 279 161 280
1 3 281 582 280 83
1 3 80 276 583 279
1 3 276 24 282 583
1 3 583 282 81 283
1 3 279 583 283 161
1 3 161 283 584 286
1 3 283 81 284 584
1 3 584 284 15 285
1 3 286 584 285 82
1 3 83 280 585 288
1 3 280 161 286 585
1 3 585 286 82 287
1 3 288 585 287 25
1 3 16 269 586 291
1 3 269 78 289 586
1 3 586 289 162 290
1 3 291 586 290 56
1 3 78 267 587 289
1 3 267 46 281 587
1 3 587 281 83 292
1 3 289 587 292 162
1 3 162 292 588 294
1 3 292 83 288 588
1 3 588 288 25 293
1 3 294 588 293 84
1 3 56 290 589 193
1 3 290 162 294 589
1 3 589 294 84 295
1 3 193 589 295 6
1 3 6 296 590 194
1 3 296 85 297 590
1 3 590 297 163 298
1 3 194 590 298 57
1 3 85 299 591 297
1 3 299 26 300 591
1 3 591 300 86 301
1 3 297 591 301 163
1 3 163 301 592 304
1 3 301 86 302 592
1 3 592 302 47 303
1 3 304 592 303 87
1 3 57 298 593 197
1 3 298 163 304 593
1 3 593 304 87 305
1 3 197 593 305 17
1 3 26 306 594 300
1 3 306 88 307 594
1 3 594 307 164 308
1 3 300 594 308 86
1 3 88 309 595 307
1 3 309 1 310 595
1 3 595 310 89 311
1 3 307 595 311 164
1 3 164 311 596 314
1 3 311 89 312 596
1 3 596 312 27 313
1 3 314 596 313 90
1 3 86 308 597 302
1 3 308 164 314 597
1 3 597 314 90 315
1 3 302 597 315 47
1 3 47 315 598 318
1 3 315 90 316 598
1 3 598 316 165 317
1 3 318 598 317 93
1 3 90 313 599 316
1 3 313 27 319 599
1 3 599 319 91 320
1 3 316 599 320 165
1 3 165 320 600 323
1 3 320 91 321 600
1 3 600 321 7 322
1 3 323 600 322 92
1 3 93 317 601 325
1 3 317 165 323 601
1 3 601 323 92 324
1 3 325 601 324 28
1 3 17 305 602 200
1 3 305 87 326 602
1 3 602 326 166 327
1 3 200 602 327 59
1 3 87 303 603 326
1 3 303 47 318 603
1 3 603 318 93 328
1 3 326 603 328 166
1 3 166 328 604 330
1 3 328 93 325 604
1 3 604 325 28 329
1 3 330 604 329 94
1 3 8 223 605 333
1 3 223 65 331 605
1 3 605 331 167 332
1 3 333 605 332 97
1 3 65 221 606 331
1 3 221 19 334 606
1 3 606 334 95 335
1 3 331 606 335 167
1 3 167 335 607 338
1 3 335 95 336 607
1 3 607 336 48 337
1 3 338 607 337 96
1 3 97 332 608 340
1 3 332 167 338 608
1 3 608 338 96 339
1 3 340 608 339 30
1 3 30 339 609 343
1 3 339 96 341 609
1 3 609 341 168 342
1 3 343 609 342 100
1 3 96 337 610 341
1 3 337 48 344 610
1 3 610 344 98 345
1 3 341 610 345 168
1 3 168 345 611 348
1 3 345 98 346 611
1 3 611 346 29 347
1 3 348 611 347 99
1 3 100 342 612 350
1 3 342 168 348 612
1 3 612 348 99 349
1 3 350 612 349 2
1 3 8 333 613 237
1 3 333 97 351 613
1 3 613 351 169 352
1 3 237 613 352 70
1 3 97 340 614 351
1 3 340 30 353 614
1 3 614 353 101 354
1 3 351 614 354 169
1 3 169 354 615 357
1 3 354 101 355 615
1 3 615 355 49 356
1 3 357 615 356 102
1 3 70 352 616 239
1 3 352 169 357 616
1 3 616 357 102 358
1 3 239 616 358 21
1 3 30 343 617 353
1 3 343 100 359 617
1 3 617 359 170 360
1 3 353 617 360 101
1 3 100 350 618 359
1 3 350 2 361 618
1 3 618 361 103 362
1 3 359 618 362 170
1 3 170 362 619 365
1 3 362 103 363 619
1 3 619 363 31 364
1 3 365 619 364 104
1 3 101 360 620 355
1 3 360 170 365 620
1 3 620 365 104 366
1 3 355 620 366 49
1 3 49 366 621 369
1 3 366 104 367 621
1 3 621 367 171 368
1 3 369 621 368 107
1 3 104 364 622 367
1 3 364 31 370 622
1 3 622 370 105 371
1 3 367 622 371 171
1 3 171 371 623 374
1 3 371 105 372 623
1 3 623 372 9 373
1 3 374 623 373 106
1 3 107 368 624 376
1 3 368 171 374 624
1 3 624 374 106 375
1 3 376 624 375 32
1 3 21 358 625 246
1 3 358 102 377 625
1 3 625 377 172 378
1 3 246 625 378 72
1 3 102 356 626 377
1 3 356 49 369 626
1 3 626 369 107 379
1 3 377 626 379 172
1 3 172 379 627 381
1 3 379 107 376 627
1 3 627 376 32 380
1 3 381 627 380 108
1 3 72 378 628 248
1 3 378 172 381 628
1 3 628 381 108 382
1 3 248 628 382 14
1 3 14 382 629 385
1 3 382 108 383 629
1 3 629 383 173 384
1 3 385 629 384 111
1 3 108 380 630 383
1 3 380 32 386 630
1 3 630 386 109 387
1 3 383 630 387 173
1 3 173 387 631 390
1 3 387 109 388 631
1 3 631 388 50 389
1 3 390 631 389 110
1 3 111 384 632 392
1 3 384 173 390 632
1 3 632 390 110 391
1 3 392 632 391 35
1 3 32 375 633 386
1 3 375 106 393 633
1 3 633 393 174 394
1 3 386 633 394 109
1 3 106 373 634 393
1 3 373 9 395 634
1 3 634 395 112 396
1 3 393 634 396 174
1 3 174 396 635 399
1 3 396 112 397 635
1 3 635 397 33 398
1 3 399 635 398 113
1 3 109 394 636 388
1 3 394 174 399 636
1 3 636 399 113 400
1 3 388 636 400 50
1 3 50 400 637 403
1 3 400 113 401 637
1 3 637 401 175 402
1 3 403 637 402 116
1 3 113 398 638 401
1 3 398 33 404 638
1 3 638 404 114 405
1 3 401 638 405 175
1 3 175 405 639 408
1 3 405 114 406 639
1 3 639 406 4 407
1 3 408 639 407 115
1 3 116 402 640 410
1 3 402 175 408 640
1 3 640 408 115 409
1 3 410 640 409 34
1 3 35 391 641 413
1 3 391 110 411 641
1 3 641 411 176 412
1 3 413 641 412 118
1 3 110 389 642 411
1 3 389 50 403 642
1 3 642 403 116 414
1 3 411 642 414 176
1 3 176 414 643 416
1 3 414 116 410 643
1 3 643 410 34 415
1 3 416 643 415 117
1 3 118 412 644 418
1 3 412 176 416 644
1 3 644 416 117 417
1 3 418 644 417 10
1 3 11 259 645 421
1 3 259 75 419 645
1 3 645 419 177 420
1 3 421 645 420 121
1 3 75 257 646 419
1 3 257 22 422 646
1 3 646 422 119 423
1 3 419 646 423 177
1 3 177 423 647 426
1 3 423 119 424 647
1 3 647 424 51 425
1 3 426 647 425 120
1 3 121 420 648 428
1 3 420 177 426 648
1 3 648 426 120 427
1 3 428 648 427 37
1 3 22 251 649 422
1 3 251 73 429 649
1 3 649 429 178 430
1 3 422 649 430 119
1 3 73 249 650 429
1 3 249 14 385 650
1 3 650 385 111 431
1 3 429 650 431 178
1 3 178 431 651 433
1 3 431 111 392 651
1 3 651 392 35 432
1 3 433 651 432 122
1 3 119 430 652 424
1 3 430 178 433 652
1 3 652 433 122 434
1 3 424 652 434 51
1 3 51 434 653 437
1 3 434 122 435 653
1 3 653 435 179 436
1 3 437 653 436 124
1 3 122 432 654 435
1 3 432 35 413 654
1 3 654 413 118 438
1 3 435 654 438 179
1 3 179 438 655 440
1 3 438 118 418 655
1 3 655 418 10 439
1 3 440 655 439 123
1 3 124 436 656 442
1 3 436 179 440 656
1 3 656 440 123 441
1 3 442 656 441 36
1 3 37 427 657 445
1 3 427 120 443 657
1 3 657 443 180 444
1 3 445 657 444 126
1 3 120 425 658 443
1 3 425 51 437 658
1 3 658 437 124 446
1 3 443 658 446 180
1 3 180 446 659 448
1 3 446 124 442 659
1 3 659 442 36 447
1 3 448 659 447 125
1 3 126 444 660 450
1 3 444 180 448 660
1 3 660 448 125 449
1 3 450 660 449 3
1 3 11 421 661 273
1 3 421 121 451 661
1 3 661 451 181 452
1 3 273 661 452 79
1 3 121 428 662 451
1 3 428 37 453 662
1 3 662 453 127 454
1 3 451 662 454 181
1 3 181 454 663 457
1 3 454 127 455 663
1 3 663 455 52 456
1 3 457 663 456 128
1 3 79 452 664 275
1 3 452 181 457 664
1 3 664 457 128 458
1 3 275 664 458 24
1 3 37 445 665 453
1 3 445 126 459 665
1 3 665 459 182 460
1 3 453 665 460 127
1 3 126 450 666 459
1 3 450 3 461 666
1 3 666 461 129 462
1 3 459 666 462 182
1 3 182 462 667 465
1 3 462 129 463 667
1 3 667 463 38 464
1 3 465 667 464 130
1 3 127 460 668 455
1 3 460 182 465 668
1 3 668 465 130 466
1 3 455 668 466 52
1 3 52 466 669 469
1 3 466 130 467 669
1 3 669 467 183 468
1 3 469 669 468 133
1 3 130 464 670 467
1 3 464 38 470 670
1 3 670 470 131 471
1 3 467 670 471 183
1 3 183 471 671 474
1 3 471 131 472 671
1 3 671 472 12 473
1 3 474 671 473 132
1 3 133 468 672 476
1 3 468 183 474 672
1 3 672 474 132 475
1 3 476 672 475 39
1 3 24 458 673 282
1 3 458 128 477 673
1 3 673 477 184 478
1 3 282 673 478 81
1 3 128 456 674 477
1 3 456 52 469 674
1 3 674 469 133 479
1 3 477 674 479 184
1 3 184 479 675 481
1 3 479 133 476 675
1 3 675 476 39 480
1 3 481 675 480 134
1 3 81 478 676 284
1 3 478 184 481 676
1 3 676 481 134 482
1 3 284 676 482 15
1 3 15 482 677 485
1 3 482 134 483 677
1 3 677 483 185 484
1 3 485 677 484 137
1 3 134 480 678 483
1 3 480 39 486 678
1 3 678 486 135 487
1 3 483 678 487 185
1 3 185 487 679 490
1 3 487 135 488 679
1 3 679 488 53 489
1 3 490 679 489 136
1 3 137 484 680 492
1 3 484 185 490 680
1 3 680 490 136 491
1 3 492 680 491 42
1 3 39 475 681 486
1 3 475 132 493 681
1 3 681 493 186 494
1 3 486 681 494 135
1 3 132 473 682 493
1 3 473 12 495 682
1 3 682 495 138 496
1 3 493 682 496 186
1 3 186 496 683 499
1 3 496 138 497 683
1 3 683 497 40 498
1 3 499 683 498 139
1 3 135 494 684 488
1 3 494 186 499 684
1 3 684 499 139 500
1 3 488 684 500 53
1 3 53 500 685 503
1 3 500 139 501 685
1 3 685 501 187 502
1 3 503 685 502 142
1 3 139 498 686 501
1 3 498 40 504 686
1 3 686 504 140 505
1 3 501 686 505 187
1 3 187 505 687 508
1 3 505 140 506 687
1 3 687 506 5 507
1 3 508 687 507 141
1 3 142 502 688 510
1 3 502 187 508 688
1 3 688 508 141 509
1 3 510 688 509 41
1 3 42 491 689 513
1 3 491 136 511 689
1 3 689 511 188 512
1 3 513 689 512 144
1 3 136 489 690 511
1 3 489 53 503 690
1 3 690 503 142 514
1 3 511 690 514 188
1 3 188 514 691 516
1 3 514 142 510 691
1 3 691 510 41 515
1 3 516 691 515 143
1 3 144 512 692 518
1 3 512 188 516 692
1 3 692 516 143 517
1 3 518 692 517 13
1 3 6 295 693 296
1 3 295 84 519 693
1 3 693 519 189 520
1 3 296 693 520 85
1 3 84 293 694 519
1 3 293 25 521 694
1 3 694 521 145 522
1 3 519 694 522 189
1 3 189 522 695 525
1 3 522 145 523 695
1 3 695 523 54 524
1 3 525 695 524 146
1 3 85 520 696 299
1 3 520 189 525 696
1 3 696 525 146 526
1 3 299 696 526 26
1 3 25 287 697 521
1 3 287 82 527 697
1 3 697 527 190 528
1 3 521 697 528 145
1 3 82 285 698 527
1 3 285 15 485 698
1 3 698 485 137 529
1 3 527 698 529 190
1 3 190 529 699 531
1 3 529 137 492 699
1 3 699 492 42 530
1 3 531 699 530 147
1 3 145 528 700 523
1 3 528 190 531 700
1 3 700 531 147 532
1 3 523 700 532 54
1 3 54 532 701 535
1 3 532 147 533 701
1 3 701 533 191 534
1 3 535 701 534 149
1 3 147 530 702 533
1 3 530 42 513 702
1 3 702 513 144 536
1 3 533 702 536 191
1 3 191 536 703 538
1 3 536 144 518 703
1 3 703 518 13 537
1 3 538 703 537 148
1 3 149 534 704 540
1 3 534 191 538 704
1 3 704 538 148 539
1 3 540 704 539 43
1 3 26 526 705 306
1 3 526 146 541 705
1 3 705 541 192 542
1 3 306 705 542 88
1 3 146 524 706 541
1 3 524 54 535 706
1 3 706 535 149 543
1 3 541 706 543 192
1 3 192 543 707 545
1 3 543 149 540 707
1 3 707 540 43 544
1 3 545 707 544 150
1 3 88 542 708 309
1 3 542 192 545 708
1 3 708 545 150 546
1 3 309 708 546 1

boundary
120
1 1 29 347
1 1 347 99
1 1 99 349
1 1 349 2
1 1 10 439
1 1 439 123
1 1 123 441
1 1 441 36
1 1 36 447
1 1 447 125
1 1 125 449
1 1 449 3
1 1 9 395
1 1 395 112
1 1 112 397
1 1 397 33
1 1 33 404
1 1 404 114
1 1 114 406
1 1 406 4
1 1 13 537
1 1 537 148
1 1 148 539
1 1 539 43
1 1 43 544
1 1 544 150
1 1 150 546
1 1 546 1
1 1 12 495
1 1 495 138
1 1 138 497
1 1 497 40
1 1 40 504
1 1 504 140
1 1 140 506
1 1 506 5
1 1 1 310
1 1 310 89
1 1 89 312
1 1 312 27
1 1 27 319
1 1 319 91
1 1 91 321
1 1 321 7
1 1 4 407
1 1 407 115
1 1 115 409
1 1 409 34
1 1 34 415
1 1 415 117
1 1 117 417
1 1 417 10
1 1 2 361
1 1 361 103
1 1 103 363
1 1 363 31
1 1 31 370
1 1 370 105
1 1 105 372
1 1 372 9
1 1 5 507
1 1 507 141
1 1 141 509
1 1 509 41
1 1 41 515
1 1 515 143
1 1 143 517
1 1 517 13
1 1 3 461
1 1 461 129
1 1 129 463
1 1 463 38
1 1 38 470
1 1 470 131
1 1 131 472
1 1 472 12
3 1 263 0
3 1 16 270
3 1 291 16
3 1 196 56
3 1 58 199
3 1 202 58
3 1 59 201
3 1 0 203
3 1 207 18
3 1 18 208
3 1 210 44
3 1 44 218
3 1 220 19
3 1 7 322
3 1 324 28
3 1 327 59
3 1 28 329
3 1 94 330
3 1 19 334
3 1 336 48
3 1 48 344
3 1 346 29
3 1 55 263
3 1 270 55
3 1 56 291
3 1 151 196
3 1 199 151
3 1 152 202
3 1 201 152
3 1 203 60
3 1 60 207
3 1 208 61
3 1 61 210
3 1 218 64
3 1 64 220
3 1 322 92
3 1 92 324
3 1 166 327
3 1 329 94
3 1 330 166
3 1 334 95
3 1 95 336
3 1 344 98
3 1 98 346

vertices
709

nodes
FiniteElementSpace
FiniteElementCollection: H1_2D_P1
VDim: 2
Ordering: 1

0 0
1 0
-0.809017 -0.587785
0.309017 -0.951057
-0.5 -1.53884
1.30902 -0.951057
0.5 0
1.15451 0.475529
-0.404508 -0.293893
-0.654508 -1.06331
-0.0954915 -1.24495
0.154508 -0.475529
0.809019 -0.951057
1.15451 -0.475529
-0.25 -0.76942
0.654509 -0.475529
0.25 0
0.577255 0.237764
-0.202254 0.146947
-0.606762 -0.146947
-0.202254 -0.146947
-0.327254 -0.531656
-0.047746 -0.622475
0.077254 -0.237764
0.404508 -0.475529
0.577255 -0.237764
0.75 0
1.07726 0.237764
0.904509 0.475529
-1.01127 -0.440839
-0.606762 -0.440839
-0.731762 -0.825547
-0.452254 -0.916365
-0.577254 -1.30107
-0.297746 -1.39189
-0.172746 -1.00718
0.106763 -1.098
0.231762 -0.713293
0.559018 -0.951057
0.731764 -0.713293
1.05902 -0.951057
1.23176 -0.713293
0.904509 -0.475529
1.07726 -0.237764
-0.404508 0
-0.125 -0.38471
0.327254 -0.237764
0.827255 0.237764
-0.809015 -0.293893
-0.529508 -0.678602
-0.375 -1.15413
0.0295084 -0.860239
0.481763 -0.713293
0.981765 -0.713293
0.827255 -0.237764
0.125 0
0.375 0
0.538627 0.118882
0.452254 0.237764
0.615882 0.356647
-0.101127 0.0734733
-0.303381 0.0734733
-0.303381 -0.0734733
-0.101127 -0.0734733
-0.505635 -0.0734733
-0.505635 -0.22042
-0.303381 -0.22042
-0.163627 -0.265828
-0.023873 -0.311237
0.038627 -0.118882
-0.365881 -0.412775
-0.226127 -0.458183
-0.288627 -0.650538
-0.148873 -0.695947
-0.086373 -0.503592
0.053381 -0.549002
0.115881 -0.356647
0.202254 -0.237764
0.288627 -0.118882
0.279508 -0.475529
0.365881 -0.356647
0.529509 -0.475529
0.615882 -0.356647
0.452254 -0.237764
0.538627 -0.118882
0.625 0
0.788627 0.118882
0.702255 0.237764
0.875 0
1.03863 0.118882
0.952255 0.237764
1.11588 0.356647
1.02951 0.475529
0.865882 0.356647
0.779509 0.475529
-0.707889 -0.220419
-0.707889 -0.367366
-0.505635 -0.367366
-0.910142 -0.367366
-0.910143 -0.514312
-0.70789 -0.514312
-0.568135 -0.55972
-0.428381 -0.605129
-0.77039 -0.706666
-0.630635 -0.752075
-0.693135 -0.944429
-0.553381 -0.989837
-0.490881 -0.797484
-0.351127 -0.842893
-0.413627 -1.03525
-0.273873 -1.08066
-0.211373 -0.888302
-0.615881 -1.18219
-0.476127 -1.2276
-0.538627 -1.41996
-0.398873 -1.46537
-0.336373 -1.27301
-0.196619 -1.31842
-0.134119 -1.12607
-0.00911881 -0.741357
0.130635 -0.786766
0.193135 -0.594411
-0.0716187 -0.933712
0.00563562 -1.17148
0.0681356 -0.979121
0.20789 -1.02453
0.27039 -0.832175
0.356763 -0.713293
0.443136 -0.594411
0.434018 -0.951057
0.520391 -0.832175
0.684019 -0.951057
0.770392 -0.832175
0.606764 -0.713293
0.693137 -0.594411
0.856764 -0.713293
0.943137 -0.594411
0.779509 -0.475529
0.934019 -0.951057
1.02039 -0.832175
1.18402 -0.951057
1.27039 -0.832175
1.10676 -0.713293
1.19314 -0.594411
1.02951 -0.475529
0.702255 -0.237764
0.788627 -0.118882
0.865882 -0.356647
1.11588 -0.356647
0.952255 -0.237764
1.03863 -0.118882
0.413627 0.118882
0.490882 0.356647
-0.202254 0
-0.404508 -0.146947
-0.0625 -0.192355
-0.264754 -0.339302
-0.1875 -0.577065
0.014754 -0.43012
0.163627 -0.118882
0.240881 -0.356647
0.490882 -0.356647
0.413627 -0.118882
0.663627 0.118882
0.913627 0.118882
0.990882 0.356647
0.740882 0.356647
-0.606762 -0.293893
-0.809016 -0.440839
-0.467008 -0.486248
-0.669263 -0.633193
-0.592008 -0.870956
-0.389754 -0.724011
-0.3125 -0.961775
-0.514754 -1.10872
-0.4375 -1.34648
-0.235246 -1.19954
0.0920082 -0.667884
-0.110246 -0.81483
-0.0329915 -1.05259
0.169263 -0.905648
0.318136 -0.594411
0.39539 -0.832175
0.645391 -0.832175
0.568136 -0.594411
0.818137 -0.594411
0.895392 -0.832175
1.14539 -0.832175
1.06814 -0.594411
0.663627 -0.118882
0.740882 -0.356647
0.990882 -0.356647
0.913627 -0.118882
0.4375 0
0.519314 0.0594411
0.476127 0.118882
0.394314 0.0594411
0.557941 0.178323
0.514754 0.237764
0.432941 0.178323
0.596568 0.297206
0.553382 0.356647
0.471568 0.297206
-0.0505635 0.0367366
-0.151691 0.0367366
-0.151691 -0.0367366
-0.0505635 -0.0367366
-0.151691 0.11021
-0.252818 0.11021
-0.252818 0.0367366
-0.353944 0.0367366
-0.353944 -0.0367366
-0.252818 -0.0367366
-0.252818 -0.11021
-0.151691 -0.11021
-0.353944 -0.11021
-0.353944 -0.183683
-0.252818 -0.183683
-0.455072 -0.0367366
-0.455072 -0.11021
-0.556199 -0.11021
-0.556199 -0.183683
-0.455072 -0.183683
-0.455072 -0.257156
-0.353944 -0.257156
-0.0818135 -0.132914
-0.0119365 -0.155619
0.0193135 -0.0594411
-0.182941 -0.206388
-0.113063 -0.229092
-0.144313 -0.325269
-0.0744365 -0.347974
-0.0431865 -0.251796
0.0266905 -0.274501
0.0579405 -0.178323
-0.284068 -0.279861
-0.214191 -0.302565
-0.385194 -0.353334
-0.315318 -0.376038
-0.346568 -0.472216
-0.276691 -0.49492
-0.245441 -0.398743
-0.175563 -0.421447
-0.206813 -0.517624
-0.136936 -0.540329
-0.105687 -0.444151
-0.30794 -0.591097
-0.238063 -0.613802
-0.269313 -0.709979
-0.199437 -0.732684
-0.168186 -0.636506
-0.0983095 -0.659211
-0.0670595 -0.563033
-0.0045595 -0.370679
0.0653175 -0.393383
0.0965675 -0.297206
-0.0358095 -0.466856
0.0028175 -0.585738
0.0340675 -0.489561
0.103945 -0.512265
0.135194 -0.416088
0.101127 -0.118882
0.144314 -0.0594411
0.0625 0
0.139754 -0.237764
0.182941 -0.178323
0.264754 -0.237764
0.307941 -0.178323
0.226127 -0.118882
0.269314 -0.0594411
0.1875 0
0.178381 -0.356647
0.221568 -0.297206
0.217008 -0.475529
0.260195 -0.416088
0.342008 -0.475529
0.385195 -0.416088
0.303381 -0.356647
0.346568 -0.297206
0.428381 -0.356647
0.471568 -0.297206
0.389754 -0.237764
0.467009 -0.475529
0.510195 -0.416088
0.592009 -0.475529
0.635195 -0.416088
0.553382 -0.356647
0.596568 -0.297206
0.514754 -0.237764
0.351127 -0.118882
0.394314 -0.0594411
0.3125 0
0.432941 -0.178323
0.557941 -0.178323
0.476127 -0.118882
0.519314 -0.0594411
0.5625 0
0.644314 0.0594411
0.601127 0.118882
0.6875 0
0.769314 0.0594411
0.726127 0.118882
0.807941 0.178323
0.764755 0.237764
0.682941 0.178323
0.639755 0.237764
0.8125 0
0.894314 0.0594411
0.851127 0.118882
0.9375 0
1.01931 0.0594411
0.976127 0.118882
1.05794 0.178323
1.01475 0.237764
0.932941 0.178323
0.889755 0.237764
0.971569 0.297206
0.928382 0.356647
0.846568 0.297206
1.09657 0.297206
1.05338 0.356647
1.1352 0.416088
1.09201 0.475529
1.0102 0.416088
0.96701 0.475529
0.885196 0.416088
0.721568 0.297206
0.678382 0.356647
0.803382 0.356647
0.842009 0.475529
0.760196 0.416088
-0.556198 -0.257156
-0.556199 -0.330629
-0.455072 -0.33063
-0.657325 -0.183683
-0.657325 -0.257156
-0.758452 -0.257156
-0.758452 -0.330629
-0.657325 -0.330629
-0.657326 -0.404102
-0.556199 -0.404102
-0.758452 -0.404102
-0.758453 -0.477575
-0.657326 -0.477575
-0.859579 -0.330629
-0.859579 -0.404102
-0.960705 -0.404102
-0.960706 -0.477575
-0.859579 -0.477575
-0.85958 -0.551048
-0.758453 -0.551049
-0.486322 -0.426807
-0.416445 -0.449511
-0.587449 -0.50028
-0.517572 -0.522984
-0.548822 -0.619161
-0.478945 -0.641866
-0.447695 -0.545688
-0.377818 -0.568393
-0.688576 -0.573753
-0.618699 -0.596457
-0.789703 -0.647226
-0.719826 -0.66993
-0.751076 -0.766107
-0.681199 -0.788811
-0.649949 -0.692634
-0.580072 -0.715338
-0.611322 -0.811515
-0.541445 -0.83422
-0.510195 -0.738043
-0.712449 -0.884988
-0.642572 -0.907692
-0.673822 -1.00387
-0.603944 -1.02657
-0.572695 -0.930397
-0.502818 -0.953101
-0.471568 -0.856924
-0.409068 -0.66457
-0.339191 -0.687275
-0.440318 -0.760747
-0.40169 -0.879629
-0.370441 -0.783452
-0.300563 -0.806156
-0.331813 -0.902334
-0.261936 -0.925039
-0.230686 -0.828861
-0.43294 -0.975806
-0.363063 -0.998511
-0.394313 -1.09469
-0.324436 -1.11739
-0.293186 -1.02122
-0.223309 -1.04392
-0.192059 -0.947744
-0.534067 -1.04928
-0.46419 -1.07198
-0.635194 -1.12275
-0.565317 -1.14546
-0.596567 -1.24163
-0.52669 -1.26434
-0.49544 -1.16816
-0.425563 -1.19087
-0.456813 -1.28704
-0.386936 -1.30975
-0.355686 -1.21357
-0.55794 -1.36052
-0.488063 -1.38322
-0.519313 -1.4794
-0.449436 -1.5021
-0.418186 -1.40593
-0.348309 -1.42863
-0.317059 -1.33245
-0.254559 -1.1401
-0.184682 -1.1628
-0.153432 -1.06663
-0.285809 -1.23628
-0.247182 -1.35516
-0.215932 -1.25898
-0.146055 -1.28169
-0.114805 -1.18551
0.0726946 -0.608443
0.142572 -0.631147
0.173822 -0.53497
-0.0284324 -0.681916
0.0414447 -0.70462
0.0101948 -0.800798
0.0800719 -0.823503
0.111322 -0.727325
0.181199 -0.75003
0.212449 -0.653852
-0.129559 -0.755388
-0.0596823 -0.778093
-0.160809 -0.851566
-0.122182 -0.970449
-0.0909323 -0.874271
-0.0210552 -0.896976
-0.0523051 -0.993153
0.017572 -1.01586
0.048822 -0.91968
-0.0835551 -1.08933
-0.0449279 -1.20821
-0.013678 -1.11204
0.0561992 -1.13474
0.0874492 -1.03856
0.149949 -0.846207
0.219826 -0.868912
0.251076 -0.772734
0.118699 -0.942385
0.157326 -1.06127
0.188576 -0.965089
0.258453 -0.987794
0.289703 -0.891616
0.255635 -0.594411
0.298822 -0.53497
0.294263 -0.713293
0.337449 -0.653852
0.419263 -0.713293
0.46245 -0.653852
0.380636 -0.594411
0.423822 -0.53497
0.33289 -0.832175
0.376077 -0.772734
0.371517 -0.951057
0.414704 -0.891616
0.496518 -0.951057
0.539704 -0.891616
0.45789 -0.832175
0.501077 -0.772734
0.582891 -0.832175
0.626077 -0.772734
0.544263 -0.713293
0.621518 -0.951057
0.664705 -0.891616
0.746519 -0.951057
0.789705 -0.891616
0.707891 -0.832175
0.751078 -0.772734
0.669264 -0.713293
0.505636 -0.594411
0.548822 -0.53497
0.58745 -0.653852
0.71245 -0.653852
0.630636 -0.594411
0.673823 -0.53497
0.755637 -0.594411
0.798823 -0.53497
0.717009 -0.475529
0.794264 -0.713293
0.837451 -0.653852
0.919264 -0.713293
0.962451 -0.653852
0.880637 -0.594411
0.923823 -0.53497
0.842009 -0.475529
0.832892 -0.832175
0.876078 -0.772734
0.871519 -0.951057
0.914705 -0.891616
0.996519 -0.951057
1.03971 -0.891616
0.957892 -0.832175
1.00108 -0.772734
1.08289 -0.832175
1.12608 -0.772734
1.04426 -0.713293
1.12152 -0.951057
1.16471 -0.891616
1.24652 -0.951057
1.28971 -0.891616
1.20789 -0.832175
1.25108 -0.772734
1.16926 -0.713293
1.00564 -0.594411
1.04882 -0.53497
0.96701 -0.475529
1.08745 -0.653852
1.21245 -0.653852
1.13064 -0.594411
1.17382 -0.53497
1.09201 -0.475529
0.601127 -0.118882
0.644314 -0.0594411
0.639755 -0.237764
0.682941 -0.178323
0.764755 -0.237764
0.807941 -0.178323
0.726127 -0.118882
0.769314 -0.0594411
0.678382 -0.356647
0.721568 -0.297206
0.760196 -0.416088
0.885196 -0.416088
0.803382 -0.356647
0.846568 -0.297206
0.928382 -0.356647
0.971569 -0.297206
0.889755 -0.237764
1.0102 -0.416088
1.1352 -0.416088
1.05338 -0.356647
1.09657 -0.297206
1.01475 -0.237764
0.851127 -0.118882
0.894314 -0.0594411
0.932941 -0.178323
1.05794 -0.178323
0.976127 -0.118882
1.01931 -0.0594411
0.456814 0.0594411
0.495441 0.178323
0.534068 0.297206
-0.101127 0
-0.202254 0.0734733
-0.303381 0
-0.202254 -0.0734733
-0.303381 -0.146947
-0.404508 -0.0734733
-0.505635 -0.146947
-0.404508 -0.22042
-0.03125 -0.0961777
-0.132377 -0.169651
-0.09375 -0.288533
0.007377 -0.21506
-0.233504 -0.243124
-0.334631 -0.316597
-0.296004 -0.435479
-0.194877 -0.362006
-0.15625 -0.480888
-0.257377 -0.554361
-0.21875 -0.673243
-0.117623 -0.59977
0.046004 -0.333942
-0.055123 -0.407415
-0.016496 -0.526297
0.084631 -0.452824
0.0818135 -0.0594411
0.120441 -0.178323
0.245441 -0.178323
0.206814 -0.0594411
0.159068 -0.297206
0.197695 -0.416088
0.322695 -0.416088
0.284068 -0.297206
0.409068 -0.297206
0.447695 -0.416088
0.572695 -0.416088
0.534068 -0.297206
0.331814 -0.0594411
0.370441 -0.178323
0.495441 -0.178323
0.456814 -0.0594411
0.581814 0.0594411
0.706814 0.0594411
0.745441 0.178323
0.620441 0.178323
0.831814 0.0594411
0.956814 0.0594411
0.995441 0.178323
0.870441 0.178323
0.909069 0.297206
1.03407 0.297206
1.0727 0.416088
0.947696 0.416088
0.659068 0.297206
0.784068 0.297206
0.822696 0.416088
-0.505635 -0.293893
-0.606762 -0.22042
-0.707889 -0.293893
-0.606762 -0.367366
-0.707889 -0.440839
-0.809015 -0.367366
-0.910142 -0.440839
-0.809016 -0.514312
-0.435758 -0.39007
-0.536885 -0.463543
-0.498258 -0.582425
-0.397131 -0.508952
-0.638013 -0.537016
-0.73914 -0.610489
-0.700513 -0.72937
-0.599385 -0.655898
-0.560758 -0.774779
-0.661885 -0.848252
-0.623258 -0.967133
-0.522131 -0.893661
-0.358504 -0.627834
-0.459631 -0.701306
-0.421004 -0.820188
-0.319877 -0.746715
-0.28125 -0.865598
-0.382377 -0.93907
-0.34375 -1.05795
-0.242623 -0.98448
-0.483504 -1.01254
-0.584631 -1.08601
-0.546004 -1.2049
-0.444877 -1.13143
-0.40625 -1.25031
-0.507377 -1.32378
-0.46875 -1.44266
-0.367623 -1.36919
-0.203996 -1.10336
-0.305123 -1.17684
-0.266496 -1.29572
-0.165369 -1.22225
0.123258 -0.571706
0.0221311 -0.645179
0.0607583 -0.764061
0.161885 -0.690588
-0.0789959 -0.718652
-0.180123 -0.792125
-0.141496 -0.911007
-0.0403687 -0.837534
-0.00174157 -0.956417
-0.102869 -1.02989
-0.0642415 -1.14877
0.0368856 -1.0753
0.200513 -0.809471
0.0993855 -0.882944
0.138013 -1.00183
0.23914 -0.928353
0.236322 -0.53497
0.274949 -0.653852
0.399949 -0.653852
0.361322 -0.53497
0.313576 -0.772734
0.352204 -0.891616
0.477204 -0.891616
0.438577 -0.772734
0.563577 -0.772734
0.602205 -0.891616
0.727205 -0.891616
0.688578 -0.772734
0.486322 -0.53497
0.52495 -0.653852
0.64995 -0.653852
0.611323 -0.53497
0.736323 -0.53497
0.77495 -0.653852
0.899951 -0.653852
0.861323 -0.53497
0.813578 -0.772734
0.852205 -0.891616
0.977206 -0.891616
0.938578 -0.772734
1.06358 -0.772734
1.10221 -0.891616
1.22721 -0.891616
1.18858 -0.772734
0.986323 -0.53497
1.02495 -0.653852
1.14995 -0.653852
1.11132 -0.53497
0.581814 -0.0594411
0.620441 -0.178323
0.745441 -0.178323
0.706814 -0.0594411
0.659068 -0.297206
0.697695 -0.416088
0.822696 -0.416088
0.784068 -0.297206
0.909069 -0.297206
0.947696 -0.416088
1.0727 -0.416088
1.03407 -0.297206
0.831814 -0.0594411
0.870441 -0.178323
0.995441 -0.178323
0.956814 -0.0594411
