FiniteElementSpace
FiniteElementCollection: H1_2D_P2
VDim: 1
Ordering: 0

1
26
-13.8589
16.1452
1.57043
43.8977
13.125
25.809
-6.37515
-6.02659
8.67829
8.52747
29.1769
34.6851
1.18782
20.9965
7.01563
13.0651
-5.04396
-12.556
-2.68079
-2.57895
4.8352
4.75809
14.6564
17.0278
19.4219
25.9262
19.255
-20.3271
-10.0967
-9.9077
-2.42825
-2.2043
5.08626
4.93648
12.3601
12.3194
22.4968
25.0425
36.2793
39.2198
27.6415
30.2823
-8.77438
1.08174
10.8167
19.3554
-16.4024
-6.23758
1.34261
8.59089
18.546
31.9025
23.4851
4.00196
10.0527
13.0978
9.99586
13.0263
-2.01662
-6.90362
-5.71452
-0.839545
-10.6579
-9.4448
-4.52542
-0.797684
2.91711
2.87834
-4.47267
-0.749714
-0.692593
3.00675
2.9589
6.67487
6.64066
7.77421
8.91206
11.5714
12.7311
17.7942
19.0032
13.8974
15.0689
16.2441
19.3925
16.1811
22.6699
25.9682
22.5999
25.8734
22.4912
19.3098
16.0887
-14.4702
-13.221
-8.23167
-18.3541
-17.0568
-11.9719
-8.1602
-4.40768
-11.8738
-8.07035
-7.95909
-4.22879
-4.3274
-0.623278
-0.538715
3.13283
3.06372
-4.1088
-0.435869
-0.311697
3.31967
3.21713
6.8719
6.80754
6.71206
10.445
10.4199
6.75527
10.5071
10.4731
14.2389
14.2274
15.4048
16.5943
19.2858
20.5131
25.7899
27.0979
21.7547
23.0092
28.4212
29.7582
24.2751
32.6694
34.0757
40.0181
41.5401
35.4981
36.9353
31.1076
20.2198
21.4425
25.5509
32.4679
26.8353
28.1268
10.0264
9.96033
-3.86237
-7.57476
1.03935
-2.63446
1.13022
4.79515
5.88567
9.66899
15.8386
11.9692
16.2159
22.6394
22.5507
16.1389
-11.3263
-15.1306
-6.31402
-10.0129
-6.14278
-2.51123
1.25761
-2.32695
1.44587
5.00379
8.5577
4.8813
8.63007
12.3383
13.4829
17.3387
23.7622
19.7658
26.3361
30.5318
37.7412
33.2874
18.2227
22.2368
28.9574
24.74
11.5837
13.112
11.557
10.0401
13.0822
11.5254
10.0117
13.0465
11.4882
9.97876
-0.507643
-2.9388
-2.34932
0.0803333
-3.52828
-5.9725
-5.38002
-7.8375
-7.24051
-4.78754
-4.19506
-1.75985
-6.64352
-6.04653
-3.60257
-9.71446
-9.11145
-11.6051
-10.9945
-8.50845
-7.90545
-5.44954
0.100133
1.95849
1.93908
-1.73869
0.120695
0.142401
1.99883
1.97828
3.83679
3.81795
-3.57907
-1.716
-5.42272
-3.55328
-3.5248
-1.6645
-1.6914
0.165631
0.190765
2.04372
2.02052
-1.63494
0.218185
0.24827
2.0962
2.06882
3.91968
3.89707
3.85601
5.71664
5.69894
3.87597
5.75353
5.73471
7.59945
7.58345
4.38036
4.9433
2.50025
6.26359
6.82925
9.29144
9.86327
7.39575
7.9629
5.5066
8.15134
8.72074
10.045
10.6192
13.1081
13.6923
11.1951
11.7726
14.2784
14.8662
12.3515
16.218
16.8145
19.3866
19.9976
17.413
18.0134
15.4556
10.4361
11.0096
8.53052
12.9317
16.0464
13.513
14.0951
14.678
16.2308
14.6503
17.825
19.4081
17.7962
19.375
17.7602
16.1994
14.6165
21.0364
22.6557
21.0065
24.324
25.9853
24.2928
25.9485
24.2521
22.6208
20.9682
22.5766
20.9208
19.3337
25.9012
24.2011
25.8427
24.1391
22.5223
20.8636
19.2836
16.1609
14.5761
17.7163
17.6638
16.1149
-10.384
-9.77351
-7.30245
-13.511
-12.8915
-15.434
-14.8039
-12.2719
-11.6524
-9.16301
-14.1739
-13.5438
-11.0329
-17.3757
-16.7336
-19.3378
-18.6822
-16.0916
-15.4495
-12.9138
-7.27134
-5.39285
-9.12662
-7.2364
-7.19725
-5.32238
-5.35952
-3.49327
-10.9902
-9.08563
-12.8639
-10.9422
-10.8885
-8.98835
-9.03967
-7.1535
-7.10478
-5.23508
-5.28102
-8.93129
-7.05071
-6.99091
-5.12792
-5.18418
-3.32897
-3.37653
-3.45831
-1.60233
-3.41952
-1.52642
-1.56628
0.2814
0.317962
2.15933
2.12625
-1.48237
0.358329
0.402885
2.23614
2.19584
4.03287
4.0004
-3.27644
-1.43374
-5.06594
-3.21857
-3.15498
-1.32124
-1.38015
0.452008
0.506079
2.32968
2.28063
-1.2566
0.565479
0.630588
2.44299
2.38367
4.20069
4.15228
4.06875
5.90342
5.87214
4.10843
5.97659
5.93811
7.77239
7.74286
7.61581
9.48663
9.47289
5.77348
7.63292
7.65114
9.51554
9.50072
11.3796
11.3687
3.94419
5.79493
3.97097
5.84388
5.81827
7.67087
7.69248
9.54891
9.53148
7.71635
9.58978
9.56822
11.4305
11.4159
11.3908
13.2797
13.2722
11.4028
13.2961
13.2876
15.1885
15.185
11.9461
12.5259
13.8559
14.4425
16.9677
17.5683
15.0318
15.6237
15.7759
16.3702
17.7074
18.3105
20.8818
21.5027
18.9172
19.5275
22.1276
22.756
20.1412
24.1324
24.7735
27.4709
28.1344
25.4185
26.0673
23.3879
18.1718
18.7779
20.758
24.0231
21.3778
22.0003
24.6614
25.3026
22.6255
26.7197
27.3755
30.1483
30.8268
28.0345
28.6965
25.9466
28.8019
29.4732
30.9092
31.5972
34.459
35.1736
32.2893
32.9854
35.8925
36.6156
33.6853
38.1318
38.8754
41.9396
42.7142
39.6233
40.3754
37.3425
31.5087
32.1937
29.3614
34.3888
38.0732
35.0958
35.806
32.8817
16.6383
17.2312
18.6154
19.2189
21.8426
22.461
19.8237
20.4296
20.6107
21.2257
23.2532
26.5931
23.8831
24.515
27.2419
27.8929
25.1488
30.0289
33.5725
30.6989
31.3713
28.546
23.0808
23.7019
25.7844
29.2009
26.4215
27.0599
11.5709
11.5418
11.5075
-1.42808
-4.45316
-6.30907
-3.27158
-5.11997
-8.17457
-10.0514
-6.97496
1.01949
-0.819188
1.05998
2.89754
-2.65858
-4.50039
-2.60804
-0.774653
1.10503
-0.722488
1.15769
2.98188
4.77644
2.93744
4.81461
6.65759
3.44
5.32149
8.34269
6.45044
7.20681
9.09736
12.1503
10.2422
13.3135
15.2465
18.3977
16.4324
9.48213
11.3925
14.4826
12.5468
14.6648
17.8114
17.7791
14.6342
21.0224
24.3095
24.2737
20.9884
20.9456
24.2279
24.1715
20.8935
14.5972
17.7393
17.6912
-8.83823
-11.9412
-13.8456
-10.7115
-12.5965
-15.7665
-17.7055
-14.4948
-6.34631
-8.19804
-6.2779
-4.44189
-10.0573
-11.9257
-9.96318
-8.11777
-6.19267
-8.01759
-6.08755
-4.28057
-2.54681
-4.36964
-2.47184
-0.65965
1.221
-0.583092
1.29802
3.09656
-2.38008
-4.17165
-2.26849
-0.489768
1.39177
-0.376639
1.5053
3.26593
4.96843
3.17289
5.04294
6.83802
8.5424
6.69291
8.57374
10.4323
4.85731
3.0339
4.90757
6.73272
8.60954
6.78008
8.65286
10.4892
12.3287
10.4585
12.3486
14.2329
10.9946
12.8998
15.9982
14.0685
14.8145
16.7401
19.8975
17.9407
21.1322
23.1276
26.4419
24.4006
17.193
19.1545
22.3804
20.3799
23.6408
25.6877
29.0881
26.9874
27.7577
29.8523
33.3705
31.2153
34.785
37.0081
40.7769
38.4785
30.4315
32.5933
36.215
33.9848
15.6561
17.6247
20.8305
18.8219
19.6107
21.6156
24.9118
22.86
26.1922
28.2983
31.7865
29.6188
22.0557
24.1118
27.4803
25.3694
10.817
11.5775
10.8043
10.0465
12.353
13.1187
12.3401
13.1051
12.326
11.5641
10.7905
10.0334
11.5496
10.7756
10.0192
13.0901
12.3106
13.0738
12.2939
11.5338
10.7594
10.0039
11.5166
10.742
9.98747
13.056
12.2757
13.0366
12.2559
11.4981
10.7231
9.96972
0.246266
-0.967774
-0.67367
0.540181
-1.26188
-2.47755
-2.18307
-3.4004
-3.10535
-1.88859
-1.59411
-0.379565
-2.77203
-3.99049
-3.69544
-4.28553
-5.50792
-5.21213
-6.43773
-6.14099
-4.91633
-4.62054
-5.84426
-5.54752
-4.32474
-7.3702
-7.07234
-8.30556
-8.00638
-6.77448
-6.47662
-5.25079
-2.81031
-2.51527
-1.29963
-4.02895
-4.95405
-3.73315
-3.43736
-2.22022
-4.65732
-4.36059
-3.14156
-6.17875
-5.88089
-7.10885
-6.80967
-5.58303
-5.28517
-4.06385
-7.7072
-7.40803
-9.244
-8.94333
-10.1858
-9.88339
-8.64265
-8.34197
-9.58102
-9.27865
-8.04129
-11.131
-10.8268
-12.08
-11.7737
-10.5225
-10.2183
-8.97628
-6.5105
-6.21132
-4.98731
-7.74061
-8.67391
-7.43993
-7.13925
-5.91215
0.549938
1.47924
1.46953
-0.369638
0.559792
0.569788
1.49885
1.489
2.41832
2.40868
-1.28941
-0.359518
-2.20959
-1.2789
-1.26806
-0.338516
-0.34916
0.579975
0.590399
1.51903
1.50884
-0.327538
0.60111
0.612153
1.54015
1.52945
2.45781
2.4477
2.428
3.35759
3.34809
2.43778
3.37676
3.36713
4.29723
4.28794
-3.13039
-2.19857
-4.05202
-3.11874
-3.10656
-2.1752
-2.18712
-1.25684
-4.9747
-4.03961
-5.89863
-4.96141
-4.94741
-4.01289
-4.02659
-3.09381
-3.08044
-2.14972
-2.16274
-3.99847
-3.0664
-3.05164
-2.12176
-2.13607
-1.20717
-1.22039
-1.24518
-0.316178
-1.23305
-0.292124
-0.304389
0.623577
0.63543
1.56261
1.55119
-0.279335
0.647758
0.660609
1.58677
1.57445
2.50109
2.48975
-1.19332
-0.265974
-2.10673
-1.1788
-1.16357
-0.237347
-0.251994
0.674032
0.688073
1.61303
1.59962
-0.221986
0.702779
0.7182
1.64176
1.62706
2.55119
2.53786
2.51285
3.43919
3.428
2.5251
3.4629
3.45081
4.3771
4.36613
4.30656
5.23741
5.22842
3.38654
4.31598
4.32554
5.25559
5.24646
6.17832
6.16968
2.46816
3.3965
2.47878
3.41719
3.4067
4.33529
4.34527
5.27433
5.26487
4.35553
5.294
5.28402
6.21381
6.20471
6.18701
7.12013
7.11191
6.19579
7.13674
7.12839
8.06301
8.05529
2.68933
2.97006
1.75003
3.62903
3.91009
5.13251
5.41434
4.19126
4.47251
3.25082
4.56929
4.85082
5.51029
5.79241
7.01817
7.30155
6.07475
6.3573
7.58517
7.869
6.64002
8.53191
8.81683
10.053
10.3397
9.102
9.3874
8.15303
5.6963
5.97835
4.75381
6.9229
8.43723
7.20591
7.48904
6.26047
6.45221
6.73505
7.39522
7.6789
8.90921
9.19464
7.96293
8.24727
8.33951
8.62416
9.28524
9.57098
10.807
11.095
9.85718
10.1438
11.3835
11.6724
10.4309
12.3384
12.6289
13.8807
14.174
12.9198
13.2113
11.9617
9.48043
9.76655
10.7183
12.2515
11.0062
11.2943
12.5416
12.8321
11.5829
13.5032
13.7955
15.0568
15.352
14.0883
14.3814
13.123
14.4678
14.762
15.4355
15.7318
17.0042
17.3039
16.0287
16.3261
17.6041
17.9048
16.6239
18.5883
18.8916
20.1893
20.4965
19.1954
19.4998
18.2061
15.6475
15.9435
14.6748
16.9222
18.5077
17.2209
17.5201
16.2399
8.72158
9.00605
7.77225
9.673
9.95879
11.2014
11.4891
10.2447
10.5308
9.29062
10.6267
10.9139
11.8717
13.4141
12.1608
12.4501
13.7056
13.9973
12.7397
14.9686
16.5366
15.2627
15.5571
14.2893
11.7769
12.0649
13.0295
14.5815
13.3195
13.6096
13.8999
14.6716
13.8869
15.4593
16.2377
15.4461
16.2236
15.4313
14.6577
13.8725
17.0326
17.8184
17.0192
18.6213
19.4152
18.6077
19.4006
18.5923
17.804
17.0041
17.7879
16.9873
16.2078
19.384
18.575
19.3655
18.5557
17.7699
16.9687
16.1904
14.6424
13.8566
15.415
15.3971
14.6256
13.8393
20.2268
21.0296
20.213
21.8507
22.6631
21.8366
22.6478
21.8204
21.0147
20.1972
23.4943
24.317
23.48
25.1591
25.993
25.1446
25.9771
25.1277
24.3015
23.4634
24.2835
23.4446
22.6304
25.9587
25.1083
25.9377
25.0863
24.2632
23.4233
22.6106
20.9977
20.1794
21.8021
21.7816
20.9786
20.1595
20.9572
20.1374
19.3448
22.5885
21.7586
22.564
21.7333
20.9335
20.113
19.322
24.2403
23.3996
25.9141
25.0617
25.8877
25.0344
24.2149
23.3733
24.1867
23.3443
22.5368
25.8584
25.0043
25.8262
24.9713
24.1557
23.3125
22.5071
20.9074
20.0862
19.297
21.7054
21.6749
20.8788
20.057
19.2696
14.6071
13.8203
16.1712
15.3773
16.1502
15.3557
14.5868
13.7996
17.75
16.9482
18.5344
18.511
17.7281
16.9257
17.704
16.9011
16.1271
18.4853
18.4573
17.6778
16.8743
16.102
-8.37154
-8.06918
-6.83857
-9.91404
-9.60979
-10.8548
-10.5485
-9.30555
-9.0013
-7.76681
-11.4674
-11.1611
-13.033
-12.7244
-13.9901
-13.6791
-12.4158
-12.1073
-13.3681
-13.057
-11.7987
-14.9515
-14.6379
-15.9176
-15.6011
-14.3243
-14.0106
-12.746
-10.2422
-9.93584
-8.69706
-11.4901
-12.435
-11.1816
-10.873
-9.62953
-12.124
-11.813
-10.5645
-13.697
-13.3833
-14.6518
-14.3353
-13.0697
-12.7561
-11.502
-15.2847
-14.9682
-16.8884
-16.5689
-17.8642
-17.5416
-16.2495
-15.93
-17.2189
-16.8963
-15.6106
-18.8453
-18.5192
-19.8318
-19.5022
-18.1932
-17.8672
-16.5736
-14.0189
-13.7024
-12.4424
-15.2911
-16.251
-14.9717
-14.6522
-13.386
-6.82403
-5.88435
-7.75112
-6.80863
-6.79232
-5.8533
-5.86925
-4.93265
-8.6801
-7.73447
-9.61118
-8.66208
-8.64297
-7.69811
-7.71682
-6.77505
-6.75677
-5.81861
-5.83643
-7.6783
-6.73744
-6.71701
-5.7799
-5.79978
-4.86498
-4.88328
-4.91707
-3.98329
-4.90063
-3.95045
-3.9673
-3.03612
-10.5446
-9.59168
-11.4805
-10.5235
-10.5011
-9.54903
-9.57097
-8.6227
-12.4192
-11.4577
-13.3608
-12.3945
-12.3683
-11.4077
-11.4334
-10.4773
-10.4522
-9.50121
-9.52579
-11.3806
-10.4256
-10.3975
-9.44784
-9.47524
-8.5292
-8.55453
-8.60124
-7.65735
-8.57853
-7.6118
-7.63519
-6.69544
-6.67267
-5.7368
-5.75892
-7.58711
-6.64865
-6.62335
-5.68892
-5.71348
-4.78125
-4.80385
-8.50247
-7.56109
-9.41896
-8.47431
-8.44467
-7.50483
-7.53368
-6.59671
-6.56868
-5.63588
-5.66307
-7.47451
-6.53922
-6.50828
-5.5773
-5.60731
-4.67843
-4.70609
-4.75746
-3.82862
-3.85163
-4.73242
-3.77898
-3.80442
-2.87873
-2.90208
-3.01978
-2.09094
-3.93269
-3.00259
-2.98449
-2.05687
-2.07433
-1.14758
-4.84567
-3.91398
-4.82531
-3.8735
-3.89426
-2.96544
-2.94539
-2.01918
-2.0385
-2.92428
-1.97749
-1.99886
-1.07503
-1.09455
-1.13078
-0.205864
-1.11311
-0.171144
-0.188933
0.734381
0.751373
1.67334
1.65717
-0.152448
0.769221
0.787973
1.70815
1.69032
2.61118
2.59509
-1.05451
-0.132801
-1.95502
-1.03294
-1.01027
-0.0904588
-0.112153
0.807676
0.828378
1.74658
1.72689
-0.0676696
0.850127
0.87297
1.789
1.76726
2.68408
2.66448
2.62807
3.54808
3.53214
2.64582
3.58241
3.56482
4.48422
4.46851
-2.85419
-1.93141
-3.75224
-2.82841
-2.80135
-1.88056
-1.9066
-0.986466
-4.64938
-3.72417
-5.54582
-4.6189
-4.58694
-3.66384
-3.69472
-2.77295
-2.74316
-1.82456
-1.85323
-3.63148
-2.71195
-2.67926
-1.76304
-1.79452
-0.878853
-0.907709
-0.961468
-0.0437381
-0.935231
0.0077421
-0.0186167
0.896954
0.922128
1.83579
1.81182
0.0353859
0.948538
0.976232
1.88733
1.86094
2.77294
2.74906
-0.848617
0.0643622
-1.73009
-0.816952
-0.783811
0.126503
0.0947186
1.00526
1.03566
1.94401
1.91501
0.159762
1.0675
1.1008
2.00621
1.9744
2.8808
2.85189
2.798
3.70858
3.68486
2.8243
3.75962
3.73349
4.64289
4.61941
4.50073
5.41977
5.40435
3.60091
4.5181
4.53637
5.45306
5.43598
6.3549
6.33986
2.70468
3.62036
2.72632
3.66228
3.6408
4.55559
4.5758
5.48995
5.47103
4.59706
5.53082
5.50986
6.42361
6.40506
6.37076
7.28981
7.2752
6.38746
7.32149
7.30522
8.22465
8.21055
8.07078
9.00715
8.99999
7.14524
8.07863
8.08663
9.02163
9.01435
9.95271
9.94619
6.22315
7.15391
5.30431
6.23277
6.24272
7.17201
7.16282
8.0948
8.10321
9.03666
9.02906
7.18153
8.1119
8.12092
9.05262
9.0445
9.97967
9.9727
9.95927
10.8999
10.8941
9.96592
10.9117
10.9057
11.8488
11.8438
4.3885
5.315
3.47552
4.40038
4.41277
5.33769
5.32611
6.25304
2.56514
3.4887
2.57976
3.51697
3.5025
4.42573
4.43931
5.36246
5.34979
4.45355
5.38969
5.37575
6.29906
6.28675
6.26379
7.19142
6.27501
7.21253
7.20174
8.13031
8.14013
9.06988
9.06107
7.22384
8.15041
8.16121
9.08884
9.07913
10.0103
10.0021
6.31198
7.23571
6.32556
7.26134
7.24819
8.17258
8.18456
9.10985
9.09906
8.1972
9.13332
9.12126
10.0477
10.0376
10.0189
10.9518
10.9443
10.028
10.968
10.9597
11.8945
11.8878
11.8539
12.7997
12.7955
10.9177
11.8591
11.8643
12.8082
12.8039
13.7528
13.7495
9.98687
10.924
9.99434
10.9372
10.9305
11.8698
11.8755
12.8173
12.8127
11.8815
12.8273
12.8222
13.7666
13.763
13.7561
14.7081
14.7058
13.7594
14.7128
14.7104
15.6659
15.6647
10.2326
10.5196
11.1818
11.4701
12.7131
13.0041
11.7589
12.0484
12.1329
12.4227
13.0862
13.3775
14.6287
14.9233
13.6696
13.9624
15.2186
15.5146
14.2558
16.1845
16.4825
17.7549
18.0567
16.7814
17.0809
15.8113
13.2957
13.5879
14.5498
16.1086
14.8444
15.1397
14.0418
14.3349
14.9999
15.2948
16.5554
16.854
15.5906
15.8871
15.9607
16.2576
16.9244
17.2234
18.4945
18.7977
17.5233
17.8242
19.1018
19.4069
18.1259
20.0815
20.3891
21.6868
21.9992
20.6978
21.0074
19.7129
17.1535
17.4538
18.4285
20.0198
18.732
19.0363
20.3275
20.6361
19.3414
21.3179
21.6293
22.9423
23.2585
21.9416
22.2547
20.9455
22.3126
22.627
23.3119
23.6294
24.9583
25.281
23.9478
24.2672
25.6048
25.9295
24.5876
26.6274
26.9557
28.3207
28.6549
27.2851
27.6154
26.2553
23.5756
23.8936
22.5687
24.9089
26.5819
25.2311
25.5542
24.2125
16.4065
16.7051
17.3811
17.6819
18.9666
19.2713
17.9835
18.2856
18.3593
18.6626
19.6473
21.2558
19.954
20.2613
21.5667
21.8785
20.5694
22.8835
24.5321
23.1991
23.5155
22.1909
19.5767
19.8827
20.8782
22.5041
21.1877
21.4978
22.818
23.1325
21.8086
23.8326
24.1504
25.4959
25.8186
24.4689
24.7881
23.4476
24.8526
25.1738
25.8782
26.203
27.5673
27.8976
26.5286
26.855
28.2286
28.5605
27.1822
29.2814
29.6173
31.0219
31.3638
29.9541
30.2917
28.8931
26.1421
26.4662
25.108
27.5102
29.2265
27.8388
28.1682
26.791
26.9095
27.238
27.9467
28.279
29.6635
30.0017
28.6123
28.9464
28.9901
29.3263
30.0397
30.38
31.7858
32.1324
30.7213
31.0637
32.4802
32.829
31.407
33.5604
33.9138
35.3652
35.7255
34.2682
34.6237
33.1788
30.3408
30.6809
31.7514
33.5296
32.0967
32.443
33.8814
34.2342
32.7902
34.9802
35.3378
36.8128
37.1773
35.6963
36.0558
34.5879
36.0868
36.4493
37.2014
37.5689
39.0707
39.4456
37.9375
38.3072
39.8218
40.199
38.678
40.9743
41.3571
42.9139
43.3047
41.741
42.126
40.5773
37.5429
37.9094
36.4163
39.0498
40.9566
39.4227
39.7965
38.277
29.5607
29.8956
28.4983
30.63
30.9692
32.3944
32.7396
31.3091
31.6498
30.2311
31.7065
32.0501
33.1383
34.9425
33.4873
33.8371
35.298
35.6543
34.1878
36.7777
38.6454
37.14
37.5032
36.0116
33.0856
33.4323
31.9911
34.5393
36.3696
34.8915
35.2445
33.7797
14.874
15.1666
15.8518
16.1467
17.4285
17.7264
16.4418
16.7371
16.8336
17.1309
17.8196
18.1195
19.4154
19.7187
18.4197
18.7202
20.0224
20.3264
19.021
21.0288
21.3359
22.6612
22.9723
21.6433
21.9511
20.6308
18.0245
18.3228
19.3221
20.9354
19.6235
19.9251
18.8099
19.1124
19.8047
20.1101
21.4213
21.7306
20.4159
20.7221
20.8042
21.1125
22.1199
23.7634
22.4318
22.7443
24.0798
24.3967
23.0573
25.4285
27.1165
25.7495
26.0712
24.7142
22.0404
22.3506
23.3708
25.0322
23.6848
23.9993
25.3507
25.6697
24.3142
26.3934
26.7162
28.0965
28.4243
27.0395
27.3633
25.9892
27.4426
27.7692
28.829
30.5674
29.1603
29.4923
30.9043
31.2418
29.8248
32.3332
34.1278
32.6759
33.0192
31.5799
28.7527
29.0815
27.6875
30.158
31.9186
30.4916
30.8258
29.4108
21.2402
21.5453
22.2591
22.5675
23.9077
24.2201
22.8762
23.1851
23.2837
23.5955
24.6295
26.309
24.9453
25.2614
26.6293
26.95
25.5778
28.0122
29.7406
28.3374
28.6629
27.2711
24.5329
24.8459
25.8946
27.5924
26.2117
26.5291
10.8108
12.3467
12.3332
10.7975
10.7832
12.3185
12.3024
10.7677
10.7509
12.285
12.266
10.7327
-0.213653
-1.72235
-2.64406
-1.13381
-3.23354
-4.74856
-5.67626
-4.15777
-5.08378
-6.60634
-7.53901
-6.01179
-2.05459
-3.56697
-4.4913
-2.97618
-3.89881
-5.41724
-6.34503
-4.8227
-6.94202
-8.47448
-9.41296
-7.87467
-8.80995
-10.3547
-11.2998
-9.74809
-5.74804
-7.27486
-8.20695
-6.67505
1.00972
0.0901615
1.02935
1.94877
-0.829486
-1.74943
-0.808603
0.110294
1.04954
0.131381
1.07069
1.98844
2.88792
1.96832
2.90725
3.82735
-2.6699
-3.59109
-2.64678
-1.72756
-4.51321
-5.43649
-4.48689
-3.56649
-2.62156
-3.5394
-2.59386
-1.67826
-0.786383
-1.70396
-0.762446
0.153801
1.09317
0.177936
1.11736
2.0319
-0.736411
-1.65008
-0.707898
0.204166
1.14365
0.232871
1.1724
2.0822
2.97018
2.05601
2.99405
3.90816
4.76724
3.84633
4.78572
5.70777
2.92716
2.00951
2.948
3.86587
4.80476
3.88636
4.82474
5.744
6.6491
5.72561
6.66616
7.59143
2.21964
3.15912
4.66177
3.72095
4.09908
5.03968
6.5463
5.6035
7.11241
8.05833
9.57723
8.62727
5.22491
6.16799
7.67925
6.73299
5.98112
6.92357
8.43587
7.49037
7.8672
8.81219
10.3319
9.38297
10.9069
11.8606
13.3999
12.4405
9.00594
9.9554
11.4836
10.5293
12.0619
13.0221
14.5721
13.6052
13.9851
14.9512
16.516
15.5423
17.1135
18.0957
19.6918
18.7002
15.1607
16.1353
17.713
16.7299
8.24666
9.19702
10.7227
9.76738
10.1496
11.1045
12.6415
11.6807
13.2222
14.1898
15.7508
14.7756
11.2966
12.2579
13.804
12.8358
13.8936
15.4529
15.4389
13.8798
17.0261
18.6147
18.6002
17.0119
16.9959
18.5838
18.5656
16.9783
13.8647
15.4234
15.4063
13.8481
20.2201
21.8439
21.8288
20.2053
23.4874
25.1522
25.1364
23.472
23.4543
25.1183
25.0976
23.4343
20.1886
21.8116
21.7921
20.1697
20.1487
21.7704
21.7463
20.1255
23.4118
25.0744
25.0484
23.3868
23.3591
25.0197
24.9881
23.3287
20.0999
21.7197
21.6905
20.0719
13.83
15.3874
15.3668
13.8102
16.9587
18.5453
18.523
16.9372
16.9137
18.4984
18.4716
16.888
-7.60395
-9.14152
-10.0788
-8.53495
-10.6893
-12.2486
-13.2012
-11.6337
-12.5817
-14.1579
-15.1189
-13.5333
-9.46826
-11.0189
-11.9622
-10.4041
-11.3426
-12.9087
-13.8589
-12.2842
-14.4889
-16.0844
-17.0546
-15.4486
-16.4126
-18.0298
-19.01
-17.3811
-13.2288
-14.8127
-15.7705
-14.1769
-6.36113
-7.28735
-6.33062
-5.40819
-8.21536
-9.14536
-8.17967
-7.25437
-6.29646
-7.21737
-6.25829
-5.34145
-4.45769
-5.37664
-4.42524
-3.50945
-10.0776
-11.0122
-10.0357
-9.10672
-11.9495
-12.8896
-11.9005
-10.9669
-9.98874
-10.9161
-9.93618
-9.0147
-8.13958
-9.0633
-8.09471
-7.17597
-6.21572
-7.12979
-6.16837
-5.25865
-8.04466
-8.96056
-7.98908
-7.07844
-6.11586
-7.02155
-6.05781
-5.15674
-4.30458
-5.21027
-4.25533
-3.35335
-2.56329
-3.47624
-2.52948
-1.61904
-4.38916
-5.30225
-4.34907
-3.43941
-2.49204
-3.39858
-2.45059
-1.54685
-0.676527
-1.58476
-0.641917
0.264431
1.20401
0.299229
1.23885
2.14239
-0.603685
-1.50494
-0.561451
0.337646
1.27731
0.38006
1.31977
2.21549
3.07974
2.17713
3.11424
4.01623
-2.40476
-3.30335
-2.35416
-1.45865
-4.20091
-5.09767
-4.14096
-3.24819
-2.29841
-3.18751
-2.23713
-1.35139
-0.514837
-1.40759
-0.463461
0.426852
1.36659
0.478401
1.41817
2.30456
-0.406945
-1.28966
-0.344906
0.535089
1.47489
0.597296
1.53713
2.41264
3.24094
2.35603
3.29216
4.17589
4.95205
4.05036
4.98566
5.88737
3.15236
2.25784
3.19446
4.08809
5.02286
4.12981
5.06405
5.95686
6.82237
5.92032
6.85451
7.75723
8.53491
7.60756
8.54998
9.47974
6.68377
5.76334
6.70232
7.62425
8.5656
7.64187
8.58215
9.50801
10.4261
9.4936
10.4386
11.3741
4.84604
3.93167
4.86904
5.78399
3.02002
2.11087
3.04845
3.95727
4.89413
3.98533
4.92167
5.83077
6.72218
5.80634
6.74374
7.66079
8.6
7.68141
8.61954
9.53998
6.76737
5.85765
6.79345
7.70411
8.64116
7.72925
8.66522
9.5787
10.4809
9.55831
10.4979
11.423
12.324
11.3851
12.3334
13.276
10.4517
9.52334
10.4656
11.3967
12.3433
11.4092
12.3542
13.2917
14.2301
13.2836
14.2358
15.1867
9.75871
10.7069
12.2357
11.2827
11.6571
12.6093
14.1488
13.191
14.7368
15.7011
17.2677
16.2959
12.8167
13.7754
15.3275
14.3622
13.5637
14.5205
16.0726
15.1093
15.48
16.4422
18.0085
17.0389
18.6134
19.5912
21.1918
20.2048
16.6686
17.6393
19.222
18.243
19.834
20.8222
22.4414
21.443
21.8147
22.8117
24.4524
23.4444
25.0955
26.1154
27.8021
26.7694
23.0716
24.081
25.7425
24.7211
15.9206
16.8933
18.4745
17.4933
17.8697
18.8499
20.4492
19.4598
21.0675
22.0671
23.7051
22.6944
19.082
20.0725
21.6887
20.6879
22.3126
23.3246
24.9817
23.9576
24.3419
25.3647
27.0472
26.0115
27.7046
28.7542
30.4871
29.4228
25.6243
26.6614
28.3651
27.3141
26.3931
27.4274
29.1371
28.089
28.4676
29.5141
31.2527
30.1916
31.9427
33.0194
34.8157
33.7226
29.8103
30.8731
32.6369
31.5584
33.3349
34.4298
36.2535
35.1411
35.5325
36.6431
38.503
37.3741
39.2488
40.3969
42.3263
41.158
36.9785
38.1094
39.9988
38.8487
29.0286
30.0945
31.8508
30.7692
31.1674
32.2474
34.0366
32.9399
34.7419
35.8561
37.7074
36.5747
32.5374
33.6357
35.4505
34.3346
14.3865
15.3624
16.9346
15.95
16.3422
17.3261
18.917
17.9235
19.5211
20.525
22.1516
21.1364
17.528
18.5222
20.1265
19.1218
18.3142
19.3067
20.918
19.915
20.3039
21.3058
22.9391
21.9259
23.5678
24.5932
26.2695
25.2311
21.5339
22.5482
24.1988
23.1723
24.8317
25.8713
27.5672
26.5135
26.9172
27.9696
29.6948
28.6275
30.3636
31.4468
33.2268
32.1269
28.2192
29.2879
31.0348
29.9503
20.7329
21.749
23.3912
22.3627
22.7707
23.7982
25.4664
24.4257
26.1028
27.1576
28.8732
27.8033
24.0128
25.0546
26.7405
25.6846
