FiniteElementSpace
FiniteElementCollection: H1_2D_P2
VDim: 1
Ordering: 0

1
0.746643
25.4214
-24.0329
-23.8204
-42.0688
25.809
12.715
0.896296
-11.2636
-23.9506
-11.1736
-32.6955
-27.1276
12.9807
-11.2191
-18.9459
7.01563
6.89235
0.951022
-5.12723
-11.1993
-5.04396
-15.0153
-12.556
19.255
25.6427
18.9291
12.8659
6.68546
0.830091
-5.23302
-11.2386
-17.4308
-23.8886
-17.4649
-24.0006
-17.4747
-28.2822
-25.6305
-37.2865
-34.3463
-22.9788
-20.3271
6.96157
-5.08565
-8.77438
19.1148
6.80224
-5.17444
-17.4481
-17.4757
-21.4894
-29.9116
-16.4024
4.00196
6.99013
3.95053
0.97587
10.0527
9.99586
13.0263
9.91911
6.92922
3.88865
0.924737
-2.06304
-5.06518
-2.01662
-2.11228
-5.1061
-8.15926
-11.2096
-8.12751
-11.1876
-8.09272
-6.90362
-13.0842
-11.8711
-16.9687
-15.7195
-10.6579
22.4912
16.0887
19.1902
15.9613
12.9274
25.7323
22.338
25.5393
22.1346
19.028
15.7931
12.7953
6.85027
3.81059
0.86499
9.81676
9.68305
6.74754
3.71057
0.790881
-2.17008
-5.14977
-2.24218
-5.20195
-8.2366
-11.2501
-8.1937
-11.2285
-14.3198
-17.4569
-14.3174
-14.3248
-17.4391
-20.5925
-23.8549
-20.6341
-23.9207
-20.6724
-14.3118
-17.4771
-14.2974
-17.4715
-23.9774
-20.7018
-24.0193
-20.7163
-19.4671
-18.2179
-26.1379
-24.8406
-30.4675
-29.1101
-23.5433
-22.246
-27.7527
-26.3953
-20.9487
-34.968
-33.5384
-39.6529
-38.1392
-32.1089
-30.6793
-25.0379
-14.4702
-19.6514
-23.6805
-18.3541
3.97719
10.0264
9.96033
3.92126
-2.03984
-2.08695
-8.14341
-8.11085
-9.974
-13.7857
16.1389
16.0297
22.4205
22.2429
15.8827
3.852
9.8715
9.75418
3.76368
-2.13975
-2.20398
-8.21373
-8.17579
-14.3186
-14.3216
-20.6133
-20.654
-14.3061
-14.3154
-20.6886
-20.7112
-16.245
-22.7611
-26.9563
-20.2176
-24.3046
-31.3035
-35.8164
-28.5196
-17.6741
-21.6529
2.50025
3.98976
2.47581
0.98798
5.5066
7.00322
5.48148
6.97628
5.45388
3.96414
2.45007
0.963581
8.53052
10.0401
8.50463
10.0117
8.47508
9.97876
8.44115
6.94591
11.4882
13.0044
11.4448
9.94048
8.40212
6.91139
3.93627
2.4223
0.938104
5.42307
5.38835
3.90542
2.39179
0.910831
-0.531451
-2.02828
-0.507643
-0.555613
-2.0514
-3.57261
-5.07546
-3.55063
-5.0547
-3.52828
-0.580846
-2.07487
-0.607868
-2.0994
-3.61829
-5.11653
-3.59492
-5.09583
-6.62181
-8.13551
-6.6035
-6.64044
-8.15129
-9.68503
-11.2144
-9.67222
-11.2046
-9.65901
-6.5848
-8.10201
-6.56499
-8.11932
-11.1937
-9.64467
-11.1809
-9.62848
-9.03149
-8.43449
-5.9725
-12.1265
-11.5235
-14.0471
-13.4366
-10.9205
-10.3175
-7.8375
-12.8261
-12.2156
-9.71446
-15.9891
-15.3696
-17.9542
-17.3241
-14.7501
-14.1305
-11.6051
14.5761
16.1149
14.5281
16.0604
14.472
12.955
17.6638
19.2239
17.602
19.1539
17.5301
15.9968
14.4071
12.8977
20.8636
22.4573
20.7959
24.1391
25.7723
24.0655
25.6892
23.9794
22.3808
20.7169
22.2921
20.626
19.0728
25.5927
23.8802
25.4822
23.7671
22.1905
20.5224
18.9801
15.9233
14.3325
12.8318
17.4474
17.3532
15.8393
14.2476
12.7564
3.87088
2.35782
0.881047
6.87201
5.349
6.82704
5.30428
3.83194
2.31968
0.848034
9.89615
8.35728
11.3944
11.3363
9.84507
8.30591
9.7865
8.24728
6.77577
11.2697
11.194
9.71973
8.18069
6.71747
3.78786
2.27663
0.81107
5.2535
5.19591
3.73795
2.22797
0.769435
-0.63739
-2.1257
-0.670138
-2.15451
-3.67106
-5.16179
-3.64343
-5.13828
-0.70683
-2.18654
-0.748185
-2.2225
-3.73668
-5.21699
-3.7019
-5.18779
-6.70544
-8.20341
-6.68154
-6.73255
-8.22477
-9.74651
-11.2565
-9.72816
-11.2441
-9.71228
-6.66011
-8.16739
-8.18453
-11.2334
-9.69814
-11.2238
-12.7682
-14.3181
-12.7628
-12.774
-14.3192
-15.8774
-17.4525
-15.8811
-17.4611
-15.8844
-12.7808
-14.3206
-12.7893
-14.323
-15.8715
-17.4349
-15.874
-17.4436
-19.0185
-20.6238
-19.0332
-19.0041
-20.6029
-22.1975
-23.8377
-22.225
-23.8719
-22.2521
-19.0474
-20.6635
-19.0605
-20.6442
-23.9049
-22.278
-23.936
-22.302
-12.7409
-14.3021
-12.7295
-12.7498
-14.3093
-15.8867
-17.4768
-15.8843
-17.4764
-15.8787
-12.7569
-14.3138
-14.3165
-17.4684
-15.8865
-17.4739
-19.0717
-20.6956
-19.0803
-20.6808
-23.9644
-22.3234
-23.9895
-22.3414
-19.0856
-20.7144
-19.0868
-20.707
-24.0105
-22.3554
-24.0268
-22.3646
-15.2681
-14.6576
-18.4673
-17.8477
-20.4744
-19.8443
-17.2282
-16.6087
-21.7345
-21.1044
-25.0806
-24.4385
-27.205
-26.5494
-23.7964
-23.1543
-25.8938
-25.2382
-22.5123
-29.3696
-28.699
-31.576
-30.8889
-28.0283
-27.3577
-24.5826
-19.2143
-18.5842
-21.8702
-23.927
-21.2281
-20.5861
-23.2714
-22.6158
-19.944
-26.6871
-26.0165
-28.8274
-28.1403
-25.3458
-24.6752
-21.9602
-30.2017
-29.5146
-33.8261
-33.1209
-36.1214
-35.3967
-32.4157
-31.7105
-34.6719
-33.9472
-31.0053
-38.4636
-37.7179
-40.8545
-40.0862
-36.9721
-36.2263
-33.2225
-27.4531
-26.766
-24.0046
-30.3001
-32.4977
-29.5949
-28.8897
-26.0788
-16.6941
-16.064
-13.511
-19.3019
-21.3046
-18.6598
-18.0178
-15.434
-20.649
-19.9934
-17.3757
-23.334
-25.3916
-22.6633
-21.9927
-19.3378
2.48815
5.4943
5.46803
2.46315
8.51799
8.49035
8.4587
11.4673
8.42231
2.43648
5.43892
5.40625
2.40743
-0.519546
-0.543443
-3.56162
-3.53955
-0.568051
-0.594088
-3.60643
-3.58368
-6.61266
-6.63104
-9.67863
-9.66571
-6.57508
-6.59425
-9.65202
-9.63685
-7.49816
-10.5738
-12.4777
-9.37419
-11.2645
-14.4005
-16.3441
-13.1708
14.5531
14.5012
17.6341
17.5673
14.4407
20.8311
24.1038
24.024
20.7579
20.673
23.9315
23.8254
20.5758
14.371
17.4901
17.4017
14.2914
2.37528
5.3693
5.32736
2.33932
8.38047
11.4205
11.3663
8.33246
8.27755
11.3041
11.233
8.21503
2.29881
5.27969
5.2256
2.25305
-0.62227
-0.653316
-3.65689
-3.6306
-0.687946
-0.72688
-3.71876
-3.68604
-6.69314
-6.71855
-9.73698
-9.71995
-6.6501
-6.67056
-9.70503
-9.6915
-12.7655
-12.771
-15.8793
-15.8828
-12.7772
-12.7848
-15.8726
-15.8756
-19.0259
-19.0112
-22.2113
-22.2387
-19.0542
-19.0404
-22.2653
-22.2903
-12.7356
-12.7457
-15.8859
-15.882
-12.7535
-12.7599
-15.8856
-15.8869
-19.0764
-19.0664
-22.313
-22.3328
-19.0867
-19.0834
-22.3489
-22.3606
-13.6908
-16.8599
-18.8425
-15.6302
-20.0917
-23.397
-25.4892
-22.1252
-24.1919
-27.6192
-29.7888
-26.2934
-17.5933
-20.8535
-22.8946
-19.5818
-21.5973
-24.9676
-27.074
-23.6417
-28.4314
-31.9995
-34.2532
-30.6076
-32.8237
-36.5515
-38.896
-35.0814
-25.7166
-29.2156
-31.3941
-27.8236
-15.0949
-18.31
-20.3
-17.0382
-19.0027
-22.3158
-24.3592
-20.99
1.75003
2.49422
1.73797
0.993996
3.25082
3.9959
3.23868
3.98353
3.22623
2.48201
1.72575
0.981942
4.75381
5.50051
4.74157
6.26047
7.0095
6.24812
6.99677
6.23517
5.48796
4.72888
5.47484
4.71563
3.97073
6.98331
6.22152
6.96904
6.20709
5.46105
4.70175
3.95741
2.46952
1.71328
0.969754
3.21337
3.20003
2.45666
1.70046
0.957341
7.77225
8.52435
7.75978
9.29062
10.0465
9.27802
10.0334
9.26452
8.51141
7.74656
8.49761
7.7325
10.0192
9.25003
10.0039
9.23447
8.48285
7.7175
8.46703
7.70149
6.95386
9.98747
9.21773
9.96972
9.19974
8.45008
7.68437
6.9377
10.7231
11.478
10.7027
9.95059
12.2559
13.0156
12.2345
12.9928
12.2114
11.4563
10.6808
9.92999
8.43189
7.66604
6.92045
9.1804
9.15962
8.41239
7.64642
6.90203
2.44334
1.68721
0.944614
3.94349
3.18611
3.92886
3.17151
2.42947
1.67344
0.931482
5.4465
4.68714
6.19178
6.17551
5.43111
4.67172
5.41479
4.65538
3.91345
6.15819
6.13972
5.39744
4.63806
3.89715
2.41496
1.65905
0.917857
3.15616
3.13996
2.39971
1.64396
0.903648
0.234284
-0.513599
0.246266
0.22226
-0.525493
-1.28543
-2.03406
-1.27368
-2.02246
-1.26188
0.210102
-0.53743
0.19772
-0.5495
-1.30915
-2.0572
-1.29722
-2.04561
-2.80614
-3.55614
-2.79485
-2.81748
-3.56711
-4.32861
-5.08056
-4.31801
-5.07034
-4.30735
-2.78351
-3.53394
-2.77203
-3.54511
-5.05997
-4.29656
-5.04937
-4.28553
0.185025
-0.561793
0.171927
-0.574398
-1.33375
-2.08087
-1.32129
-2.06893
0.158336
-0.587406
0.144162
-0.600905
-1.35996
-2.10578
-1.34661
-2.09312
-2.85261
-3.60064
-2.84062
-2.86501
-3.61231
-4.37231
-5.12184
-4.36101
-5.11129
-4.35003
-2.82894
-3.57813
-3.58927
-5.10095
-4.33925
-5.09074
-5.85358
-6.60809
-5.84389
-5.8633
-6.61723
-7.38179
-8.13946
-7.37325
-8.13153
-7.36465
-5.87315
-6.62641
-5.88322
-6.63571
-7.39907
-8.15526
-7.39037
-8.14735
-8.91399
-9.67543
-8.90683
-8.92119
-9.68183
-10.4509
-11.2167
-10.4454
-11.212
-10.4398
-8.89961
-9.66239
-8.89224
-9.66899
-11.2071
-10.434
-11.202
-10.428
-5.81415
-6.57008
-5.80371
-5.82427
-6.57998
-7.34694
-8.10648
-7.33764
-8.09743
-7.32793
-5.83415
-6.58955
-6.59889
-8.12344
-7.35591
-8.11513
-8.88463
-9.6484
-8.8767
-9.65556
-11.1966
-10.4217
-11.1907
-10.4149
-8.86836
-9.63274
-8.8595
-9.64082
-11.1843
-10.4076
-11.1774
-10.3998
-7.03119
-6.73446
-5.50792
-8.56164
-8.26378
-9.50226
-9.20308
-7.96592
-7.66806
-6.43773
-10.1006
-9.80144
-11.6494
-11.3488
-12.6047
-12.3023
-11.0481
-10.7474
-12
-11.6976
-10.4467
-13.565
-13.2608
-14.5306
-14.2242
-12.9565
-12.6523
-11.3952
-8.90391
-8.60473
-7.3702
-10.146
-11.0929
-9.84536
-9.54468
-8.30556
-10.7905
-10.4881
-9.244
-12.348
-12.0438
-13.3053
-12.999
-11.7395
-11.4353
-10.1858
-13.9179
-13.6116
-15.5015
-15.193
-16.4782
-16.1672
-14.8844
-14.5758
-15.8561
-15.5451
-14.2673
-17.4607
-17.147
-18.4493
-18.1328
-16.8334
-16.5197
-15.2341
-12.6927
-12.3863
-11.131
-13.9587
-14.9231
-13.6501
-13.3415
-12.08
13.7996
14.5648
13.7772
15.3557
16.1271
15.3322
16.102
15.3067
14.5409
13.7528
14.5149
13.7266
12.9681
16.0748
15.279
16.0453
15.2492
14.4869
13.6982
12.9415
16.8743
17.6493
16.8453
18.4573
19.2397
18.4269
19.2074
18.394
17.6183
16.8139
17.585
16.7801
16.0136
19.1724
18.3585
19.1347
18.3203
17.549
16.7438
15.9793
14.4567
13.6677
12.9128
15.217
15.1825
14.4242
13.6349
12.8821
20.057
20.8477
20.0252
21.6749
22.4746
21.6417
22.4392
21.6057
20.8138
19.9908
23.3125
24.1219
23.2779
24.9713
25.791
24.9352
25.7527
24.8961
24.085
23.2403
24.0452
23.1998
22.401
25.7112
24.8538
25.6663
24.8082
24.0021
23.1561
22.3598
20.7772
19.9536
21.5669
21.525
20.7378
19.9136
20.6953
19.8707
19.0942
22.3154
21.4801
22.2679
21.432
20.6499
19.8247
19.0508
23.9559
23.1091
25.6181
24.7593
25.5664
24.7069
23.9063
23.0589
23.8532
23.0053
22.2171
25.5112
24.651
25.4523
24.5914
23.7967
22.9482
22.163
20.6013
19.7757
19.0044
21.3807
21.3261
20.5495
19.7235
18.955
14.3894
13.5999
12.8491
15.9426
15.1455
15.9033
15.1059
14.3521
13.5624
12.8139
17.5104
16.7048
18.2794
18.2356
17.4691
16.6631
17.4249
16.6186
15.8614
18.1888
18.139
17.3778
16.5712
15.8166
14.3123
13.5224
12.7762
15.0636
15.0187
14.2698
13.4798
12.7361
2.38365
1.62809
0.888767
3.8799
3.12282
3.86158
3.10465
2.36668
1.61133
0.873125
5.37898
4.61964
6.88235
6.12003
6.86132
6.09901
5.35931
4.60006
5.33835
4.5792
3.84212
6.83885
6.07657
6.81484
6.05264
5.316
4.557
3.82143
2.34871
1.5936
0.85663
3.08537
3.06487
2.32964
1.57481
0.839192
8.39148
7.62543
9.90784
9.13732
9.88404
9.1134
8.36907
7.60296
11.4329
10.6572
12.1864
12.1595
11.4077
10.6318
11.3806
10.6045
9.85851
12.1307
12.0997
11.3516
10.5753
9.83115
8.34508
7.57894
9.08777
9.06035
8.3194
7.55327
8.29196
7.52585
6.78922
9.80188
9.03103
9.7706
8.99975
8.26266
7.49661
6.76188
11.3204
10.5441
12.0666
12.0312
11.2872
10.5108
11.2517
10.4752
9.73723
11.9934
11.9532
11.2138
10.4374
9.70167
8.23141
7.46545
6.73274
8.96639
8.93088
8.19812
7.43227
6.70171
2.3094
1.55487
0.820721
3.7994
3.04308
3.77596
3.0199
2.28789
1.53369
0.801127
5.29219
4.53334
6.02711
5.9999
5.2668
4.50815
5.23977
4.48134
3.75101
5.97092
5.94007
5.21098
4.45281
3.72447
2.26502
1.51117
0.780322
2.99524
2.96902
2.2407
1.48724
0.758213
0.129319
-0.614985
0.113714
-0.629735
-1.38849
-2.13264
-1.37389
-2.11892
0.0972564
-0.645246
0.0798567
-0.661609
-1.42006
-2.16219
-1.40385
-2.14704
-2.90547
-3.65008
-2.89134
-2.92035
-3.66388
-4.42237
-5.16803
-4.40894
-5.15571
-4.39618
-2.87788
-3.62438
-3.63694
-5.14396
-4.384
-5.13271
0.0614251
-0.678913
0.0418718
-0.697248
-1.45539
-2.19513
-1.43721
-2.17819
0.021107
-0.716704
-0.000959194
-0.73737
-1.4952
-2.23219
-1.47469
-2.2131
-2.97046
-3.7102
-2.95276
-2.98928
-3.72758
-4.48453
-5.22488
-4.46754
-5.20935
-4.45158
-2.93609
-3.67844
-3.69385
-5.19476
-4.43655
-5.18102
-5.93993
-6.68725
-5.92744
-5.95318
-6.6992
-7.45891
-8.20849
-7.44757
-8.19849
-7.4369
-5.96727
-6.71189
-5.9823
-6.72543
-7.48392
-8.23058
-7.47099
-8.21916
-8.98004
-9.73249
-8.9701
-8.99074
-9.74165
-10.5041
-11.26
-10.4958
-11.2532
-10.4881
-8.96082
-9.71606
-8.95211
-9.72399
-11.247
-10.481
-11.2413
-10.4744
-5.89359
-6.64523
-5.90436
-6.65506
-7.4172
-8.17155
-7.40798
-8.1633
-5.91561
-6.66527
-6.67598
-8.18905
-7.42681
-8.18011
-8.94388
-9.70155
-8.93604
-9.70861
-11.236
-10.4682
-11.2309
-10.4622
-8.92851
-9.68825
-9.69479
-11.2261
-10.4565
-11.2214
-11.9934
-12.7641
-11.9896
-11.9971
-12.7669
-13.542
-14.3184
-13.5404
-14.3178
-13.5386
-12.001
-12.7696
-12.0051
-12.7725
-13.5455
-14.3195
-13.5437
-14.3189
-15.0976
-15.8802
-15.0983
-15.097
-15.8783
-16.661
-17.4503
-16.6642
-17.4548
-16.6672
-15.0988
-15.8836
-15.0993
-15.882
-17.459
-16.6702
-17.4631
-16.6729
-12.0095
-12.7756
-12.0142
-12.7789
-13.5498
-14.3211
-13.5475
-14.3202
-12.0195
-12.7827
-12.0253
-12.7869
-13.5557
-14.3238
-13.5525
-14.3223
-15.0963
-15.8732
-15.0963
-15.0967
-15.872
-16.6495
-17.4328
-16.6521
-17.437
-16.6549
-15.0966
-15.8765
-15.8748
-17.4413
-16.6579
-17.4458
-18.2328
-19.0295
-18.2387
-18.227
-19.0222
-19.8139
-20.6186
-19.8228
-20.629
-19.8316
-18.2212
-19.0148
-18.2156
-19.0076
-19.7963
-20.5977
-19.805
-20.6081
-21.4049
-22.2182
-21.417
-21.3928
-22.2044
-23.0066
-23.8291
-23.0222
-23.8464
-23.0376
-21.429
-22.2454
-21.4409
-22.2319
-23.8635
-23.0529
-23.8803
-23.068
-18.2557
-19.0574
-18.2608
-18.2503
-19.0509
-19.8486
-20.6588
-19.8567
-20.668
-19.8644
-18.2446
-19.044
-19.0368
-20.6392
-19.8402
-20.6492
-21.4525
-22.2717
-21.4638
-22.2587
-23.8968
-23.0827
-23.9129
-23.0969
-21.4746
-22.2962
-21.4849
-22.2842
-23.9284
-23.1107
-23.9433
-23.1238
-11.9568
-12.7326
-11.9501
-11.9629
-12.7383
-13.522
-14.3042
-13.5173
-14.2999
-13.5118
-11.9683
-12.7434
-11.9732
-12.7478
-13.5293
-14.3106
-13.5259
-14.3078
-15.0959
-15.8852
-15.0935
-15.0976
-15.8864
-16.6794
-17.4764
-16.6795
-17.477
-16.6788
-15.0903
-15.8804
-15.0863
-15.8833
-17.4768
-16.6773
-17.4757
-16.6748
-11.9777
-12.7517
-11.9819
-12.7552
-13.5346
-14.3147
-13.5322
-14.3129
-11.9858
-12.7584
-12.7614
-14.317
-13.5368
-14.316
-15.0994
-15.8861
-15.0993
-15.885
-17.4667
-16.6752
-17.47
-16.6771
-15.0987
-15.8869
-15.8867
-17.4728
-16.6786
-17.4749
-18.2732
-19.0785
-18.276
-18.2696
-19.0741
-19.878
-20.6922
-19.8838
-20.6988
-19.8888
-18.2655
-19.0691
-19.0635
-20.6767
-19.8715
-20.6848
-21.4946
-22.3183
-21.5036
-22.3076
-23.9576
-23.1363
-23.971
-23.1479
-21.5119
-22.3372
-21.5192
-22.3282
-23.9836
-23.1587
-23.9952
-23.1685
-18.2795
-19.0869
-18.2787
-18.2793
-19.0863
-19.8962
-20.7129
-19.8983
-20.7155
-19.8993
-18.2781
-19.0846
-19.082
-20.7045
-19.893
-20.7093
-21.5256
-22.3523
-21.5309
-22.3453
-24.0057
-23.1772
-24.0151
-23.1848
-21.5351
-22.3628
-21.538
-22.3581
-24.0232
-23.1911
-24.03
-23.1961
-13.2095
-12.9071
-14.782
-14.4778
-15.7558
-15.4495
-14.1735
-13.8693
-16.3684
-16.0621
-17.9701
-17.6615
-18.9662
-18.6552
-17.3529
-17.0444
-18.3442
-18.0332
-16.7358
-19.9698
-19.6561
-20.9809
-20.6644
-19.3425
-19.0289
-17.7222
-15.1432
-14.8369
-16.4272
-17.4112
-16.1187
-15.8101
-19.5883
-19.2773
-21.2244
-20.9107
-22.2467
-21.9303
-20.5971
-20.2834
-22.8797
-22.5632
-24.5556
-24.2361
-25.608
-25.2854
-23.9166
-23.5971
-24.9627
-24.64
-23.2777
-26.6702
-26.3442
-27.7423
-27.4127
-26.0181
-25.6921
-24.3174
-21.6138
-21.2974
-22.9582
-23.9947
-22.6387
-22.3193
-23.672
-23.3494
-21.9998
-25.366
-25.04
-26.4239
-26.0943
-24.714
-24.3879
-23.0267
-27.0831
-26.7535
-28.8246
-28.4912
-29.9172
-29.5799
-28.1579
-27.8245
-29.2426
-28.9053
-27.4911
-31.0204
-30.679
-32.1344
-31.7886
-30.3375
-29.9961
-28.568
-25.7647
-25.4351
-24.0619
-27.1578
-28.2307
-26.8244
-26.491
-25.1055
-17.1002
-16.7892
-18.7152
-18.4016
-19.7151
-19.3986
-18.0879
-17.7743
-20.348
-20.0315
-21.6803
-22.7041
-21.3609
-21.0414
-22.3814
-22.0588
-20.722
-23.7358
-24.7758
-23.4098
-23.0838
-21.7361
-19.0822
-18.7657
-20.4025
-21.4135
-20.083
-19.7636
-21.0908
-20.7682
-19.4441
-22.7577
-22.4317
-23.787
-23.4574
-22.1057
-21.7796
-20.4455
-24.4462
-24.1166
-26.1577
-25.8243
-27.2188
-26.8814
-25.491
-25.1576
-26.5441
-26.2068
-24.8242
-28.2889
-27.9475
-29.3683
-29.0226
-27.606
-27.2646
-25.8695
-23.1278
-22.7982
-21.4536
-24.4909
-25.5322
-24.1575
-23.8241
-22.4686
-27.8934
-27.5561
-29.6546
-29.3132
-30.7514
-30.4056
-28.9718
-28.6303
-31.4429
-31.0971
-33.2594
-32.9091
-34.3956
-34.0406
-32.5589
-32.2086
-33.6857
-33.3307
-31.8583
-35.5432
-35.1834
-36.7025
-36.3375
-34.8235
-34.4637
-32.9757
-30.0598
-29.7141
-31.5081
-32.6208
-31.1578
-30.8075
-32.2658
-31.9108
-30.4573
-34.1038
-33.744
-35.2428
-34.8779
-33.3841
-33.0243
-31.5559
-35.9726
-35.6077
-37.8736
-37.5034
-39.0567
-38.6811
-37.1332
-36.763
-38.3055
-37.9298
-36.3928
-40.2521
-39.8709
-41.4601
-41.073
-39.4896
-39.1084
-37.5542
-34.5129
-34.148
-32.6644
-36.0227
-37.1786
-35.6525
-35.2823
-33.7831
-25.1949
-24.8576
-23.4908
-26.9231
-26.5817
-27.9853
-27.6395
-26.2402
-25.8988
-24.5203
-28.6768
-28.331
-30.107
-31.2009
-29.7567
-29.4064
-30.8459
-30.491
-29.0562
-32.3046
-33.4182
-31.9447
-31.5849
-30.136
-27.2937
-26.948
-25.5574
-28.7059
-29.781
-28.3556
-28.0053
-26.6022
-14.6121
-14.3011
-13.033
-16.2061
-15.8925
-17.1834
-16.8669
-15.5788
-15.2652
-13.9901
-17.8163
-17.4999
-19.1247
-20.1228
-18.8052
-18.4857
-19.8002
-19.4775
-18.1663
-21.1275
-22.139
-20.8015
-20.4755
-19.1549
-16.5505
-16.234
-14.9515
-17.8468
-18.8322
-17.5273
-17.2079
-15.9176
-18.5095
-18.1869
-16.8884
-20.1494
-19.8234
-21.1502
-20.8206
-19.4974
-19.1713
-17.8642
-21.8094
-21.4798
-23.1574
-24.183
-22.824
-22.4907
-23.8457
-23.5083
-22.1573
-25.2159
-26.2564
-24.8745
-24.533
-23.171
-20.491
-20.1614
-18.8453
-21.8239
-22.8337
-21.4906
-21.1572
-19.8318
1.74402
3.24479
3.2325
1.73189
4.74775
6.25436
6.24172
4.73529
4.72233
6.22844
6.21441
4.70878
1.71955
3.21986
3.20677
1.70692
7.7661
9.28443
9.27139
7.75327
7.73964
9.25741
9.24239
7.72512
7.70963
9.22625
9.2089
7.69307
10.7131
12.2454
12.2232
10.692
7.67536
9.19024
9.17019
7.6564
1.69389
3.19315
3.1789
1.68039
4.69454
6.19955
6.18377
4.67954
4.66367
6.16699
6.1491
4.64685
1.66633
3.16394
3.14817
1.6516
0.240274
0.228283
-1.27955
-1.26779
0.216203
0.203945
-1.30316
-1.29131
-2.8005
-2.8118
-4.32331
-4.31269
-2.77779
-2.78919
-4.30198
-4.29108
0.191418
0.178532
-1.32748
-1.31519
0.165199
0.151328
-1.35322
-1.34012
-2.84657
-2.85875
-4.36662
-4.35549
-2.82319
-2.83475
-4.34462
-4.33392
-5.84874
-5.85843
-7.37752
-7.36896
-5.86821
-5.87815
-7.39469
-7.38607
-8.91041
-8.91758
-10.4482
-10.4426
-8.89595
-8.90323
-10.4369
-10.431
-5.80898
-5.81925
-7.34234
-7.33284
-5.82923
-5.83903
-7.36031
-7.35146
-8.88072
-8.88847
-10.4249
-10.4183
-8.864
-8.87259
-10.4113
-10.4038
-6.26874
-7.79544
-8.73299
-7.20089
-9.32998
-10.8737
-11.825
-10.2739
-11.222
-12.7809
-13.7419
-12.1744
-8.136
-9.67409
-10.619
-9.07428
-10.016
-11.5678
-12.5208
-10.9612
-13.1313
-14.7079
-15.6794
-14.0931
-15.0598
-16.6564
-17.6392
-16.0318
-11.9103
-13.4783
-14.4403
-12.8634
13.7886
15.3442
15.3197
13.7653
13.74
15.2931
15.2644
13.7126
16.8601
18.4424
18.4108
16.8299
16.7974
18.3766
18.3398
16.7623
13.6832
15.2334
15.2
13.6516
20.0414
21.6587
21.6241
20.0083
23.2956
24.9536
24.916
23.2595
23.2204
24.8753
24.8314
23.1783
19.9725
21.5867
21.5463
19.9339
19.8925
21.5029
21.4565
19.8481
23.133
24.7842
24.7335
23.0845
23.0326
24.6794
24.6217
22.9772
19.8006
21.4068
21.3538
19.75
13.6177
15.1643
15.126
13.5814
16.7246
18.3002
18.2578
16.6843
16.6412
18.2126
18.1643
16.5953
13.5427
15.0851
15.0415
13.5014
1.63613
3.13151
3.11387
1.61982
4.62899
6.13003
6.10969
4.61
4.58979
6.08797
6.0648
4.56827
1.60259
3.09516
3.07528
1.58434
7.6361
9.14866
9.12556
7.61439
10.6692
12.1991
12.1732
10.6447
10.6184
12.1454
12.1155
10.5902
7.59115
9.1008
9.07429
7.56631
7.53978
9.04593
9.01564
7.51146
10.56
12.0834
12.0492
10.5277
10.4933
12.0126
11.9736
10.4566
7.48127
8.98333
8.94891
7.44912
1.56499
3.05415
3.03167
1.54444
4.54535
6.04008
6.01372
4.52094
4.49495
5.98563
5.95573
4.46729
1.5226
3.00776
2.98233
1.49939
0.13683
0.121618
-1.3811
-1.36685
0.105597
0.0886799
-1.41184
-1.39607
-2.89832
-2.91281
-4.41557
-4.40249
-2.87138
-2.88454
-4.39003
-4.3781
0.0707755
0.0517943
-1.44617
-1.42851
0.0316464
0.0102422
-1.48479
-1.4649
-2.96148
-2.97973
-4.4759
-4.45944
-2.92811
-2.9443
-4.44395
-4.42936
-5.9336
-5.94646
-7.45315
-7.44216
-5.96012
-5.97467
-7.47735
-7.46485
-8.97498
-8.98529
-10.4998
-10.4918
-8.95639
-8.96538
-10.4845
-10.4776
-5.88836
-5.89892
-7.41254
-7.40349
-5.90992
-5.92145
-7.43179
-7.42195
-8.93992
-8.94794
-10.4712
-10.4652
-8.92483
-8.93224
-10.4594
-10.4537
-11.9915
-11.9952
-13.5412
-13.5395
-11.999
-12.003
-13.5446
-13.5429
-15.098
-15.0973
-16.6626
-16.6657
-15.0991
-15.0986
-16.6687
-16.6716
-12.0072
-12.0118
-13.5486
-13.5465
-12.0168
-12.0223
-13.5541
-13.5511
-15.0962
-15.0964
-16.6508
-16.6534
-15.0968
-15.0964
-16.6564
-16.6594
-18.2358
-18.2299
-19.8183
-19.8272
-18.2241
-18.2184
-19.8006
-19.8095
-21.411
-21.3989
-23.0144
-23.0299
-21.435
-21.423
-23.0453
-23.0605
-18.2583
-18.253
-19.8527
-19.8606
-18.2474
-18.2417
-19.8359
-19.8445
-21.4582
-21.4467
-23.0754
-23.0899
-21.4798
-21.4692
-23.1039
-23.1173
-11.9536
-11.9599
-13.5197
-13.5147
-11.9657
-11.9708
-13.5277
-13.524
-15.0948
-15.0968
-16.6795
-16.6792
-15.0884
-15.092
-16.6782
-16.6761
-11.9755
-11.9799
-13.5335
-13.5308
-11.9839
-11.9878
-13.5377
-13.5357
-15.0994
-15.0994
-16.6741
-16.6762
-15.0982
-15.099
-16.6779
-16.679
-18.2747
-18.2715
-19.881
-19.8864
-18.2676
-18.2632
-19.868
-19.8748
-21.4992
-21.4899
-23.1301
-23.1422
-21.5157
-21.5079
-23.1534
-23.1637
-18.2792
-18.2795
-19.8974
-19.8989
-18.2788
-18.2771
-19.891
-19.8947
-21.5284
-21.5225
-23.173
-23.1811
-21.5367
-21.5331
-23.1881
-23.1938
-12.428
-13.9941
-14.9629
-13.3875
-15.5734
-17.1673
-18.1575
-16.5524
-17.5379
-19.1548
-20.1594
-18.5302
-14.3524
-15.9376
-16.9184
-15.3228
-18.777
-20.404
-21.4195
-19.7794
-22.0495
-23.715
-24.7595
-23.0791
-24.1175
-25.8136
-26.8772
-25.1649
-20.7894
-22.4432
-23.4754
-21.8073
-22.8333
-24.5162
-25.566
-23.8676
-26.2216
-27.9507
-29.0343
-27.2878
-28.3636
-30.1281
-31.2325
-29.4494
-24.9104
-26.6248
-27.693
-25.9619
-16.2989
-17.9056
-18.8993
-17.281
-19.5293
-21.1714
-22.1912
-20.5356
-21.5492
-23.2189
-24.2548
-22.5703
-18.2692
-19.8997
-20.9071
-19.2638
-20.265
-21.9217
-22.9436
-21.273
-23.5992
-25.299
-26.3518
-24.6361
-25.6812
-27.4133
-28.4839
-26.7346
-22.288
-23.9732
-25.0105
-23.3102
-27.0224
-28.7707
-29.8582
-28.092
-30.5453
-32.3475
-33.4735
-31.6515
-32.7683
-34.6106
-35.759
-33.8958
-29.171
-30.9556
-32.0631
-30.2596
-31.3579
-33.1811
-34.3096
-32.4663
-35.0343
-36.919
-38.0907
-36.1839
-37.345
-39.2745
-40.4704
-38.5176
-33.5848
-35.4489
-36.5992
-34.7138
-24.3399
-26.0559
-27.1095
-25.3772
-27.7967
-29.5636
-30.6527
-28.8676
-29.9475
-31.7515
-32.8601
-31.0367
-26.4224
-28.1716
-29.2423
-27.4756
-13.8208
-15.4072
-16.379
-14.7825
-17.0091
-18.6279
-19.6229
-17.9921
-18.9809
-20.6244
-21.6324
-19.9757
-15.749
-17.3562
-18.3388
-16.7203
-17.6967
-19.3271
-20.3212
-18.6784
-20.9768
-22.6473
-23.6693
-21.9844
-22.9986
-24.6985
-25.7352
-24.0198
-19.6656
-21.3215
-22.328
-20.6586
