FiniteElementSpace
FiniteElementCollection: H1_3D_P1
VDim: 3
Ordering: 1

-0.05 0 0.2
-0.078125 0 0.234375
-0.1125 0 0.225
-0.153125 0 0.153125
-0.2 0 0
-0.05 0 0.2
-0.078125 0 0.234375
-0.1125 0 0.225
-0.153125 0 0.153125
-0.2 0 0
-0.05 0 0.2
-0.078125 0 0.234375
-0.1125 0 0.225
-0.153125 0 0.153125
-0.2 0 0
-0.05 0 0.2
-0.078125 0 0.234375
-0.1125 0 0.225
-0.153125 0 0.153125
-0.2 0 0
-0.05 0 0.2
-0.05 0 0.2
-0.05 0 0.2
-0.05 0 0.2
-0.0632812 0 0.221484
-0.078125 0 0.234375
-0.0632812 0 0.221484
-0.0632812 0 0.221484
-0.078125 0 0.234375
-0.0632812 0 0.221484
-0.078125 0 0.234375
-0.078125 0 0.234375
-0.0945313 0 0.236328
-0.1125 0 0.225
-0.0945313 0 0.236328
-0.0945313 0 0.236328
-0.1125 0 0.225
-0.0945313 0 0.236328
-0.1125 0 0.225
-0.1125 0 0.225
-0.132031 0 0.198047
-0.153125 0 0.153125
-0.132031 0 0.198047
-0.132031 0 0.198047
-0.153125 0 0.153125
-0.132031 0 0.198047
-0.153125 0 0.153125
-0.153125 0 0.153125
-0.175781 0 0.0878906
-0.2 0 0
-0.175781 0 0.0878906
-0.175781 0 0.0878906
-0.2 0 0
-0.175781 0 0.0878906
-0.2 0 0
-0.2 0 0
-0.05 0 0.2
-0.0632812 0 0.221484
-0.0632812 0 0.221484
-0.078125 0 0.234375
-0.0632812 0 0.221484
-0.0632812 0 0.221484
-0.0945313 0 0.236328
-0.0945313 0 0.236328
-0.1125 0 0.225
-0.0945313 0 0.236328
-0.0945313 0 0.236328
-0.132031 0 0.198047
-0.132031 0 0.198047
-0.153125 0 0.153125
-0.132031 0 0.198047
-0.132031 0 0.198047
-0.175781 0 0.0878906
-0.175781 0 0.0878906
-0.2 0 0
-0.175781 0 0.0878906
-0.175781 0 0.0878906
-0.0632812 0 0.221484
-0.0945313 0 0.236328
-0.132031 0 0.198047
-0.175781 0 0.0878906
