FiniteElementSpace
FiniteElementCollection: H1_2D_P2
VDim: 1
Ordering: 0

1
0.770649
22.4454
-21.0181
-20.7816
-37.2147
22.821
11.239
0.908301
-9.73219
-20.9237
-9.6662
-28.761
-23.7809
11.4927
-9.69966
-16.5188
6.26563
6.15435
0.957024
-4.36152
-9.68592
-4.29025
-13.0481
-10.8827
17.017
22.6607
16.7031
11.3839
5.95947
0.848096
-4.45531
-9.71317
-15.1457
-20.8558
-15.1918
-20.9797
-15.2136
-24.8075
-22.4497
-32.8922
-30.2459
-20.0919
-17.7341
6.21757
-4.32594
-7.56086
16.8828
6.07024
-4.40272
-15.1689
-15.2086
-18.7684
-26.271
-14.2692
3.62696
6.24313
3.58153
0.978871
8.92774
8.87686
11.5353
8.80612
6.18822
3.52566
0.93374
-1.68019
-4.30847
-1.63977
-1.72343
-4.34338
-7.01669
-9.69318
-6.99095
-9.67716
-6.96215
-5.92
-11.3469
-10.2807
-14.7715
-13.6693
-9.21451
19.8782
14.2257
16.9552
14.1043
11.4424
22.7473
19.731
22.5603
19.5336
16.799
13.9421
11.3163
6.11527
3.45359
0.879995
8.70977
8.58205
6.01854
3.35957
0.811887
-1.77522
-4.38106
-1.84132
-4.42723
-7.08203
-9.72163
-7.04514
-9.70608
-12.4175
-15.1808
-12.4211
-12.4165
-15.157
-17.9305
-20.8191
-17.9781
-20.8909
-18.0224
-12.4216
-15.2129
-12.4131
-15.2013
-20.9536
-18.0578
-21.0015
-18.0783
-16.976
-15.8738
-22.8931
-21.7428
-26.7629
-25.5525
-20.5924
-19.4421
-24.342
-23.1316
-18.2917
-30.8036
-29.521
-35.0287
-33.662
-28.2384
-26.9558
-21.9211
-12.567
-17.1414
-20.7106
-15.991
3.60519
8.90442
8.84433
3.55526
-1.65998
-1.7011
-7.00384
-6.97729
-8.61353
-11.9654
14.2729
14.1697
19.8105
19.6389
14.0287
3.49201
8.7615
8.65019
3.40968
-1.74789
-1.80612
-7.06217
-7.03022
-12.4194
-12.4163
-17.9544
-18.001
-12.4188
-12.4221
-18.0416
-18.0703
-14.1308
-19.8932
-23.6286
-17.6436
-21.2708
-27.516
-31.5691
-25.026
-15.394
-18.913
2.31275
3.61626
2.29131
0.98948
4.9441
6.25472
4.92198
6.23078
4.89738
3.59364
2.26857
0.968083
7.59302
8.91656
7.57013
8.89122
7.54358
8.86126
7.51265
6.20341
10.1847
11.5149
10.1443
8.82598
7.47662
6.17189
3.56877
2.2438
0.945607
4.86958
4.83785
3.54092
2.21629
0.921335
-0.340022
-1.64992
-0.319216
-0.361183
-1.67004
-3.00133
-4.31725
-2.98235
-4.29949
-2.963
-0.383415
-1.69051
-0.407436
-1.71204
-3.04101
-4.35232
-3.02064
-4.33462
-5.67067
-6.99744
-5.65537
-5.6863
-7.01023
-8.35403
-9.69647
-8.34423
-9.68969
-8.33402
-5.63966
-6.96995
-5.62285
-6.98426
-9.68177
-8.32267
-9.672
-8.30949
-7.78597
-7.26245
-5.10384
-10.5041
-9.97456
-12.1948
-11.6578
-9.44503
-8.91551
-6.73893
-11.1208
-10.5837
-8.38598
-13.9069
-13.3609
-15.6421
-15.0855
-12.8148
-12.2688
-10.0467
12.8976
14.2504
12.8526
14.1989
12.7995
11.4685
15.6133
16.9874
15.5545
16.9204
15.4856
14.1383
12.7376
11.4142
18.4381
19.8458
18.3734
21.3386
22.7858
21.268
22.7057
21.1849
19.7723
18.2974
19.6866
18.2095
16.8423
22.6122
21.0887
22.5047
20.9786
19.588
18.1089
16.7526
14.0678
12.666
11.3513
15.4059
15.3147
13.9868
12.5841
11.2789
3.50938
2.18533
0.894552
6.13551
4.8015
6.09354
4.75979
3.47344
2.15018
0.86454
8.78465
7.43478
10.0969
10.0418
8.73657
7.38641
8.681
7.33079
6.04527
9.97821
9.90551
8.61723
7.26719
5.98997
3.43237
2.11014
0.830576
4.712
4.65742
3.38545
2.06447
0.791941
-0.433957
-1.73535
-0.463705
-1.76115
-3.08778
-4.39158
-3.06314
-4.37107
-0.497397
-1.79018
-0.535752
-1.82314
-3.14739
-4.44078
-3.11562
-4.41458
-5.7423
-7.05334
-5.7214
-5.7664
-7.0717
-8.40351
-9.72661
-8.38816
-9.71718
-8.37528
-5.70297
-7.02333
-7.03746
-9.7095
-8.36414
-9.70284
-11.0574
-12.4203
-11.0549
-11.0601
-12.4184
-13.7867
-15.1749
-13.7934
-15.1864
-13.7997
-11.0639
-12.4168
-11.0694
-12.4162
-13.7748
-15.1512
-13.7803
-15.1629
-16.5479
-17.9663
-16.5656
-16.5305
-17.9424
-19.3471
-20.8004
-19.3776
-20.8376
-19.4077
-16.5829
-18.012
-16.599
-17.9897
-20.8736
-19.4366
-20.9076
-19.4636
-11.0421
-12.4164
-11.0336
-11.048
-12.4205
-13.808
-15.2112
-13.8086
-15.2138
-13.806
-11.052
-12.4221
-12.4218
-15.1968
-13.8048
-15.2053
-16.6132
-18.0501
-16.6248
-18.0323
-20.9391
-19.488
-20.9672
-19.509
-16.633
-18.0749
-16.6372
-18.0645
-20.9912
-19.526
-21.0105
-19.5382
-13.2689
-12.7319
-16.0912
-15.5451
-17.8684
-17.3118
-14.9991
-14.453
-18.9816
-18.425
-21.9508
-21.3822
-23.8453
-23.2632
-20.8136
-20.245
-22.6811
-22.0989
-19.6764
-25.78
-25.1828
-27.7565
-27.1429
-24.5857
-23.9885
-21.5168
-16.7552
-16.1987
-19.1078
-20.9347
-18.5392
-17.9706
-20.3526
-19.7704
-17.402
-23.3914
-22.7942
-25.3018
-24.6881
-22.1971
-21.5999
-19.1883
-26.5292
-25.9155
-29.7767
-29.145
-31.8421
-31.1908
-28.5132
-27.8815
-30.5396
-29.8883
-27.2498
-33.9544
-33.2821
-36.1154
-35.4206
-32.6098
-31.9375
-29.2371
-24.0745
-23.4608
-21.0028
-26.6181
-28.5858
-25.9864
-25.3546
-22.8471
-14.5289
-13.9723
-11.7227
-16.8334
-18.6062
-16.2648
-15.6962
-13.4158
-18.0241
-17.4419
-15.1276
-20.4056
-22.2334
-19.8085
-19.2113
-16.8598
2.30215
4.9333
4.91003
2.28015
7.58199
7.55736
7.5287
10.1653
7.49532
2.25648
4.88392
4.85425
2.23044
-0.329619
-0.350514
-2.99184
-2.97277
-0.372121
-0.395157
-3.03065
-3.0109
-5.66302
-5.6784
-8.34914
-8.33922
-5.63144
-5.64761
-8.32853
-8.31636
-6.44107
-9.13986
-10.8138
-8.08719
-9.74761
-12.5068
-14.2204
-11.424
12.8761
12.8272
15.5851
15.5213
12.7697
18.4071
21.3048
21.228
18.3369
18.255
21.1385
21.0354
18.1608
12.703
15.4471
15.3617
12.6264
2.20129
4.8203
4.78136
2.16832
7.45647
10.1215
10.0703
7.41146
7.35955
10.0111
9.94305
7.30003
2.13082
4.7367
4.6856
2.08805
-0.420338
-0.448383
-3.0751
-3.05181
-0.480013
-0.515947
-3.13097
-3.10125
-5.73149
-5.75391
-8.39548
-8.38146
-5.69446
-5.71192
-8.36954
-8.359
-11.0562
-11.0587
-13.79
-13.7966
-11.0619
-11.0664
-13.7774
-13.7834
-16.5568
-16.5391
-19.3624
-19.3928
-16.5911
-16.5744
-19.4223
-19.4504
-11.0382
-11.0453
-13.8087
-13.8078
-11.0502
-11.0536
-13.8024
-13.8067
-16.6193
-16.6064
-19.4761
-19.4989
-16.6357
-16.6294
-19.518
-19.5327
-11.88
-14.6722
-16.4249
-13.5895
-17.5272
-20.4557
-22.318
-19.3308
-21.1676
-24.2181
-26.1577
-23.0392
-15.3227
-18.206
-20.0172
-17.0812
-18.8669
-21.8603
-23.7368
-20.6814
-24.9472
-28.1385
-30.1623
-26.8935
-28.8797
-32.2307
-34.3453
-30.9075
-22.5263
-25.6485
-27.5971
-24.4035
-13.1181
-15.9564
-17.7166
-14.8316
-16.5662
-19.5025
-21.3159
-18.3236
1.65628
2.30747
1.64572
0.994746
2.96957
3.62165
2.95893
3.61078
2.94798
2.29676
1.635
0.984193
4.28506
4.93876
4.27433
5.60422
6.26025
5.59337
6.24902
5.58192
4.92771
4.26313
4.91609
4.25138
3.59948
6.23706
5.56977
6.22429
5.55684
4.9038
4.239
3.58766
2.28578
1.62403
0.973505
2.93663
2.92478
2.27442
1.61271
0.962593
6.9285
7.5876
6.91753
8.25937
8.92227
8.24827
8.91062
8.23627
7.57617
6.90581
7.56386
6.89325
8.89796
8.22328
8.88419
8.20922
7.5506
6.87976
7.53628
6.86524
6.21062
8.86922
8.19398
8.85297
8.17749
7.52083
6.84962
6.19595
9.51335
10.1752
9.49448
8.83534
10.8587
11.5253
10.8388
11.504
10.8171
10.155
9.47403
8.81624
7.50415
6.83279
6.1802
8.15965
8.14037
7.48614
6.81467
6.16328
2.2626
1.60096
0.951366
3.57524
2.91236
3.56211
2.89927
2.25022
1.58869
0.939736
4.89076
4.2259
5.54303
5.52827
4.87687
4.21197
4.86204
4.19714
3.5482
5.51244
5.49548
4.84619
4.18131
3.53341
2.23721
1.5758
0.927611
2.88541
2.87071
2.22347
1.56222
0.914903
0.329998
-0.324421
0.34048
0.319474
-0.334815
-0.999786
-1.65496
-0.989535
-1.64486
-0.979236
0.308817
-0.345251
0.297936
-0.355821
-1.0205
-1.6751
-1.01008
-1.66501
-2.33057
-2.9871
-2.32078
-2.34041
-2.99658
-3.66311
-4.3216
-3.65401
-4.31288
-3.64486
-2.31094
-2.96791
-2.30096
-2.97758
-4.30401
-3.63556
-4.29491
-3.62603
0.286742
-0.366613
0.275145
-0.377718
-1.04211
-1.69576
-1.03115
-1.68532
0.263054
-0.389224
0.250381
-0.401224
-1.06532
-1.71767
-1.05346
-1.70652
-2.37104
-3.0256
-2.36055
-2.38193
-3.03578
-3.70081
-4.35688
-3.69102
-4.34783
-3.68153
-2.35037
-3.00609
-3.01574
-4.33899
-3.67226
-4.33028
-4.99815
-5.6592
-4.98997
-5.00638
-5.66684
-6.33644
-7.00065
-6.3294
-6.99421
-6.3223
-5.01473
-5.67452
-5.02329
-5.68232
-6.35071
-7.01344
-6.34351
-7.00703
-7.67871
-8.34669
-7.67305
-7.68441
-8.35158
-9.02573
-9.69807
-9.02167
-9.69484
-9.01755
-7.66733
-8.33665
-7.66146
-8.34174
-9.69146
-9.01328
-9.68785
-9.00878
-4.96473
-5.6272
-4.95579
-4.97335
-5.63559
-6.30759
-6.97367
-6.29979
-6.96611
-6.29158
-4.98173
-5.64367
-5.65151
-6.98763
-6.31506
-6.98081
-7.65536
-8.32565
-7.64893
-8.33131
-9.6839
-9.00395
-9.67953
-8.9987
-7.64208
-8.313
-7.63473
-8.31958
-9.67466
-8.99294
-9.66918
-8.98658
-6.03158
-5.77158
-4.69673
-7.3736
-7.11248
-8.19927
-7.93683
-6.85136
-6.59023
-5.51159
-8.72415
-8.46171
-10.0845
-9.8206
-10.9249
-10.6592
-9.55666
-9.29272
-10.3936
-10.128
-9.02877
-11.7702
-11.5027
-12.6208
-12.3512
-11.2352
-10.9677
-9.86234
-7.67439
-7.41195
-6.32911
-8.76483
-9.5967
-8.50089
-8.23695
-7.14951
-9.33107
-9.06544
-7.973
-10.7002
-10.4327
-11.5425
-11.2729
-10.1651
-9.89764
-8.79981
-12.0816
-11.8121
-13.4768
-13.205
-14.3385
-14.0642
-12.9332
-12.6613
-13.79
-13.5157
-12.3895
-15.206
-14.9291
-16.0797
-15.8
-14.6522
-14.3753
-13.2414
-11.0033
-10.7338
-9.63012
-12.1177
-12.9671
-11.8458
-11.574
-10.4642
12.2149
12.8871
12.1939
13.5835
14.2619
13.5615
14.2383
13.5374
12.8646
12.1711
12.8402
12.1463
11.4808
14.2126
13.5113
14.1846
13.4829
12.8136
12.1194
11.4557
14.9176
15.5995
14.8901
16.313
17.0025
16.2841
16.9716
16.2527
15.5701
14.8602
15.5382
14.8279
14.1543
16.9381
16.2187
16.9019
16.1821
15.5038
14.793
14.1216
12.7849
12.0904
11.4286
13.4523
13.4192
12.7539
12.0592
11.3993
17.7252
18.4229
17.695
19.1557
19.8623
19.124
19.8285
19.0895
18.3906
17.662
20.6058
21.3221
20.5727
22.077
22.8038
22.0425
22.767
22.0048
21.2868
20.5366
21.2484
20.4975
19.7917
22.7269
21.964
22.6836
21.92
21.2069
20.4553
19.752
18.3555
17.6263
19.0521
19.0118
18.3175
17.5878
18.2766
17.5464
16.8629
19.7092
18.9683
19.6632
18.9218
18.2327
17.502
16.821
21.1621
20.4099
22.6369
21.8725
22.5867
21.8217
21.114
20.3612
21.0625
20.3091
19.6139
22.5329
21.7672
22.4755
21.7092
21.0075
20.2535
19.5612
18.1856
17.4545
16.7762
18.872
18.8188
18.1353
17.4037
16.7282
12.7206
12.0256
11.3679
14.0864
13.3837
14.0486
13.3456
12.6848
11.9896
11.3341
15.4667
14.7556
16.1426
16.1003
15.4268
14.7154
15.3842
14.6724
14.0081
16.0551
16.0068
15.3386
14.6265
13.9648
12.6465
11.9511
11.2979
13.3049
13.2614
12.6056
11.91
11.2593
2.2089
1.54784
0.901522
3.51765
2.85507
3.50084
2.83841
2.19343
1.53258
0.887381
4.82923
4.1644
6.1451
5.47728
6.12557
5.45776
4.81106
4.14631
4.7916
4.12696
3.48288
6.1046
5.43683
6.08209
5.41439
4.77076
4.10625
3.46368
2.17696
1.51636
0.872386
2.82062
2.80163
2.1594
1.49907
0.856447
7.46673
6.79518
8.79559
8.11957
8.7733
8.09715
7.44583
6.77422
10.1331
9.45191
10.7937
10.7683
10.1094
9.42802
10.0839
9.40228
8.74926
10.7409
10.7115
10.0563
9.37459
8.72341
7.42333
6.75169
8.07302
8.0471
7.39916
6.72752
7.37321
6.70161
6.05797
8.69563
8.01929
8.66586
7.9895
7.34541
6.67386
6.03213
10.0267
9.34487
10.6798
10.6459
9.99493
9.31303
9.96092
9.27897
8.63398
10.6096
10.5709
9.92458
9.24261
8.59992
7.31566
6.6442
6.0045
7.95764
7.92363
7.28387
6.61253
5.97497
2.14066
1.48062
0.839477
3.44316
2.78134
3.42122
2.75966
2.12065
1.46094
0.821383
4.74844
4.08409
5.39036
5.36465
4.72456
4.06041
4.69902
4.03509
3.39777
5.33717
5.30782
4.67174
4.00806
3.37272
2.09927
1.43993
0.802077
2.7365
2.71177
2.07645
1.41749
0.781469
0.237038
-0.413803
0.222933
-0.427053
-1.09084
-1.74153
-1.07774
-1.72931
0.207975
-0.441064
0.192076
-0.455926
-1.11941
-1.76808
-1.1047
-1.75443
-2.4179
-3.06904
-2.40527
-2.43128
-3.08134
-3.74487
-4.39707
-3.73294
-4.38625
-3.72168
-2.39331
-3.04635
-3.0574
-4.376
-3.711
-4.36624
0.175144
-0.47173
0.157091
-0.488565
-1.15174
-1.79802
-1.13506
-1.78258
0.137826
-0.50652
0.11726
-0.525687
-1.18856
-1.83208
-1.16955
-1.81449
-2.47689
-3.12316
-2.46069
-2.49421
-3.13904
-3.80103
-4.44791
-3.78554
-4.43389
-3.77108
-2.44551
-3.09441
-3.10832
-4.4208
-3.75755
-4.40855
-5.0725
-5.72636
-5.06151
-5.08425
-5.7368
-6.40155
-7.05767
-6.39172
-7.04917
-6.38255
-5.09684
-5.748
-5.11037
-5.76004
-6.42357
-7.07676
-6.41214
-7.06684
-7.73276
-8.39174
-7.72431
-7.74195
-8.3994
-9.06687
-9.72932
-9.06004
-9.72405
-9.05388
-7.71653
-8.37831
-7.70932
-8.38474
-9.71935
-9.04829
-9.71513
-9.04317
-5.03216
-5.69034
-5.04143
-5.69866
-6.36584
-7.02673
-6.35812
-7.01998
-5.05118
-5.70738
-5.71658
-7.04124
-6.37395
-7.03379
-7.7026
-8.3668
-7.69626
-8.37236
-9.7113
-9.03845
-9.70777
-9.03403
-7.69023
-8.3565
-8.36155
-9.70445
-9.02982
-9.70124
-10.3782
-11.0555
-10.376
-10.3805
-11.0568
-11.737
-12.4198
-11.7368
-12.4207
-11.7366
-10.3829
-11.058
-10.3854
-11.0594
-11.7374
-12.418
-11.7371
-12.4189
-13.1027
-13.7917
-13.1048
-13.1006
-13.7884
-14.4761
-15.1719
-14.4807
-15.1779
-14.4853
-13.1069
-13.7982
-13.1088
-13.795
-15.1836
-14.4898
-15.1892
-14.4939
-10.3883
-11.061
-10.3916
-11.0628
-11.7388
-12.4165
-11.738
-12.4171
-10.3953
-11.0651
-10.3997
-11.0678
-11.7416
-12.4163
-11.74
-12.4162
-13.0953
-13.7788
-13.0968
-13.0942
-13.7761
-14.4586
-15.1484
-14.4626
-15.1541
-14.467
-13.0986
-13.785
-13.7818
-15.16
-14.4715
-15.1659
-15.858
-16.5612
-15.8654
-15.8506
-16.5524
-17.2491
-17.9603
-17.2595
-17.9722
-17.2698
-15.8434
-16.5435
-15.8363
-16.5348
-17.2285
-17.9364
-17.2388
-17.9484
-18.6502
-19.37
-18.6638
-18.6366
-19.3547
-20.062
-20.791
-20.079
-20.8098
-20.096
-18.6773
-19.4003
-18.6907
-19.3852
-20.8284
-20.1128
-20.8467
-20.1293
-15.8868
-16.5951
-15.8934
-15.8799
-16.587
-17.2899
-18.0066
-17.2994
-18.0173
-17.3086
-15.8727
-16.5787
-16.57
-17.984
-17.28
-17.9954
-18.7038
-19.4295
-18.7166
-19.4151
-20.8647
-20.1455
-20.8823
-20.1613
-18.7289
-19.4571
-18.7407
-19.4435
-20.8993
-20.1766
-20.9158
-20.1912
-10.3537
-11.036
-10.3485
-10.3582
-11.0402
-11.7289
-12.4177
-11.7257
-12.4148
-11.7218
-10.3622
-11.0438
-10.3656
-11.0467
-11.7333
-12.4211
-11.7314
-12.4197
-13.1129
-13.8088
-13.112
-13.1131
-13.8084
-14.5065
-15.21
-14.5081
-15.2122
-14.5089
-13.1103
-13.807
-13.1078
-13.8083
-15.2135
-14.5089
-15.2138
-14.5078
-10.3686
-11.0491
-10.3713
-11.0511
-11.7356
-12.4221
-11.7346
-12.4219
-10.3737
-11.0528
-11.0543
-12.4215
-11.7362
-12.422
-13.1104
-13.8036
-13.1118
-13.8011
-15.1944
-14.4978
-15.1991
-14.5012
-13.1127
-13.8074
-13.8058
-15.2034
-14.5041
-15.207
-15.9103
-16.6221
-15.9147
-15.9053
-16.6163
-17.3252
-18.0459
-17.3325
-18.054
-17.3391
-15.8996
-16.6098
-16.6027
-18.0275
-17.3172
-18.0371
-18.7519
-19.4821
-18.7625
-19.4699
-20.9315
-20.2051
-20.9464
-20.2183
-18.7722
-19.5041
-18.781
-19.4936
-20.9605
-20.2305
-20.9736
-20.2418
-15.9226
-16.6366
-15.9233
-15.9209
-16.6345
-17.3494
-18.0727
-17.353
-18.0768
-17.3555
-15.9182
-16.6313
-16.6272
-18.0613
-17.3447
-18.0675
-18.7889
-19.5221
-18.7957
-19.5136
-20.9856
-20.2521
-20.9965
-20.2612
-18.8014
-19.5356
-18.8058
-19.5295
-21.0061
-20.269
-21.0144
-20.2755
-11.4561
-11.1905
-12.8403
-12.5727
-13.6991
-13.4295
-12.3052
-12.0377
-14.2383
-13.9687
-15.6515
-15.3796
-16.5327
-16.2584
-15.1078
-14.836
-15.9841
-15.7099
-14.5641
-17.4213
-17.1444
-18.3174
-18.0377
-16.8675
-16.5906
-15.4356
-13.1599
-12.8904
-14.2923
-15.1613
-14.0205
-13.7486
-17.0812
-16.807
-18.5289
-18.252
-19.4363
-19.1566
-17.9751
-17.6982
-19.9958
-19.7161
-21.4832
-21.2005
-22.4208
-22.1348
-20.9178
-20.635
-21.8489
-21.563
-20.3523
-23.368
-23.0787
-24.3252
-24.0323
-22.7894
-22.5001
-21.2771
-18.8769
-18.5972
-20.0696
-20.9911
-19.7869
-19.5041
-20.7052
-20.4193
-19.2214
-22.2108
-21.9215
-23.1537
-22.8608
-21.6322
-21.3429
-20.1334
-23.7394
-23.4465
-25.2925
-24.9958
-26.2701
-25.9696
-24.6992
-24.4026
-25.669
-25.3684
-24.1059
-27.2584
-26.9537
-28.2574
-27.9484
-26.649
-26.3443
-25.0678
-22.5679
-22.275
-21.0536
-23.8093
-24.7673
-23.5127
-23.2161
-21.9822
-14.887
-14.6128
-16.3137
-16.0368
-17.1986
-16.9188
-15.7598
-15.4829
-17.758
-17.4783
-18.9387
-19.8474
-18.6559
-18.3732
-19.5615
-19.2756
-18.0905
-20.7643
-21.6893
-20.475
-20.1857
-18.9897
-16.6391
-16.3594
-17.8078
-18.7038
-17.525
-17.2423
-18.4179
-18.1319
-16.9596
-19.8964
-19.6071
-20.8107
-20.5178
-19.3178
-19.0285
-17.846
-21.3964
-21.1036
-22.9194
-22.6228
-23.8656
-23.565
-22.3262
-22.0296
-23.2644
-22.9639
-21.7329
-24.8208
-24.5161
-25.7852
-25.4762
-24.2114
-23.9067
-22.6633
-20.225
-19.9321
-18.7392
-21.4363
-22.3627
-21.1397
-20.8431
-19.6392
-24.4667
-24.1661
-26.0396
-25.7349
-27.0213
-26.7123
-25.4302
-25.1255
-27.6394
-27.3303
-29.2674
-28.9539
-30.2887
-29.9705
-28.6404
-28.3269
-29.6522
-29.334
-28.0133
-31.3214
-30.9983
-32.3657
-32.0375
-30.6752
-30.352
-29.0158
-26.4033
-26.0943
-27.6998
-28.6976
-27.3863
-27.0727
-28.3793
-28.0611
-26.7592
-30.0289
-29.7058
-31.0529
-30.7248
-29.3827
-29.0596
-27.7429
-31.7093
-31.3811
-33.4218
-33.0884
-34.49
-34.1511
-32.7549
-32.4215
-33.8122
-33.4733
-32.088
-35.5705
-35.226
-36.6634
-36.3131
-34.8814
-34.5369
-33.1345
-30.3966
-30.0684
-28.7365
-31.7546
-32.7956
-31.4212
-31.0877
-29.7402
-22.0621
-21.7616
-20.5464
-23.6019
-23.2972
-24.5491
-24.2401
-22.9925
-22.6878
-21.461
-25.1672
-24.8582
-26.4457
-27.4247
-26.1321
-25.8186
-27.1064
-26.7882
-25.5051
-28.4134
-29.412
-28.0902
-27.7671
-26.47
-23.9311
-23.622
-22.3831
-25.1915
-26.1517
-24.878
-24.5644
-23.313
-12.6929
-12.4186
-11.3022
-14.0984
-13.8215
-14.9608
-14.6811
-13.5446
-13.2677
-12.1443
-15.5202
-15.2405
-16.6769
-17.5601
-16.3941
-16.1114
-17.2742
-16.9882
-15.8287
-18.4498
-19.3463
-18.1605
-17.8712
-16.7023
-14.4013
-14.1216
-12.9908
-15.546
-16.4164
-15.2632
-14.9805
-13.8419
-16.1305
-15.8446
-14.6978
-17.5819
-17.2926
-18.4677
-18.1749
-17.0033
-16.714
-15.5587
-19.0535
-18.7606
-20.2498
-21.1604
-19.9532
-19.6565
-20.8598
-20.5593
-19.3599
-22.0784
-23.004
-21.7737
-21.469
-20.2587
-17.882
-17.5891
-16.4247
-19.0633
-19.9581
-18.7667
-18.47
-17.2963
1.65102
2.96429
2.9535
1.64039
4.27975
5.59886
5.58773
4.26879
4.25733
5.57594
5.56341
4.24528
1.62955
2.94236
2.93077
1.61842
6.9231
8.25393
8.24239
6.91177
6.89964
8.22991
8.21639
6.88662
6.87263
8.20175
8.1859
6.85757
9.50411
10.8489
10.8282
9.48446
6.84136
8.16875
8.1502
6.8239
1.6069
2.91865
2.9059
1.5949
4.23255
5.55005
5.53578
4.21904
4.20467
5.52049
5.50411
4.18935
1.58233
2.89244
2.87817
1.5691
0.335238
0.324747
-0.994661
-0.984398
0.314168
0.30341
-1.01527
-1.00492
-2.32568
-2.33548
-3.65856
-3.64945
-2.30598
-2.31587
-3.64023
-3.63083
0.292384
0.280999
-1.03658
-1.02579
0.269167
0.256796
-1.05932
-1.04773
-2.36575
-2.37643
-3.69587
-3.68624
-2.34537
-2.35543
-3.67687
-3.66768
-4.99406
-5.00226
-6.33292
-6.32586
-5.01053
-5.01898
-6.34709
-6.33997
-7.67588
-7.68155
-9.0237
-9.01962
-7.66442
-7.6702
-9.01544
-9.01107
-4.96031
-4.96907
-6.30374
-6.29574
-4.97756
-4.98586
-6.31871
-6.31136
-7.65219
-7.65844
-9.00641
-9.00138
-7.63847
-7.64556
-8.99589
-8.98984
-5.36334
-6.70161
-7.52421
-6.18054
-8.04773
-9.40303
-10.2393
-8.87669
-9.7098
-11.0804
-11.9263
-10.5473
-7.00069
-8.35036
-9.18027
-7.82402
-8.65074
-10.0142
-10.8522
-9.48106
-11.3893
-12.7774
-13.6339
-12.2361
-13.0879
-14.496
-15.3638
-13.9448
-10.3152
-11.6947
-12.5418
-11.1533
12.2046
13.5727
13.5497
12.1828
12.159
13.5246
13.4974
12.1331
14.9041
16.2989
16.2688
14.8754
14.8444
16.2361
16.2008
14.8108
12.1052
13.4679
13.436
12.0751
17.7104
19.1402
19.1071
17.6788
20.5896
22.0601
22.024
20.555
20.5174
21.9848
21.9424
20.4768
17.6445
19.0712
19.0323
17.6074
17.5675
18.9904
18.9455
17.5246
20.433
21.8967
21.8475
20.386
20.3355
21.7949
21.7387
20.2817
17.4786
18.8973
18.8458
17.4295
12.0427
13.4018
13.365
12.0079
14.7746
16.1627
16.1218
14.7358
14.6942
16.0781
16.0313
14.6498
11.9707
13.3256
13.2835
11.9309
1.55513
2.86302
2.84688
1.54033
4.173
5.48654
5.46769
4.15551
4.1368
5.44748
5.4258
4.11678
1.5246
2.82966
2.81128
1.50785
6.80511
8.13017
8.10857
6.78489
9.46319
10.8056
10.7812
9.44019
9.41539
10.7549
10.7265
9.38869
6.76316
8.08531
8.06029
6.73982
6.71479
8.03343
8.00465
6.68797
9.35999
10.6959
10.6632
9.32922
9.29628
10.6281
10.5906
9.26108
6.65928
7.97384
7.94091
6.62862
1.48999
2.79165
2.77068
1.47094
4.09536
5.40258
5.37772
4.07245
4.04796
5.35114
5.32273
4.0218
1.45061
2.74827
2.72434
1.42889
0.243799
0.230086
-1.0842
-1.07145
0.215566
0.200149
-1.11195
-1.09767
-2.41149
-2.42449
-3.73882
-3.72724
-2.38756
-2.39921
-3.71628
-3.70585
0.183745
0.166264
-1.14327
-1.12712
0.147616
0.127712
-1.17889
-1.1605
-2.46865
-2.4854
-3.79315
-3.77819
-2.43829
-2.45298
-3.7642
-3.75111
-5.06692
-5.07828
-6.39655
-6.38706
-5.09044
-5.10349
-6.41774
-6.40674
-7.72845
-7.73725
-9.06337
-9.05689
-7.71286
-7.72035
-9.05102
-9.04568
-5.02768
-5.03674
-6.36194
-6.35439
-5.04624
-5.05627
-6.37819
-6.36984
-7.69939
-7.70591
-9.04077
-9.03621
-7.6873
-7.69321
-9.0319
-9.02776
-10.3771
-10.3793
-11.7369
-11.7367
-10.3816
-10.3841
-11.7373
-11.737
-13.1037
-13.1016
-14.4784
-14.4831
-13.1078
-13.1058
-14.4876
-14.4919
-10.3868
-10.3899
-11.7383
-11.7377
-10.3934
-10.3974
-11.7407
-11.7393
-13.096
-13.0947
-14.4606
-14.4648
-13.0995
-13.0976
-14.4692
-14.4738
-15.8617
-15.8543
-17.2543
-17.2647
-15.847
-15.8398
-17.2336
-17.2439
-18.657
-18.6434
-20.0705
-20.0875
-18.684
-18.6706
-20.1044
-20.1211
-15.8902
-15.8834
-17.2947
-17.3041
-15.8764
-15.8691
-17.2749
-17.285
-18.7102
-18.6973
-20.1375
-20.1535
-18.7349
-18.7228
-20.169
-20.184
-10.3512
-10.3561
-11.7274
-11.7239
-10.3603
-10.3639
-11.7324
-11.7302
-13.1125
-13.1131
-14.5074
-14.5086
-13.1092
-13.1113
-14.509
-14.5085
-10.3671
-10.37
-11.7351
-11.734
-10.3725
-10.3749
-11.7364
-11.7359
-13.1112
-13.1096
-14.4959
-14.4996
-13.113
-13.1123
-14.5028
-14.5054
-15.9126
-15.9079
-17.329
-17.3359
-15.9025
-15.8966
-17.313
-17.3213
-18.7573
-18.7464
-20.1983
-20.2118
-18.7767
-18.7674
-20.2245
-20.2363
-15.9231
-15.9219
-17.3514
-17.3544
-15.9197
-15.9166
-17.342
-17.3472
-18.7924
-18.7851
-20.2471
-20.2568
-18.8038
-18.7987
-20.2652
-20.2724
-10.7689
-12.1465
-13.0004
-11.6134
-13.5374
-14.9429
-15.8181
-14.4015
-15.2721
-16.7005
-17.5901
-16.1493
-12.4634
-13.8602
-14.726
-13.3188
-16.3642
-17.8028
-18.7033
-17.2516
-19.2599
-20.7369
-21.6665
-20.1744
-21.0979
-22.6055
-23.5542
-22.0304
-18.1467
-19.612
-20.5293
-19.0496
-19.9607
-21.4552
-22.39
-20.88
-22.9721
-24.5128
-25.4814
-23.9233
-24.8843
-26.4603
-27.4497
-25.8551
-21.8079
-23.3339
-24.2871
-22.7444
-14.18
-15.5982
-16.4769
-15.0471
-17.0335
-18.4872
-19.3921
-17.9248
-18.8235
-20.3048
-21.2257
-19.7297
-15.9204
-17.3624
-18.2549
-16.8
-17.6863
-19.1545
-20.0615
-18.5793
-20.6436
-22.155
-23.0928
-21.5655
-22.4957
-24.0394
-24.995
-23.4342
-19.4794
-20.9761
-21.8985
-20.3866
-23.69
-25.2499
-26.2223
-24.6446
-26.836
-28.4498
-29.4608
-27.8273
-28.8291
-30.4829
-31.5164
-29.8417
-25.6087
-27.2048
-28.1974
-26.5823
-27.5657
-29.2004
-30.2139
-28.5591
-30.8652
-32.5615
-33.6183
-31.8999
-32.946
-34.687
-35.768
-34.0037
-29.5627
-31.2383
-32.2737
-30.5767
-21.3014
-22.8289
-23.7676
-22.2237
-24.3813
-25.9598
-26.934
-25.3373
-26.3022
-27.9178
-28.9114
-27.2765
-23.1539
-24.7147
-25.6705
-24.0922
-11.9957
-13.3937
-14.2506
-12.8426
-14.8072
-16.2376
-17.1177
-15.6752
-16.5491
-18.0041
-18.8972
-17.429
-13.6941
-15.1128
-15.9805
-14.5504
-15.4119
-16.8538
-17.733
-16.2786
-18.3151
-19.7972
-20.7042
-19.2077
-20.107
-21.6185
-22.5402
-21.0132
-17.1509
-18.6183
-19.5099
-18.0288
