FiniteElementSpace
FiniteElementCollection: H1_2D_P2
VDim: 1
Ordering: 0

1
23
-12.0197
14.2671
1.53159
39.0195
11.625
22.821
-5.45552
-5.12638
7.71981
7.58841
25.7988
30.7461
1.1684
18.5575
6.26563
11.5711
-4.29025
-10.8827
-2.22097
-2.12885
4.35597
4.28857
12.9674
15.0583
17.1719
22.9322
17.017
-17.7341
-8.71723
-8.53796
-1.98785
-1.77362
4.5876
4.44753
10.9418
10.9108
19.8687
22.1339
32.1512
34.8112
24.4525
26.8128
-7.56086
1.07203
9.5972
17.1114
-14.2692
-5.32766
1.31348
7.64212
16.3874
28.2439
20.7655
3.62696
8.92774
11.6008
8.87686
11.5353
-1.63977
-5.92
-4.87785
-0.609637
-9.21451
-8.14832
-3.8357
-0.572631
2.67749
2.64358
-3.7878
-0.529517
-0.47725
2.75742
2.71443
5.96573
5.93637
6.92969
7.92729
10.2574
11.2768
15.7302
16.7989
12.3028
13.3341
14.3691
17.1455
14.3121
20.0449
22.9712
19.9809
22.8824
19.8782
17.0688
14.2257
-12.567
-11.4647
-7.08213
-15.991
-14.8407
-10.3625
-7.01552
-3.72766
-10.2693
-6.93052
-6.82411
-3.55848
-3.65224
-0.41279
-0.333082
2.87379
2.80953
-3.44335
-0.235091
-0.115774
3.05092
2.95324
6.14333
6.08382
5.99806
9.26636
9.24609
6.03641
9.31872
9.28956
12.5907
12.584
13.6213
14.6705
17.0327
18.1197
22.7868
23.9546
19.2211
20.3353
25.1376
26.3344
21.461
28.9163
30.1823
35.515
36.8968
31.4646
32.7615
27.5436
17.8753
18.9578
22.5966
28.7636
23.7408
24.892
8.90442
8.84433
-3.25561
-6.50819
1.03449
-2.1795
1.11565
4.32077
5.27591
8.5897
14.0093
10.6095
14.3439
20.0174
19.9347
14.2729
-9.79994
-13.1444
-5.39924
-8.63832
-5.23772
-2.06598
1.23333
-1.89141
1.41188
4.50998
7.61379
4.39721
7.67645
10.9248
11.9341
15.3203
20.9939
17.467
23.2872
27.0135
33.4729
29.4886
16.113
19.6575
25.6281
21.8802
10.2712
11.6135
10.2475
8.91656
11.5867
10.2189
8.89122
11.554
10.1847
8.86126
-0.319216
-2.44699
-1.93099
0.195287
-2.963
-5.10384
-4.58483
-6.73893
-6.21542
-4.06582
-3.54681
-1.41499
-5.6919
-5.16838
-3.0278
-8.38598
-7.85645
-10.0467
-9.50963
-7.32692
-6.79739
-4.64487
0.212659
1.83869
1.8217
-1.39625
0.230793
0.250072
1.87417
1.85605
3.48222
3.46581
-3.00673
-1.37599
-4.62047
-2.98336
-2.95732
-1.32935
-1.35382
0.270874
0.293582
1.9142
1.89342
-1.30222
0.318574
0.346232
1.96183
1.93687
3.5554
3.53522
3.49901
5.12731
5.11203
3.51655
5.15934
5.14295
6.77535
6.76178
3.95809
4.45092
2.31275
5.60656
6.10211
8.25941
8.76113
6.59849
7.09552
4.9441
7.25955
7.75883
8.91849
9.42249
11.6065
12.1206
9.92828
10.4357
12.6366
13.1543
10.9445
14.3414
14.8678
17.135
17.6759
15.3962
15.9265
13.6736
9.26379
9.76722
7.59302
11.4546
14.1942
11.9657
12.4778
12.9905
14.3573
12.9658
15.7625
17.1596
15.7367
17.1295
15.7037
14.3289
12.935
18.5989
20.0322
18.572
21.5115
22.9868
21.4833
22.953
21.4456
20.0003
18.5367
19.9591
18.4923
17.0912
22.9087
21.3976
22.8532
21.3386
19.9078
18.4381
17.0441
14.2934
12.8976
15.6628
15.6133
14.2504
-8.97258
-8.43555
-6.26787
-11.7227
-11.1766
-13.4158
-12.8592
-10.6306
-10.0845
-7.89851
-12.3026
-11.7461
-9.53849
-15.1276
-14.559
-16.8598
-16.2777
-13.9904
-13.4218
-11.1895
-6.23918
-4.59302
-7.86455
-6.20667
-6.16994
-4.52741
-4.56213
-2.92821
-9.49827
-7.82599
-11.142
-9.45269
-9.40137
-7.73356
-7.78246
-6.12862
-6.08233
-4.44497
-4.48848
-7.67893
-6.03069
-5.97332
-4.34266
-4.39649
-2.77362
-2.81875
-2.89567
-1.27203
-2.85931
-1.20098
-1.23841
0.376935
0.411068
2.0201
1.98945
-1.15935
0.449008
0.491136
2.09206
2.05418
3.65888
3.62884
-2.72351
-1.11315
-4.28311
-2.66807
-2.60691
-1.0055
-1.06199
0.537832
0.589476
2.18074
2.13412
-0.943297
0.646448
0.70913
2.28919
2.23231
3.81699
3.77101
3.69233
5.29466
5.26581
3.72958
5.36298
5.32693
6.92887
6.90177
6.78929
8.42777
8.41646
5.17686
6.80396
6.81976
8.45182
8.43943
10.086
10.0775
3.57748
5.19588
3.60183
5.23998
5.2168
6.83706
6.85624
8.48034
8.46533
6.87768
8.51636
8.49722
10.1271
10.115
10.0948
11.7513
11.7463
10.1043
11.7629
11.7568
13.4253
13.4242
10.5848
11.0945
12.2598
12.7763
14.9967
15.5271
13.2955
13.8173
13.945
14.4692
15.6418
16.1748
18.4411
18.992
16.7114
17.2516
19.5467
20.1051
17.7951
21.3167
21.8877
24.2803
24.8737
22.4627
23.0414
20.6669
16.0605
16.5965
18.3418
21.2319
18.8914
19.4439
21.8001
22.3712
19.999
23.6236
24.2093
26.6772
27.2856
24.7982
25.3901
22.945
25.471
26.0723
27.3436
27.9615
30.5183
31.1629
28.5834
29.2094
31.8117
32.4646
29.8392
33.8162
34.4896
37.2489
37.9534
35.1674
35.8495
33.1214
27.8974
28.5123
25.9848
30.4726
33.782
31.1095
31.7496
29.1302
14.716
15.2388
16.4584
16.9917
19.3105
19.8588
17.5264
18.0622
18.2189
18.7638
20.5565
23.5214
21.1163
21.6781
24.1001
24.681
22.2418
26.5822
29.7508
27.1821
27.7843
25.264
20.4085
20.9595
22.8072
25.8487
23.3742
23.9425
10.2599
10.2338
10.2025
-1.1247
-3.77293
-5.39892
-2.73829
-4.35677
-7.03452
-8.68141
-5.98185
1.01706
-0.591707
1.05269
2.66035
-2.20119
-3.81309
-2.15551
-0.552028
1.09289
-0.504718
1.1407
2.73498
4.30448
2.69539
4.3378
5.95087
3.13512
4.78185
7.42804
5.77056
6.4324
8.08819
10.7661
9.09277
11.7891
13.4873
16.2635
14.533
8.42725
10.1028
12.8179
11.1169
12.9788
15.7504
15.7211
12.9512
18.5864
21.4985
21.4657
18.5554
18.5156
21.4229
21.3695
18.4665
12.9172
15.6843
15.6392
-7.61522
-10.3413
-12.0159
-9.25858
-10.9136
-13.7068
-15.4159
-12.582
-5.4291
-7.05093
-5.36555
-3.75945
-8.68026
-10.3188
-8.59101
-6.97551
-5.28517
-6.88018
-5.18491
-3.60784
-2.09913
-3.69205
-2.02902
-0.446735
1.19916
-0.375031
1.27131
2.83995
-1.94211
-3.50378
-1.83537
-0.286562
1.36021
-0.178288
1.46888
2.99961
4.47705
2.91142
4.54671
6.11188
7.60092
5.98133
7.6274
9.25605
4.37564
2.78215
4.42105
6.0163
7.65835
6.0588
7.69681
9.3032
10.9177
9.2774
10.9328
12.5872
9.75062
11.4211
14.1445
12.4496
13.1011
14.7919
17.5743
15.8522
18.6687
20.4293
23.3687
21.5621
15.1991
16.9258
19.7767
18.011
20.8968
22.709
25.7344
23.8685
24.5443
26.4041
29.5472
27.6268
30.8215
32.8098
36.2037
34.1401
26.9375
28.8646
32.1113
30.1158
13.8512
15.585
18.4158
16.642
17.3362
19.1064
22.0277
20.2106
23.1677
25.0391
28.1523
26.2194
19.5008
21.3221
24.3156
22.4395
9.5983
10.2657
9.58705
8.92227
10.9467
11.6194
10.9353
11.6073
10.9228
10.2538
9.57476
8.91062
10.2408
9.56134
8.89796
11.5939
10.9089
11.5791
10.8936
10.2265
9.54669
8.88419
10.2109
9.53072
8.86922
11.5628
10.8769
11.5449
10.8587
10.1938
9.51335
8.85297
0.34048
-0.72187
-0.464502
0.597658
-0.979236
-2.04322
-1.78548
-2.85111
-2.59281
-1.52773
-1.26999
-0.207135
-2.30096
-3.36773
-3.10942
-3.62603
-4.69673
-4.43768
-5.51159
-5.25159
-4.17862
-3.91956
-4.99159
-4.73159
-3.6605
-6.32911
-6.06798
-7.14951
-6.88707
-5.80686
-5.54573
-4.4716
-2.3345
-2.07619
-1.01224
-3.40144
-4.2116
-3.14238
-2.88333
-1.81789
-3.9516
-3.6916
-2.62427
-5.28461
-5.02348
-6.09975
-5.83731
-4.76236
-4.50123
-3.43161
-6.62463
-6.36219
-7.973
-7.70906
-8.79981
-8.53417
-7.44512
-7.18118
-8.26854
-8.00291
-6.91723
-9.63012
-9.36261
-10.4642
-10.1946
-9.0951
-8.82759
-7.73727
-5.57487
-5.31243
-4.24011
-6.65329
-7.47164
-6.38935
-6.12541
-5.04999
0.606201
1.41934
1.41084
-0.198421
0.614841
0.623623
1.43652
1.42788
2.24103
2.23261
-1.00324
-0.189515
-1.80846
-0.993945
-0.984316
-0.17094
-0.180371
0.632596
0.641807
1.45427
1.4453
-0.161176
0.651304
0.661133
1.47296
1.46347
2.27567
2.26677
2.2495
3.06292
3.05464
2.25807
3.07967
3.07125
3.88518
3.87711
-2.61431
-1.79866
-3.42099
-2.60387
-2.59291
-1.77771
-1.78843
-0.974306
-4.22871
-3.4098
-5.03769
-4.21664
-4.20385
-3.3855
-3.39798
-2.58137
-2.56921
-1.75466
-1.76647
-3.3723
-2.55639
-2.54284
-1.72913
-1.74223
-0.929491
-0.941506
-0.963866
-0.15103
-0.952948
-0.129404
-0.140455
0.671344
0.681982
1.49299
1.48279
-0.117828
0.693097
0.704735
1.51473
1.50362
2.31409
2.30396
-0.916856
-0.105681
-1.71531
-0.903554
-0.889537
-0.0794818
-0.0929148
0.716943
0.729771
1.53856
1.52636
-0.0653344
0.743264
0.75747
1.56486
1.55138
2.35934
2.34722
2.32464
3.13482
3.12484
2.33567
3.1561
3.14522
3.95534
3.94558
3.89329
4.70798
4.7002
3.08823
3.9015
3.90985
4.72373
4.71581
5.53151
5.52408
2.2848
3.09698
2.29422
3.11524
3.10597
3.91838
3.92715
4.74004
4.7318
3.9362
4.75729
4.74852
5.56214
5.55425
5.53899
6.35594
6.34893
5.54655
6.37012
6.36298
7.18144
7.17493
2.4782
2.72387
1.65628
3.30051
3.54652
4.6165
4.86327
3.79263
4.03882
2.96957
4.12339
4.36986
4.94701
5.19407
6.26739
6.51571
5.44136
5.68885
6.76427
7.01305
5.93651
7.59363
7.84349
8.92721
9.17887
8.0936
8.34394
7.26202
5.11017
5.35715
4.28506
6.18433
7.51116
6.43228
6.68035
5.60422
5.77155
6.01933
6.59718
6.8458
7.92367
8.17404
7.09477
7.34405
7.42409
7.67368
8.25244
8.50312
9.58673
9.83965
8.75426
9.00585
10.0931
10.3469
9.25785
10.9306
11.186
12.2854
12.5436
11.4419
11.6983
10.6012
8.42477
8.67583
9.51024
10.8559
9.76301
10.0161
11.111
11.3664
10.2696
11.9552
12.2124
13.3212
13.5814
12.4701
12.7282
11.6222
12.8023
13.0616
13.6527
13.914
15.0339
15.2985
14.1758
14.4381
15.5637
15.8294
14.7009
16.4305
16.6987
17.844
18.1161
16.9675
17.2368
16.0955
13.8419
14.1028
12.9866
14.9641
16.3621
15.2278
15.4918
14.3641
7.76044
8.00986
6.9285
8.59449
8.84522
9.93539
10.188
9.09612
9.34715
8.25937
9.43081
9.68299
10.5233
11.8783
10.7774
11.0316
12.1347
12.3914
11.2862
13.2453
14.6257
13.5043
13.7637
12.6483
10.4408
10.6937
11.5409
12.9055
11.7958
12.0509
12.3062
12.9848
12.2946
13.6781
14.3634
13.6663
14.3508
13.6531
12.9725
12.2817
15.0639
15.7566
15.0519
16.4651
17.166
16.4529
17.1528
16.439
15.7438
15.0384
15.7291
15.0231
14.3366
17.1378
16.4232
17.1207
16.4055
15.7127
15.006
14.3207
12.9587
12.2674
13.6383
13.6218
12.9433
12.2515
17.8831
18.5929
17.8707
19.3194
20.0388
19.3069
20.0251
19.2922
18.5794
17.8565
20.7755
21.5053
20.7627
22.2529
22.9937
22.2398
22.9793
22.2244
21.4912
20.7477
21.4748
20.7303
20.0091
22.9624
22.2065
22.9429
22.1861
21.456
20.7106
19.9909
18.5639
17.8402
19.2754
19.2563
18.5463
17.8218
18.5264
17.8011
17.1016
19.9703
19.2349
19.9472
19.211
18.5043
17.7783
17.0803
21.4346
20.6883
22.9208
22.163
22.8959
22.1372
21.4106
20.6635
21.3839
20.636
19.9216
22.8682
22.1085
22.8375
22.077
21.3545
20.6058
19.8933
18.4797
17.753
17.0567
19.1847
19.1557
18.4526
17.7252
17.0308
12.9263
12.2341
14.303
13.6036
14.2834
13.5835
12.9076
12.2149
15.6943
14.987
16.3857
16.3637
15.6738
14.966
15.6513
14.9429
14.2619
16.3395
16.313
15.6265
14.9176
14.2383
-7.20601
-6.94038
-5.86147
-8.56008
-8.29257
-9.38586
-9.11629
-8.02506
-7.75755
-6.67475
-9.92502
-9.65544
-11.3022
-11.0303
-12.1443
-11.87
-10.7585
-10.4867
-11.5958
-11.3215
-10.2148
-12.9908
-12.7139
-13.8419
-13.5622
-12.437
-12.1601
-11.0472
-8.84671
-8.57714
-7.49004
-9.94301
-10.7729
-9.67118
-9.39935
-8.30756
-10.4987
-10.2244
-9.12752
-11.8832
-11.6063
-12.723
-12.4433
-11.3294
-11.0525
-9.95014
-13.2825
-13.0027
-14.6978
-14.415
-15.5587
-15.2727
-14.1323
-13.8496
-14.9868
-14.7009
-13.5669
-16.4247
-16.1354
-17.2963
-17.0034
-15.8462
-15.5569
-14.415
-12.1636
-11.8839
-10.7756
-13.2842
-14.1291
-13.0014
-12.7187
-11.6042
-5.84814
-5.02462
-6.66027
-5.83395
-5.81885
-4.996
-5.01074
-4.1903
-7.47429
-6.64484
-8.29042
-7.45749
-7.43959
-6.6109
-6.6284
-5.80279
-5.78573
-4.96373
-4.98034
-6.59231
-5.76761
-5.7484
-4.92746
-4.94612
-4.12749
-4.14458
-4.17594
-3.35833
-4.16071
-3.32792
-3.34355
-2.52853
-9.10887
-8.27213
-9.92984
-9.08897
-9.06777
-8.23191
-8.25264
-7.42054
-10.7536
-9.90821
-11.5802
-10.7301
-10.7051
-9.86072
-9.88518
-9.04523
-9.02131
-8.18652
-8.20989
-9.83478
-8.99595
-8.96911
-8.13558
-8.16177
-7.33189
-7.35601
-7.40029
-6.57256
-7.3788
-6.52944
-6.55163
-5.72804
-5.70648
-4.88678
-4.90769
-6.50597
-5.68368
-5.65959
-4.84133
-4.86467
-4.04861
-4.07
-7.30638
-6.48116
-8.10791
-7.27943
-7.25101
-6.42733
-6.45496
-5.63416
-5.60735
-4.79072
-4.81669
-6.39822
-5.5791
-5.54937
-4.73457
-4.76336
-3.95065
-3.97709
-4.02603
-3.21337
-3.23516
-4.00221
-3.16615
-3.19038
-2.38086
-2.40299
-2.51342
-1.70074
-3.31137
-2.49744
-2.48055
-1.6691
-1.68535
-0.874758
-4.10939
-3.29387
-4.09025
-3.25581
-3.27537
-2.46271
-2.44387
-1.63384
-1.65194
-2.42398
-1.59457
-1.61473
-0.807064
-0.825369
-0.859169
-0.0504258
-0.842722
-0.0181323
-0.0347076
0.772438
0.788216
1.59401
1.57906
-0.000650601
0.80485
0.822389
1.6264
1.60978
2.41447
2.3996
-0.787756
0.0177832
-1.57331
-0.767401
-0.74595
0.0576973
0.0372167
0.840878
0.860367
1.6624
1.64392
0.0792728
0.880902
0.902531
1.70239
1.68187
2.48252
2.46413
2.43015
3.23399
3.21927
2.44669
3.2659
3.24952
4.05275
4.03825
-2.35753
-1.55091
-3.14063
-2.33297
-2.30711
-1.50249
-1.52732
-0.723356
-3.92281
-3.11377
-4.70429
-3.89355
-3.8628
-3.05587
-3.08554
-2.27993
-2.25136
-1.44893
-1.47638
-3.02472
-2.22136
-2.18988
-1.38983
-1.42009
-0.620598
-0.648239
-0.699571
0.101991
-0.674548
0.151043
0.125898
0.925301
0.949261
1.74675
1.724
0.177473
0.974457
1.00094
1.79587
1.77069
2.56652
2.54386
-0.591575
0.205236
-1.3581
-0.561124
-0.529197
0.264949
0.234379
1.02875
1.05794
1.85012
1.82233
0.296994
1.08856
1.12065
1.90989
1.87929
2.66953
2.64183
2.59037
3.38478
3.36228
2.61546
3.4334
3.40847
4.20171
4.17944
4.06805
4.87091
4.85671
3.28318
4.0842
4.10126
4.90178
4.88592
5.68867
5.67484
2.5019
3.30141
2.52233
3.34091
3.32064
4.11926
4.13826
4.93624
4.91853
4.15831
4.97468
4.95494
5.75252
5.73519
5.70331
6.50619
6.49279
5.7188
6.53544
6.52039
7.32365
7.31076
7.18799
8.00819
8.00225
6.3774
7.19463
7.20141
8.02025
8.01418
8.83637
8.83107
5.57027
6.38486
4.76638
5.57867
5.58741
6.40053
6.39256
7.20837
7.21557
8.03285
8.02646
6.40884
7.22304
7.23085
8.04638
8.03948
8.85847
8.85272
8.84172
9.66616
9.66156
8.84715
9.67552
9.67079
10.4977
10.4939
3.96553
4.77585
3.1675
3.97619
3.98737
4.79612
4.78575
5.59652
2.37208
3.17947
2.38548
3.20531
3.19206
3.99912
4.01148
4.81846
4.80701
4.02451
4.84327
4.83054
5.63768
5.62659
5.60606
6.41752
5.61606
6.4362
6.42662
7.23903
7.24763
8.06122
8.05361
6.44629
7.2567
7.26628
8.07774
8.06924
8.88427
8.87731
5.64939
6.45695
5.66176
6.48015
6.46822
7.27644
7.2872
8.09633
8.08675
7.29863
8.11737
8.10652
8.9168
8.90787
8.89165
9.70835
9.70211
8.8995
9.72216
9.71502
10.5337
10.5282
10.5016
11.3312
11.3283
9.68037
10.5055
10.5096
11.3373
11.3342
12.1669
12.1649
8.86446
9.68541
8.87072
9.69623
9.69069
10.5139
10.5183
11.344
11.3406
10.5231
11.3515
11.3476
12.1759
12.1734
12.169
13.0049
13.0038
12.1711
13.0071
13.0059
13.8453
13.8453
9.08242
9.33431
9.91419
10.1674
11.258
11.514
10.4213
10.6756
10.7479
11.0027
11.5839
11.8402
12.9389
13.1984
12.0972
12.3548
13.4587
13.7196
12.6132
14.3071
14.5701
15.69
15.9568
14.8339
15.0984
13.9812
11.7705
12.0277
12.8722
14.2435
13.1318
13.3919
12.4221
12.6801
13.2628
13.5227
14.6308
14.8944
13.7834
14.0449
14.1062
14.3681
14.9525
15.2165
16.3351
16.6033
15.4813
15.7471
16.8724
17.1424
16.0138
17.7346
18.0072
19.1524
19.4298
18.2808
18.5553
17.4133
15.1588
15.424
16.2814
17.6851
16.5498
16.819
17.9578
18.2314
17.0891
18.8308
19.1071
20.2677
20.5489
19.3844
19.6625
18.5057
19.7081
19.9874
20.5901
20.8724
22.0489
22.3366
21.1558
21.4402
22.6253
22.915
21.7255
23.5305
23.8238
25.0364
25.3355
24.1181
24.4134
23.2057
20.8309
21.1138
19.9414
22.0117
23.4973
22.2989
22.5869
21.3976
14.5063
14.7698
15.3635
15.6293
16.7616
17.0312
15.8958
16.1628
16.2244
16.4926
17.3599
18.7809
17.6315
17.9038
19.0568
19.3335
18.1769
20.2211
21.6822
20.5017
20.783
19.6109
17.3015
17.5724
18.4506
19.889
18.725
19.0001
20.1678
20.4472
19.2758
21.065
21.3478
22.5408
22.8285
21.6312
21.9154
20.7273
21.9676
22.2538
22.8758
23.1656
24.3775
24.6727
23.4561
23.7475
24.9687
25.2655
24.0396
25.9041
26.2049
27.4571
27.7639
26.5066
26.8092
25.563
23.1169
23.406
22.2002
24.3325
25.8614
24.6261
24.9204
23.6957
23.7898
24.0832
24.7096
25.0069
26.2389
26.542
25.305
25.6041
25.6356
25.9368
26.5678
26.873
28.1264
28.438
27.1793
27.4866
28.7507
29.0644
27.7949
29.7136
30.0319
31.3308
31.656
30.3512
30.6716
29.3792
26.8461
27.1511
28.1042
29.6949
28.4145
28.7257
30.0117
30.3294
29.0379
30.9931
31.3156
32.6382
32.9677
31.6391
31.9635
30.648
31.9823
32.3097
32.9796
33.312
34.6613
35.0012
33.6455
33.9802
35.3423
35.6844
34.3159
36.3775
36.7252
38.1296
38.4853
37.074
37.4239
36.0277
33.2982
33.6297
32.2889
34.6527
36.372
34.9904
35.3292
33.9621
26.1605
26.4603
25.2154
27.1125
27.4166
28.6894
28.9995
27.7214
28.027
26.7608
28.0715
28.3801
29.3509
30.9676
29.6649
29.9796
31.288
31.6093
30.2952
32.6153
34.2955
32.9425
33.2706
31.9315
29.3104
29.622
28.3333
30.6116
32.2545
30.9288
31.2468
29.9344
13.1628
13.4204
14.0233
14.2831
15.4125
15.6753
14.5432
14.8034
14.8877
15.15
15.7563
16.0211
17.1646
17.4329
16.2863
16.5518
17.7015
17.9705
16.8175
18.5905
18.8625
20.0355
20.3115
19.1349
19.4076
18.2397
15.9384
16.2016
17.0836
18.5093
17.3499
17.6164
16.6292
16.8967
17.5067
17.777
18.9358
19.21
18.0477
18.3189
18.3888
18.662
19.552
21.008
19.8289
20.1063
21.2894
21.5712
20.3843
22.4856
23.9861
22.7716
23.0582
21.8537
19.4847
19.7599
20.6627
22.1366
20.9417
21.2211
22.4201
22.704
21.5009
23.3454
23.6331
24.861
25.1537
23.9213
24.2101
22.9884
24.2771
24.5688
25.5111
27.062
25.8074
26.1043
27.3638
27.6663
26.4018
28.6403
30.2474
28.9479
29.2562
27.9694
25.447
25.7408
24.4993
26.6999
28.273
26.9985
27.2976
26.0351
18.7791
19.0492
19.6806
19.954
21.1417
21.4191
20.2276
20.5014
20.5879
20.8646
21.7812
23.2732
22.0619
22.3429
23.5584
23.8441
22.6243
24.7889
26.3298
25.079
25.3695
24.13
21.6967
21.9747
22.906
24.4164
23.1881
23.4704
9.5928
10.9412
10.9292
9.58105
9.5682
10.916
10.9014
9.55417
9.53888
10.8855
10.868
9.52222
-0.0619624
-1.38223
-2.18899
-0.867169
-2.70499
-4.03158
-4.84434
-3.51427
-4.32533
-5.65946
-6.47718
-5.13839
-1.67299
-2.99695
-3.80632
-2.47963
-3.28731
-4.61731
-5.43014
-4.09624
-5.95366
-7.29769
-8.12121
-6.77135
-7.59169
-8.94796
-9.77815
-8.41487
-4.90662
-6.24502
-7.06216
-5.71868
1.0085
0.203902
1.0257
1.83017
-0.600792
-1.40579
-0.582336
0.221607
1.04347
0.240266
1.0622
1.86499
2.65194
1.8473
2.66885
3.47399
-2.2113
-3.01753
-2.19061
-1.38634
-3.82471
-4.63303
-3.8008
-2.99536
-2.16781
-2.9707
-2.14254
-1.3419
-0.562544
-1.36517
-0.541034
0.260259
1.08225
0.281966
1.10401
1.9036
-0.517427
-1.31614
-0.491341
0.305768
1.12787
0.332046
1.15419
1.94904
2.72449
1.92528
2.74594
3.54509
4.2965
3.49054
4.31256
5.11965
2.68632
1.88363
2.70474
3.50766
4.32917
3.52572
4.34672
5.15103
5.9436
5.13506
5.95823
6.76854
2.0672
2.8893
4.20445
3.38101
3.71187
4.5351
5.85422
5.02879
6.3502
7.17874
8.51014
7.67757
4.69747
5.52317
6.84693
6.01805
5.35916
6.18422
7.50902
6.6809
7.01047
7.83807
9.17025
8.33874
9.67517
10.5115
11.8633
11.0212
8.00897
8.84105
10.1818
9.34482
10.6899
11.5327
12.8953
12.0458
12.3784
13.2271
14.6044
13.7481
15.1318
15.9966
17.4052
16.531
13.4138
14.2709
15.6611
14.7954
7.34422
8.17719
9.51542
8.67744
9.01235
9.84988
11.1994
10.356
11.71
12.5602
13.9337
13.0759
10.0192
10.8631
12.2216
11.3709
12.3006
13.6724
13.6599
12.2883
15.0581
16.4592
16.4462
15.0454
15.0309
16.4313
16.4146
15.0148
12.2747
13.6459
13.6303
12.2596
17.8771
19.3134
19.2998
17.8638
20.7694
22.2467
22.2324
20.7555
20.7393
22.2158
22.1966
20.7208
17.8486
19.2841
19.2661
17.8312
17.8117
19.2459
19.2233
17.79
20.6998
22.1749
22.1504
20.6763
20.6501
22.1232
22.0931
20.6212
17.7659
19.1982
19.1705
17.7394
12.243
13.6129
13.5938
12.2247
14.9967
16.3958
16.375
14.9767
14.9547
16.3519
16.3266
14.9305
-6.53263
-7.88177
-8.70407
-7.34867
-9.24111
-10.612
-11.4497
-10.0706
-10.9036
-12.2914
-13.1375
-11.7403
-8.16703
-9.52926
-10.3576
-8.9879
-9.81151
-11.1892
-12.0243
-10.6381
-12.5809
-13.988
-14.8433
-13.4256
-14.2747
-15.7035
-16.5688
-15.1283
-11.4678
-12.8632
-13.7061
-12.3009
-5.44272
-6.25398
-5.41463
-4.60716
-7.06703
-7.88208
-7.03377
-6.22343
-5.3829
-6.18886
-5.34715
-4.54527
-3.77403
-4.57803
-3.74401
-2.94317
-8.69934
-9.51903
-8.65994
-7.84587
-10.3413
-11.1665
-10.2948
-9.47618
-8.61536
-9.42777
-8.56523
-7.7587
-6.99611
-7.80487
-6.95366
-6.14988
-5.30701
-6.10612
-5.26209
-4.46732
-6.90605
-7.70699
-6.85289
-6.05721
-5.21201
-6.00274
-5.15638
-4.37027
-3.63064
-4.42137
-3.58381
-2.79678
-2.1144
-2.9124
-2.08301
-1.28753
-3.71036
-4.50849
-3.67269
-2.878
-2.048
-2.83958
-2.00898
-1.2202
-0.462397
-1.25568
-0.430215
0.361179
1.18338
0.393549
1.21579
2.00437
-0.39441
-1.18071
-0.354604
0.429539
1.25182
0.469525
1.29185
2.07262
2.82434
2.03669
2.85642
3.64345
-1.96558
-2.74921
-1.9174
-1.13685
-3.53182
-4.31363
-3.4743
-2.69648
-1.86408
-2.63823
-1.80523
-1.03444
-0.310417
-1.08822
-0.261469
0.513889
1.33625
0.563011
1.3854
2.15684
-0.20738
-0.975138
-0.147769
0.617272
1.43969
0.677052
1.4995
2.26006
2.97583
2.20588
3.02462
3.7934
4.46189
3.67515
4.49307
5.27983
2.89211
2.11254
2.93178
3.71046
4.52785
3.74975
4.56661
5.34446
6.09745
5.31034
6.12716
6.91492
7.59465
6.78225
7.60729
8.42209
5.97342
5.16793
5.98953
6.79651
7.62048
6.8117
7.6346
8.44551
9.25105
8.43353
9.26114
10.0817
4.36559
3.56618
4.38616
5.18616
2.76948
1.97528
2.79548
3.58934
4.40882
3.61498
4.43394
5.22808
6.00697
5.20608
6.0261
6.8282
7.65002
6.84639
7.66714
8.47262
6.0473
5.25254
6.07096
6.86665
7.68632
6.88937
7.70796
8.50648
9.29617
8.48852
9.31071
10.1208
10.9142
10.0903
10.9212
11.7488
9.27177
8.45841
9.28332
10.0994
10.9287
10.1095
10.9371
11.7597
12.5856
11.754
12.5889
13.4248
8.66722
9.49807
10.8393
10.0037
10.3308
11.1656
12.5177
11.6773
13.0356
13.8825
15.2615
14.4071
11.3502
12.1915
13.5561
12.7082
12.0027
12.8421
14.2067
13.3608
13.6842
14.529
15.9078
15.0557
16.4426
17.303
18.7161
17.8466
14.7325
15.5859
16.9811
16.1194
17.5229
18.3938
19.8254
18.9445
19.2689
20.1485
21.6017
20.7111
22.1747
23.0772
24.5765
23.6611
20.3855
21.2776
22.7516
21.8476
14.0791
14.9345
16.3282
15.4643
15.7935
16.6562
18.0681
17.196
18.6163
19.4985
20.949
20.0556
16.8655
17.7386
19.1673
18.2839
19.7211
20.6157
22.0853
21.1786
21.5156
22.421
23.9161
22.9977
24.5034
25.4356
26.981
26.034
22.6578
23.5775
25.0938
24.1601
23.3321
24.249
25.7712
24.8405
25.1718
26.1009
27.652
26.7083
28.2719
29.2312
30.8401
29.8643
26.3743
27.3197
28.8959
27.9349
29.5238
30.5014
32.1376
31.1426
31.4867
32.4799
34.1524
33.1408
34.828
35.8588
37.6006
36.5497
32.7925
33.806
35.5079
34.4752
25.6871
26.6356
28.2045
27.2402
27.5911
28.5538
30.1555
29.1762
30.7906
31.7875
33.4512
32.4359
28.8209
29.8018
31.4291
30.4306
12.734
13.5926
14.9773
14.1101
14.455
15.3215
16.7249
15.8488
17.2589
18.1454
19.5845
18.6866
15.5006
16.3774
17.7942
16.9068
16.1922
17.0674
18.4911
17.6056
17.9471
18.8316
20.2774
19.3817
20.8361
21.744
23.2329
22.3119
19.037
19.9338
21.3969
20.4879
21.9597
22.8819
24.3903
23.454
23.8105
24.7455
26.2832
25.3333
26.8819
27.8476
29.4402
28.4577
24.9723
25.9235
27.483
26.5158
18.3304
19.2292
20.6839
19.7728
20.1335
21.0436
22.5243
21.601
23.0905
24.028
25.5561
24.6036
21.2354
22.1597
23.6582
22.7196
