MFEM mesh v1.0

#
# MFEM Geometry Types (see mesh/geom.hpp):
#
# POINT       = 0
# SEGMENT     = 1
# TRIANGLE    = 2
# SQUARE      = 3
# TETRAHEDRON = 4
# CUBE        = 5
# PRISM       = 6
#

dimension
2

elements
16
1 3 0 9 21 12
1 3 9 4 10 21
1 3 21 10 8 11
1 3 12 21 11 7
1 3 4 13 22 10
1 3 13 1 14 22
1 3 22 14 5 15
1 3 10 22 15 8
1 3 8 15 23 18
1 3 15 5 16 23
1 3 23 16 3 17
1 3 18 23 17 6
1 3 7 11 24 20
1 3 11 8 18 24
1 3 24 18 6 19
1 3 20 24 19 2

boundary
16
2 1 0 9
2 1 9 4
2 1 4 13
2 1 13 1
2 1 3 17
2 1 17 6
2 1 6 19
2 1 19 2
1 1 2 20
1 1 20 7
1 1 7 12
1 1 12 0
1 1 1 14
1 1 14 5
1 1 5 16
1 1 16 3

vertices
25

nodes
FiniteElementSpace
FiniteElementCollection: H1_2D_P1
VDim: 2
Ordering: 1

0 -0.0526661
0.9 -0.0526661
0 1.05267
0.9 1.05267
0.45 -0.0526661
0.9 0.5
0.45 1.05267
0 0.5
0.45 0.5
0.225 -0.0526661
0.45 0.223667
0.225 0.5
0 0.223667
0.675 -0.0526661
0.9 0.223667
0.675 0.5
0.9 0.776333
0.675 1.05267
0.45 0.776333
0.225 1.05267
0 0.776333
0.225 0.223667
0.675 0.223667
0.675 0.776333
0.225 0.776333
