FiniteElementSpace
FiniteElementCollection: H1_3D_P1
VDim: 3
Ordering: 1

-0.0339145 -0.0102505 0.192995
-0.0780151 -0.0153575 0.224686
-0.134471 -0.0182917 0.21341
-0.187638 -0.0110348 0.140477
-0.212321 -0.00265817 0.0448776
-0.0339145 0.0102505 0.192995
-0.0780151 0.0153574 0.224686
-0.134471 0.0182917 0.21341
-0.187638 0.011035 0.140477
-0.212321 0.00265819 0.0448775
-0.0752756 -0.00173766 0.20437
-0.0868815 -0.000114584 0.239815
-0.0943427 0.00172482 0.228982
-0.10194 0.000301839 0.148781
-0.114744 -0.00166338 0.0463907
-0.0752756 0.00173767 0.20437
-0.0868814 0.000114654 0.239815
-0.0943427 -0.00172479 0.228982
-0.10194 -0.000301883 0.148782
-0.114745 0.00166343 0.0463906
-0.0328754 6.00135e-09 0.191086
-0.0752138 -4.92823e-09 0.202481
-0.0541462 -0.00595876 0.199526
-0.0541462 0.00595878 0.199526
-0.0541559 -0.0128339 0.213058
-0.077177 -5.34373e-09 0.221077
-0.0541559 0.0128339 0.213058
-0.0815549 -0.000985478 0.226459
-0.0869408 3.06253e-08 0.236572
-0.0815548 0.000985483 0.226459
-0.0820614 -0.0076955 0.233719
-0.0820614 0.00769551 0.233719
-0.105153 -0.017472 0.225621
-0.13488 -4.11999e-08 0.208449
-0.105153 0.0174719 0.22562
-0.0911154 0.000883187 0.241702
-0.0945649 5.72778e-09 0.224877
-0.0911154 -0.000883141 0.241702
-0.114455 -0.00839368 0.22303
-0.114455 0.00839368 0.22303
-0.163371 -0.0163472 0.185423
-0.18955 5.18712e-08 0.13776
-0.163371 0.0163471 0.185423
-0.0973842 0.00166917 0.198362
-0.10211 -1.4669e-09 0.146275
-0.0973842 -0.0016692 0.198362
-0.145547 -0.00540886 0.145649
-0.145547 0.00540886 0.145649
-0.20368 -0.00522297 0.0876483
-0.213763 2.255e-08 0.0446268
-0.20368 0.00522303 0.0876482
-0.108586 -0.00114947 0.0912503
-0.114931 2.2127e-08 0.0458514
-0.108586 0.00114907 0.0912501
-0.164234 -0.00210132 0.0457902
-0.164234 0.0021013 0.0457899
-0.0535927 2.45712e-09 0.197623
-0.053145 2.26004e-08 0.210328
-0.0674171 -0.00686283 0.220918
-0.0816503 1.19098e-08 0.230336
-0.0674171 0.00686283 0.220918
-0.0815287 1.16275e-08 0.223883
-0.10476 -2.08274e-08 0.221156
-0.0978902 -0.00830534 0.235388
-0.114743 3.36464e-09 0.218711
-0.0978902 0.00830537 0.235388
-0.0912789 2.69983e-08 0.23788
-0.164737 -3.89961e-08 0.180965
-0.130835 -0.00749849 0.193516
-0.146628 1.0792e-08 0.143094
-0.130835 0.00749855 0.193516
-0.0975878 4.69671e-09 0.194642
-0.205444 1.31783e-07 0.0867966
-0.156907 -0.00312331 0.0898132
-0.165083 -1.89967e-08 0.0453237
-0.156907 0.00312326 0.0898131
-0.108756 -2.33664e-07 0.090187
-0.0668888 1.22e-08 0.218272
-0.0977424 1.85181e-08 0.231368
-0.131625 4.93598e-08 0.189634
-0.157916 -8.39101e-08 0.0887962
