FiniteElementSpace
FiniteElementCollection: H1_3D_P1
VDim: 3
Ordering: 1

0 0 0
0.00979506 0.00392673 0.021413
0.0100751 -0.000635137 0.0731442
-0.00451504 -0.00527323 0.136473
-0.0339145 -0.0102505 0.192995
0 0 0
0.00979506 -0.00392674 0.021413
0.0100751 0.000635153 0.0731442
-0.00451503 0.00527319 0.136473
-0.0339145 0.0102505 0.192995
0 0 0
-0.0209358 -0.00770983 0.0247661
-0.0425781 -0.00497481 0.0778879
-0.0603598 -0.00317908 0.143975
-0.0752756 -0.00173766 0.20437
0 0 0
-0.0209358 0.00770982 0.0247661
-0.0425781 0.00497484 0.0778879
-0.0603598 0.0031791 0.143975
-0.0752756 0.00173767 0.20437
0.0045927 0.00490429 0.00646549
0.0101831 -6.04732e-09 0.0240688
0.0045927 -0.0049043 0.00646548
0 0 0
-0.00854777 -0.00794029 0.00918708
-0.0208995 -1.50596e-09 0.0275037
-0.00854777 0.00794028 0.00918708
0 0 0
0 0 0
-0.00525189 -0.00184347 0.0221283
-0.00525189 0.00184347 0.0221282
0 0 0
0.0117815 0.00165341 0.0446211
0.0108667 7.45198e-09 0.0741881
0.0117815 -0.00165342 0.0446211
-0.0323543 -0.00622968 0.048532
-0.0427604 1.62796e-08 0.0788214
-0.0323543 0.00622968 0.048532
-0.0158799 -0.002765 0.0751207
-0.0158799 0.00276499 0.0751207
0.0046342 -0.00292307 0.104525
-0.00358039 -1.69041e-08 0.136069
0.00463421 0.00292306 0.104525
-0.051846 -0.00399217 0.110472
-0.0603625 8.65794e-09 0.143468
-0.051846 0.00399219 0.110472
-0.032008 -0.00420721 0.140448
-0.032008 0.00420722 0.140448
-0.0173646 -0.00771807 0.166718
-0.0328754 6.00135e-09 0.191086
-0.0173646 0.00771811 0.166718
-0.0681808 -0.0024473 0.176067
-0.0752138 -4.92823e-09 0.202481
-0.0681808 0.00244734 0.176067
-0.0541462 -0.00595876 0.199526
-0.0541462 0.00595878 0.199526
0.00453126 -5.28559e-09 0.00920353
-0.00169659 -0.00129901 0.0063978
-0.00501622 -9.06926e-10 0.0246123
-0.0016966 0.00129901 0.0063978
0 0 0
-0.00810604 -3.01755e-09 0.011735
0.0124694 -3.93832e-09 0.0464408
-0.0099522 -0.00224043 0.0458656
-0.0155716 -1.87213e-09 0.0761137
-0.00995221 0.00224045 0.0458656
-0.0325689 -3.16283e-09 0.0503162
0.0054959 -6.46515e-09 0.104841
-0.0231996 -0.00343213 0.107416
-0.0315401 3.83279e-09 0.139993
-0.0231996 0.00343213 0.107416
-0.0519309 1.16849e-08 0.110664
-0.0163636 1.48106e-08 0.165579
-0.0423293 -0.00505938 0.171924
-0.0535927 2.45712e-09 0.197623
-0.0423293 0.00505936 0.171924
-0.068132 2.51587e-08 0.174869
-0.00150337 -1.6202e-10 0.00903633
-0.00970847 8.12197e-09 0.0476177
-0.0228081 -4.01343e-10 0.107676
-0.0418034 -2.49783e-09 0.170751
