FiniteElementSpace
FiniteElementCollection: H1_3D_P1
VDim: 3
Ordering: 1

-0.00934268 -0.00557765 0.0989834
-0.0404028 -0.0101537 0.114931
-0.0791093 -0.010972 0.110263
-0.105257 0.000446803 0.0746091
-0.113267 0.0047411 0.0463252
-0.00934266 0.00557768 0.0989835
-0.0404027 0.0101537 0.114931
-0.0791094 0.0109719 0.110263
-0.105257 -0.000446717 0.0746092
-0.113267 -0.00474088 0.046325
-0.0521717 0.00458431 0.0988968
-0.0481871 0.00813754 0.116329
-0.0352497 0.0119583 0.107501
-0.0210548 0.0110096 0.0589785
-0.0213347 0.00574866 0.0310896
-0.0521716 -0.0045843 0.0988968
-0.0481871 -0.00813743 0.116329
-0.0352497 -0.0119583 0.107501
-0.0210549 -0.0110094 0.0589783
-0.0213346 -0.00574874 0.0310898
-0.00818392 5.70011e-10 0.0964526
-0.0522844 -1.49432e-08 0.0964113
-0.0304074 -0.000431853 0.0997128
-0.0304074 0.000431868 0.0997129
-0.0234547 -0.00793337 0.108966
-0.0396044 -3.95392e-09 0.110057
-0.0234546 0.00793343 0.108966
-0.0512438 0.00626279 0.109893
-0.0485033 4.3207e-08 0.112101
-0.0512437 -0.00626278 0.109893
-0.0440539 -0.000925951 0.116958
-0.044054 0.000925961 0.116958
-0.0595524 -0.0116215 0.115837
-0.0801866 -1.0467e-07 0.103838
-0.0595524 0.0116214 0.115837
-0.0427837 0.010199 0.116343
-0.0358187 -2.36024e-08 0.102298
-0.0427837 -0.0101989 0.116343
-0.0575494 0.000451056 0.110346
-0.0575495 -0.000451033 0.110346
-0.0955607 -0.00657244 0.0964129
-0.10752 2.67954e-08 0.0717922
-0.0955609 0.00657239 0.0964127
-0.0270685 0.0123524 0.0875768
-0.021213 1.14549e-07 0.0558887
-0.0270686 -0.0123524 0.0875767
-0.0639006 0.00598882 0.0672194
-0.0639006 -0.00598894 0.0672194
-0.109336 0.00434042 0.0611453
-0.114388 9.86611e-08 0.0460963
-0.109336 -0.00434051 0.0611454
-0.0190925 0.0079006 0.0442182
-0.0211107 5.43578e-09 0.03041
-0.0190924 -0.00790105 0.044218
-0.0675734 0.00533139 0.0388649
-0.0675738 -0.00533153 0.0388646
-0.0298809 -5.95659e-09 0.0971997
-0.0223519 4.14434e-08 0.105306
-0.0370196 -0.000749442 0.110488
-0.0437878 2.32046e-08 0.112484
-0.0370196 0.000749454 0.110488
-0.051417 3.23781e-08 0.106518
-0.0594792 -3.88421e-08 0.109839
-0.0511493 -0.000684663 0.1176
-0.0583646 6.87502e-08 0.10482
-0.0511495 0.000684702 0.1176
-0.0432689 5.07299e-08 0.11141
-0.0976863 -4.20844e-08 0.0911292
-0.0620662 0.00294126 0.0930112
-0.0651502 -7.08818e-08 0.0642911
-0.0620663 -0.00294115 0.093011
-0.0275344 1.23932e-08 0.0829524
-0.110963 1.23235e-07 0.0603931
-0.064651 0.00634242 0.0528185
-0.0680279 3.93402e-09 0.0383294
-0.0646511 -0.0063424 0.0528185
-0.018959 -2.04539e-07 0.0428929
-0.0365425 2.55373e-08 0.106985
-0.0513258 1.65687e-08 0.112328
-0.0633918 1.05924e-07 0.0882837
-0.0654157 -1.42114e-07 0.0516956
