FiniteElementSpace
FiniteElementCollection: H1_3D_P1
VDim: 3
Ordering: 1

0 0 0
0.0116291 0.00622064 0.0114157
0.0168883 0.00267179 0.0386308
0.00985564 -0.00116591 0.0708422
-0.00934268 -0.00557765 0.0989834
0 0 0
0.0116291 -0.00622066 0.0114156
0.0168883 -0.00267179 0.0386308
0.00985566 0.00116584 0.0708421
-0.00934266 0.00557768 0.0989835
0 0 0
-0.0194557 -0.00742957 0.0118669
-0.0379417 -0.00251248 0.0369524
-0.0484979 0.00133287 0.0690105
-0.0521717 0.00458431 0.0988968
0 0 0
-0.0194557 0.00742956 0.0118668
-0.0379417 0.00251254 0.0369524
-0.0484979 -0.00133284 0.0690105
-0.0521716 -0.0045843 0.0988968
0.00503962 0.00628744 0.00354056
0.0118242 -1.18874e-08 0.0148435
0.00503962 -0.00628746 0.00354055
0 0 0
-0.00782396 -0.00800955 0.00470101
-0.0196397 -3.8566e-09 0.0154791
-0.00782396 0.00800955 0.004701
0 0 0
0 0 0
-0.00372507 -0.000533117 0.0108655
-0.00372507 0.000533113 0.0108655
0 0 0
0.0157759 0.00450122 0.0237085
0.0176189 1.46863e-09 0.0400323
0.0157759 -0.00450124 0.0237085
-0.0297637 -0.00492437 0.0229638
-0.0384505 3.09918e-08 0.0381877
-0.0297637 0.00492436 0.0229638
-0.0103019 0.000141843 0.0374565
-0.0103019 -0.000141854 0.0374565
0.0149017 0.000808308 0.0547197
0.0108363 -2.31144e-08 0.0703335
0.0149017 -0.000808319 0.0547197
-0.044106 -0.000455313 0.0526688
-0.0487232 2.33185e-08 0.0683262
-0.044106 0.000455329 0.0526688
-0.0190062 0.00011835 0.070145
-0.0190062 -0.000118336 0.070145
0.0017711 -0.00329854 0.085943
-0.00818392 5.70011e-10 0.0964526
0.00177113 0.00329865 0.085943
-0.0512051 0.00297869 0.0848291
-0.0522844 -1.49432e-08 0.0964113
-0.051205 -0.00297863 0.0848291
-0.0304074 -0.000431853 0.0997128
-0.0304074 0.000431868 0.0997129
0.00479927 -1.55094e-08 0.00687656
-0.00117245 -0.000645425 0.00297333
-0.00369511 -7.68448e-09 0.0141278
-0.00117246 0.000645438 0.00297332
0 0 0
-0.00746515 4.05005e-09 0.00804882
0.0163432 -1.09171e-08 0.0261181
-0.00681195 -0.00014101 0.0227301
-0.0101877 -1.62919e-09 0.0387749
-0.00681195 0.000141056 0.0227301
-0.0302992 -1.23106e-08 0.0253521
0.0157553 -1.0237e-08 0.0551621
-0.0143262 0.000219796 0.0536391
-0.0186266 -6.07258e-10 0.0695482
-0.0143262 -0.000219801 0.0536391
-0.0444684 1.36157e-08 0.0529072
0.00286626 4.42844e-08 0.0844531
-0.0243769 -0.000116412 0.0858784
-0.0298809 -5.95659e-09 0.0971997
-0.0243769 0.000116389 0.0858783
-0.051341 3.47542e-08 0.0832421
-0.00111112 3.17963e-09 0.00631697
-0.00678916 1.8869e-08 0.0250515
-0.0140772 -3.33406e-09 0.0539873
-0.0238965 -3.08161e-09 0.0843336
