FiniteElementSpace
FiniteElementCollection: H1_3D_P1
VDim: 3
Ordering: 1

-0.151802 -0.0264335 0.604174
-0.242381 -0.0322457 0.690513
-0.326012 -0.0269023 0.625546
-0.399781 -0.0117491 0.435338
-0.438821 0.00110169 0.203168
-0.151802 0.0264334 0.604174
-0.242381 0.0322457 0.690513
-0.326012 0.0269021 0.625546
-0.399781 0.0117491 0.435338
-0.438821 -0.00110234 0.203168
-0.281867 0.00833287 0.612391
-0.254167 0.0180903 0.699665
-0.208489 0.0188337 0.624223
-0.191721 0.00833646 0.418564
-0.215391 -0.000393845 0.180654
-0.281867 -0.00833264 0.612391
-0.254167 -0.01809 0.699665
-0.208489 -0.0188338 0.624223
-0.191721 -0.00833661 0.418564
-0.215391 0.000393352 0.180653
-0.149452 -3.50194e-08 0.595492
-0.283213 1.12531e-07 0.6045
-0.217595 -0.0082359 0.611229
-0.217594 0.00823597 0.611229
-0.197603 -0.0309275 0.666295
-0.242464 4.83976e-09 0.677146
-0.197603 0.0309274 0.666295
-0.274005 0.0148634 0.675712
-0.255037 1.46073e-07 0.689072
-0.274005 -0.0148632 0.675712
-0.248657 -0.00544178 0.699368
-0.248657 0.00544196 0.699368
-0.285252 -0.0302472 0.673457
-0.329252 -1.02486e-07 0.613553
-0.285252 0.030247 0.673457
-0.230396 0.0188629 0.67919
-0.209525 6.10403e-09 0.61427
-0.230396 -0.0188627 0.67919
-0.267489 -0.00293475 0.62845
-0.267489 0.00293481 0.62845
-0.364449 -0.021417 0.549468
-0.403928 2.92393e-08 0.429984
-0.364449 0.0214169 0.549468
-0.192713 0.0158016 0.539578
-0.191326 -5.08541e-08 0.412511
-0.192713 -0.0158013 0.539578
-0.296016 -0.00110932 0.428226
-0.296016 0.0011094 0.428226
-0.424504 -0.00268505 0.313781
-0.440657 -3.39846e-07 0.203493
-0.424504 0.00268494 0.313781
-0.202494 0.00170456 0.292732
-0.214289 -2.80238e-07 0.179964
-0.202494 -0.00170521 0.292732
-0.327013 0.000325657 0.192111
-0.327013 -0.00032642 0.19211
-0.217274 3.8967e-08 0.603161
-0.196111 -2.12201e-08 0.654365
-0.236396 -0.00665514 0.674876
-0.249159 8.62123e-08 0.687846
-0.236396 0.00665524 0.674875
-0.274976 8.29303e-08 0.66574
-0.28701 -8.31966e-08 0.660483
-0.258036 -0.00421033 0.680445
-0.269496 6.36601e-09 0.617925
-0.258036 0.0042104 0.680445
-0.231441 9.61545e-08 0.668994
-0.368796 -7.92961e-08 0.539595
-0.278951 -0.00196382 0.547104
-0.297834 5.07898e-09 0.422534
-0.278951 0.00196377 0.547104
-0.193202 7.51804e-08 0.530394
-0.427257 -9.44231e-08 0.312879
-0.3135 -0.000285324 0.303582
-0.327361 -3.48016e-07 0.191736
-0.3135 0.000284854 0.303582
-0.201456 -3.58842e-07 0.290659
-0.236272 4.55018e-08 0.664343
-0.259353 4.62183e-08 0.669268
-0.281252 -3.1869e-08 0.537952
-0.314337 -1.81991e-07 0.301885
