FiniteElementSpace
FiniteElementCollection: H1_3D_P1
VDim: 3
Ordering: 1

0 0 0
0.0154812 0.00970074 0.0476032
-0.00405668 -0.00304586 0.210496
-0.0660207 -0.0148654 0.41634
-0.151802 -0.0264335 0.604174
0 0 0
0.0154812 -0.00970082 0.0476031
-0.0040567 0.0030458 0.210496
-0.0660207 0.0148654 0.41634
-0.151802 0.0264334 0.604174
0 0 0
-0.0806068 -0.0316939 0.0628612
-0.176579 -0.02042 0.220049
-0.25137 -0.0074184 0.423068
-0.281867 0.00833287 0.612391
0 0 0
-0.0806068 0.0316939 0.0628612
-0.176579 0.02042 0.220049
-0.25137 0.00741849 0.423068
-0.281867 -0.00833264 0.612391
0.00809461 0.0111822 0.00670052
0.0157695 -3.32791e-08 0.0565664
0.00809461 -0.0111822 0.0067005
0 0 0
-0.0320506 -0.0305884 0.0216191
-0.0814151 1.16881e-08 0.0741168
-0.0320506 0.0305884 0.0216191
0 0 0
0 0 0
-0.0314829 -0.0106592 0.0521337
-0.0314829 0.0106592 0.0521336
0 0 0
0.011925 0.00350372 0.119152
-0.00276858 -2.73247e-08 0.21457
0.011925 -0.00350378 0.119152
-0.129979 -0.0266291 0.131755
-0.179192 1.21999e-08 0.22402
-0.129979 0.0266292 0.131755
-0.090088 -0.0116764 0.213712
-0.0900881 0.0116764 0.213712
-0.0308675 -0.00913128 0.311975
-0.0639895 -1.3276e-09 0.41479
-0.0308675 0.00913126 0.311975
-0.217855 -0.0141277 0.319475
-0.253429 4.96712e-08 0.421059
-0.217855 0.0141277 0.319475
-0.159166 -0.011292 0.420317
-0.159166 0.011292 0.420317
-0.107113 -0.0206627 0.51674
-0.149452 -3.50194e-08 0.595492
-0.107113 0.0206627 0.51674
-0.27388 0.000251138 0.52381
-0.283213 1.12531e-07 0.6045
-0.27388 -0.000250932 0.52381
-0.217595 -0.0082359 0.611229
-0.217594 0.00823597 0.611229
0.00769478 -4.60706e-09 0.015639
-0.0103541 -0.00825208 0.00989651
-0.0315157 -3.89184e-09 0.061425
-0.0103541 0.00825208 0.0098965
0 0 0
-0.0306762 6.07652e-09 0.031025
0.0128754 -2.80137e-08 0.125824
-0.0584893 -0.0112962 0.122933
-0.0906909 -9.61856e-10 0.217673
-0.0584893 0.0112962 0.122933
-0.132334 1.60373e-08 0.13938
-0.0292463 -9.14531e-09 0.313344
-0.124456 -0.0117946 0.315235
-0.159238 2.74484e-08 0.418503
-0.124456 0.0117946 0.315235
-0.220218 2.88881e-08 0.320345
-0.104717 -4.56268e-08 0.511814
-0.191235 -0.00999651 0.522053
-0.217274 3.8967e-08 0.603161
-0.191235 0.00999662 0.522053
-0.275623 1.04541e-07 0.518815
-0.00980423 1.72554e-09 0.0190792
-0.0590895 -1.34658e-08 0.129757
-0.124811 6.3049e-09 0.316339
-0.19105 5.93891e-08 0.51712
