FiniteElementSpace
FiniteElementCollection: H1_3D_P1
VDim: 3
Ordering: 1

-0.0178261 -0.00611896 0.111232
-0.0280241 -0.00989176 0.108109
-0.0386557 -0.0108804 0.107714
-0.0485469 0.00376791 0.0592
-0.0385111 0.00906657 0.0560564
-0.0178261 0.00611891 0.111232
-0.0280241 0.00989188 0.108109
-0.0386563 0.0108803 0.107715
-0.0485468 -0.0037677 0.0592007
-0.0385129 -0.00906694 0.0560561
-0.0576463 0.00859627 0.103863
-0.0277588 0.00777138 0.10745
0.00342245 0.0107563 0.10233
0.00294358 -0.00676205 0.0574868
-0.00834172 -0.00163363 0.0485209
-0.0576466 -0.00859629 0.103863
-0.0277586 -0.00777115 0.10745
0.00342188 -0.0107561 0.10233
0.00294262 0.0067608 0.0574863
-0.00834168 0.00163252 0.0485222
-0.0163981 2.47367e-08 0.106656
-0.057746 -2.69871e-08 0.0995405
-0.0377261 0.00237703 0.108452
-0.037726 -0.00237697 0.108452
-0.0230179 -0.00856232 0.114719
-0.0277434 -1.14613e-08 0.100158
-0.0230178 0.00856236 0.11472
-0.0429497 0.00846333 0.111153
-0.0282171 7.84606e-09 0.10275
-0.0429496 -0.00846344 0.111153
-0.0273957 -0.000102507 0.108274
-0.0273959 0.000102646 0.108274
-0.0332069 -0.0109255 0.103995
-0.042045 7.48249e-08 0.0970921
-0.0332074 0.0109256 0.103995
-0.012982 0.00994451 0.102104
0.00280882 1.68158e-07 0.0938269
-0.0129822 -0.00994453 0.102104
-0.0184505 0.000729165 0.10458
-0.0184505 -0.000729031 0.10458
-0.046132 -0.00541915 0.0883956
-0.0505254 2.42687e-08 0.0604789
-0.0461322 0.00541958 0.0883954
0.0103139 0.00178453 0.0847814
0.00449148 -1.59299e-07 0.057061
0.0103134 -0.00178407 0.0847819
-0.0228958 -0.00149728 0.0579183
-0.0228967 0.00149793 0.0579183
-0.0343342 0.00821438 0.0717603
-0.0378609 -2.22013e-07 0.0608848
-0.0343347 -0.00821554 0.0717602
0.00445728 -0.00494105 0.0663569
-0.00701801 -1.49934e-07 0.0525533
0.00445759 0.00494216 0.0663577
-0.0230701 0.00363393 0.0533219
-0.0230714 -0.00363473 0.0533218
-0.0371126 -7.05103e-09 0.104143
-0.0217806 2.96574e-08 0.108316
-0.0324942 0.0011768 0.113853
-0.0273427 4.88881e-08 0.10221
-0.0324941 -0.00117669 0.113853
-0.0428253 1.12518e-07 0.10649
-0.0345864 -2.14962e-07 0.094154
-0.0231796 0.000123244 0.102989
-0.0204796 -2.83667e-07 0.0958132
-0.0231797 -0.000123546 0.102989
-0.0140796 -1.05026e-07 0.0959128
-0.0501835 1.18005e-07 0.0822301
-0.0184204 -0.00104828 0.0857524
-0.0231619 -2.74964e-07 0.0578754
-0.0184211 0.00104845 0.0857523
0.0109473 3.10967e-08 0.0782334
-0.0342421 -3.36566e-07 0.0766007
-0.0147415 0.00138755 0.0696917
-0.0220464 3.83556e-07 0.0575668
-0.0147414 -0.00138814 0.0696919
0.00607188 2.74698e-07 0.0698294
-0.0317365 6.01168e-08 0.108509
-0.0243278 1.42905e-07 0.0955535
-0.0201537 2.35529e-07 0.0796003
-0.013882 -2.19176e-07 0.0734573
