FiniteElementSpace
FiniteElementCollection: H1_3D_P1
VDim: 3
Ordering: 1

0 0 0
0.00440779 0.00470591 0.00238281
0.00348974 0.00194659 0.0316822
-0.00640835 -0.00141701 0.0755377
-0.0178261 -0.00611896 0.111232
0 0 0
0.00440771 -0.00470592 0.00238283
0.00348966 -0.00194661 0.0316823
-0.00640845 0.00141704 0.0755376
-0.0178261 0.00611891 0.111232
0 0 0
-0.0247044 -0.0121565 0.00643693
-0.0552235 -0.00676433 0.0298741
-0.0703426 0.00221807 0.067393
-0.0576463 0.00859627 0.103863
0 0 0
-0.0247045 0.0121565 0.0064369
-0.0552236 0.00676424 0.029874
-0.0703425 -0.00221789 0.0673928
-0.0576466 -0.00859629 0.103863
0.00185199 0.00327591 -0.00258355
0.00354104 2.24215e-08 0.00721406
0.00185196 -0.00327588 -0.00258354
0 0 0
-0.00971765 -0.0107506 0.00216669
-0.0258429 1.44286e-08 0.0133117
-0.0097177 0.0107506 0.00216669
0 0 0
0 0 0
-0.0101051 -0.00354415 0.00374847
-0.010105 0.00354416 0.00374847
0 0 0
0.00540117 0.00379945 0.0138378
0.00311139 9.77369e-09 0.0339061
0.00540117 -0.00379941 0.0138379
-0.0405243 -0.0104751 0.0154626
-0.0576821 -2.52071e-09 0.0323921
-0.0405243 0.0104752 0.0154626
-0.0266894 -0.00233482 0.0300366
-0.0266894 0.00233485 0.0300366
-0.000866342 0.000186267 0.053098
-0.00599831 3.92864e-08 0.0746533
-0.000866437 -0.000186289 0.0530981
-0.0658687 -0.0022536 0.0477084
-0.0720075 9.11333e-08 0.0658871
-0.0658687 0.00225351 0.0477084
-0.0393058 0.000616421 0.0715013
-0.0393057 -0.000616434 0.0715013
-0.0122242 -0.00345398 0.0964771
-0.0163981 2.47367e-08 0.106656
-0.0122243 0.00345395 0.096477
-0.0675841 0.0062006 0.0873942
-0.057746 -2.69871e-08 0.0995405
-0.0675841 -0.00620053 0.0873944
-0.0377261 0.00237703 0.108452
-0.037726 -0.00237697 0.108452
0.00131532 -3.22292e-08 0.00142315
-0.00336108 -0.00311002 -0.00122582
-0.0109992 -3.52316e-08 0.00923233
-0.00336111 0.00311001 -0.00122581
0 0 0
-0.00963819 -9.19723e-09 0.00746295
0.00471226 -5.1163e-09 0.0176738
-0.018084 -0.00317752 0.0138689
-0.0281162 2.91429e-08 0.032284
-0.018084 0.00317758 0.0138689
-0.0426316 9.2807e-09 0.0204751
-0.000913753 -5.2581e-08 0.0537391
-0.0343322 -0.00101597 0.0499782
-0.0400537 -5.49407e-08 0.0703165
-0.0343321 0.001016 0.0499782
-0.0681163 -7.21678e-09 0.0480298
-0.0112201 -1.34503e-07 0.093872
-0.0404915 0.0020611 0.0924667
-0.0371126 -7.05103e-09 0.104143
-0.0404915 -0.00206111 0.0924666
-0.0684467 3.98845e-08 0.0842559
-0.0035307 -2.35159e-08 0.00344051
-0.0194462 -6.66073e-08 0.0180032
-0.0355435 -5.21059e-09 0.050444
-0.0405509 5.95023e-08 0.0896474
