FiniteElementSpace
FiniteElementCollection: H1_3D_P1
VDim: 3
Ordering: 1

0 0 0
0.0176729 0.0087091 0.038665
0.0145614 -0.00076437 0.145603
-0.0204157 -0.0113709 0.275179
-0.0843159 -0.0227739 0.391029
-0.169706 -0.0315722 0.458314
-0.256741 -0.0265065 0.425637
-0.323033 -0.0136638 0.292203
-0.368353 -0.00672248 0.102479
0 0 0
0.0176729 -0.0087091 0.038665
0.0145614 0.00076437 0.145603
-0.0204157 0.0113709 0.275179
-0.0843159 0.0227739 0.391029
-0.169706 0.0315722 0.458314
-0.256741 0.0265065 0.425637
-0.323033 0.0136638 0.292203
-0.368353 0.00672248 0.102479
0 0 0
-0.0488997 -0.0195157 0.0457452
-0.103859 -0.0126853 0.151577
-0.147663 -0.0061281 0.284371
-0.176314 0.00059684 0.407794
-0.180632 0.00888583 0.477784
-0.164682 0.0101469 0.434501
-0.161735 0.00454297 0.286301
-0.171945 0.00315134 0.0849014
0 0 0
-0.0488997 0.0195157 0.0457452
-0.103859 0.0126853 0.151577
-0.147663 0.0061281 0.284371
-0.176314 -0.00059684 0.407794
-0.180632 -0.00888583 0.477784
-0.164682 -0.0101469 0.434501
-0.161735 -0.00454297 0.286301
-0.171945 -0.00315134 0.0849014
0.00828594 0.00972303 0.00869673
0.0178781 6.07722e-17 0.0456887
0.00828594 -0.00972303 0.00869673
0 0 0
-0.0195679 -0.0190674 0.0154543
-0.0493485 -1.05692e-17 0.0538445
-0.0195679 0.0190674 0.0154543
0 0 0
0 0 0
-0.015093 -0.00520024 0.0402887
-0.015093 0.00520024 0.0402887
0 0 0
0.0201701 0.00424857 0.0866659
0.0158199 5.13064e-17 0.148953
0.0201701 -0.00424857 0.0866659
-0.0775305 -0.0162868 0.093031
-0.105171 -2.28243e-17 0.154678
-0.0775305 0.0162868 0.093031
-0.0442975 -0.00653615 0.147741
-0.0442975 0.00653615 0.147741
0.000908461 -0.00596656 0.21004
-0.0183021 8.1534e-17 0.274065
0.000908461 0.00596656 0.21004
-0.127339 -0.00928094 0.216852
-0.14833 -1.14374e-17 0.28286
-0.127339 0.00928094 0.216852
-0.083507 -0.00863826 0.28027
-0.083507 0.00863826 0.28027
-0.0490121 -0.017019 0.33683
-0.081909 -4.23533e-17 0.3845
-0.0490121 0.017019 0.33683
-0.164329 -0.002967 0.349648
-0.176827 3.59653e-18 0.402039
-0.164329 0.002967 0.349648
-0.129922 -0.0108965 0.401291
-0.129922 0.0108965 0.401291
-0.125233 -0.0280628 0.433428
-0.169419 -6.40331e-18 0.446223
-0.125233 0.0280628 0.433428
-0.182119 0.00475025 0.452969
-0.181566 -2.14731e-17 0.468287
-0.182119 -0.00475025 0.452969
-0.175562 -0.0108376 0.471031
-0.175562 0.0108376 0.471031
-0.214645 -0.0313774 0.458011
-0.259845 -1.04761e-16 0.415022
-0.214645 0.0313774 0.458011
-0.173094 0.0112407 0.473622
-0.165515 1.06846e-17 0.425452
-0.173094 -0.0112407 0.473622
-0.211912 -0.00736818 0.432927
-0.211912 0.00736818 0.432927
-0.293473 -0.019396 0.364674
-0.325648 3.84111e-17 0.288003
-0.293473 0.019396 0.364674
-0.161176 0.00680861 0.366132
-0.162302 7.13291e-17 0.281827
-0.161176 -0.00680861 0.366132
-0.243157 -0.00415255 0.291191
-0.243157 0.00415255 0.291191
-0.346728 -0.00914595 0.206806
-0.369927 9.55495e-19 0.100153
-0.346728 0.00914595 0.206806
-0.164427 0.00365844 0.193765
-0.172435 -5.13009e-18 0.0822961
-0.164427 -0.00365844 0.193765
-0.270597 -0.00157547 0.0946013
-0.270597 0.00157547 0.0946013
0.00789338 6.04262e-17 0.0152767
-0.0048795 -0.00397891 0.00920471
-0.015132 1.21107e-17 0.0473283
-0.0048795 0.00397891 0.00920471
0 0 0
-0.0187448 2.9631e-17 0.0223332
0.0210032 -1.4734e-17 0.0920438
-0.0283448 -0.00580833 0.0883904
-0.0443205 -1.40774e-17 0.150911
-0.0283448 0.00580833 0.0883904
-0.0788195 1.83281e-17 0.0987369
0.00259324 -9.17476e-18 0.211225
-0.0627647 -0.00748283 0.213257
-0.0827708 4.13262e-17 0.278942
-0.0627647 0.00748283 0.213257
-0.128342 2.39621e-17 0.217551
-0.0465844 -2.81741e-18 0.333175
-0.10614 -0.00987113 0.344427
-0.128976 -2.12878e-17 0.395217
-0.10614 0.00987113 0.344427
-0.164809 6.45547e-18 0.346013
-0.123479 2.76947e-17 0.423843
-0.15359 -0.0113272 0.445714
-0.175925 -1.75409e-17 0.460679
-0.15359 0.0113272 0.445714
-0.182838 -4.72564e-17 0.445151
-0.216305 2.74565e-17 0.445294
-0.1948 -0.00938271 0.468939
-0.213916 7.8629e-18 0.423408
-0.1948 0.00938271 0.468939
-0.174076 -1.08707e-17 0.463496
-0.296766 -4.27404e-18 0.357671
-0.228345 -0.00561022 0.36777
-0.244732 1.8815e-17 0.286701
-0.228345 0.00561022 0.36777
-0.161832 1.7139e-17 0.359479
-0.34863 -1.97103e-17 0.204074
-0.256188 -0.00249311 0.201611
-0.271592 1.56114e-17 0.0920698
-0.256188 0.00249311 0.201611
-0.164924 1.62676e-17 0.19068
-0.00464227 2.23122e-17 0.0159496
-0.0285566 1.23715e-17 0.0937263
-0.0624148 2.2036e-17 0.214182
-0.105156 -3.99541e-17 0.340779
-0.153093 -4.83919e-17 0.437247
-0.196167 8.38596e-19 0.458032
-0.230325 -6.57419e-17 0.360938
-0.257354 1.11924e-16 0.19859
