FiniteElementSpace
FiniteElementCollection: H1_3D_P1
VDim: 3
Ordering: 1

0 0 0
-0.00486539 -0.00266108 0.00650381
-0.0159994 -0.00280341 0.0340189
-0.0301813 -0.00294235 0.0683758
-0.0432513 -0.00226579 0.101353
-0.0470682 0.00189229 0.120916
-0.0363855 0.00831893 0.0987386
-0.0300557 -0.000645261 0.0818076
-0.0487984 -0.00357911 0.0347511
0 0 0
-0.00486539 0.00266108 0.00650381
-0.0159994 0.00280341 0.0340189
-0.0301813 0.00294235 0.0683758
-0.0432513 0.00226579 0.101353
-0.0470682 -0.00189229 0.120916
-0.0363855 -0.00831893 0.0987386
-0.0300557 0.000645261 0.0818076
-0.0487984 0.00357911 0.0347511
0 0 0
-0.00833566 -0.00190542 0.00954253
-0.0209599 -0.00316086 0.0365368
-0.0360465 -0.00310332 0.0704709
-0.0466126 -0.000869045 0.10209
-0.0437571 0.00168207 0.116363
-0.0392629 -0.00385768 0.0930392
-0.0381614 0.00115406 0.0771191
-0.0420992 0.00327547 0.0256652
0 0 0
-0.00833566 0.00190542 0.00954253
-0.0209599 0.00316086 0.0365368
-0.0360465 0.00310332 0.0704709
-0.0466126 0.000869045 0.10209
-0.0437571 -0.00168207 0.116363
-0.0392629 0.00385768 0.0930392
-0.0381614 -0.00115406 0.0771191
-0.0420992 -0.00327547 0.0256652
-0.00138228 -0.00201437 -0.000120287
-0.00465363 3.58598e-16 0.00555767
-0.00138228 0.00201437 -0.000120287
0 0 0
-0.00318942 -0.00175385 0.00288835
-0.00805802 -3.89965e-17 0.00880117
-0.00318942 0.00175385 0.00288835
0 0 0
0 0 0
-0.00619089 -0.00234039 0.00747207
-0.00619089 0.00234039 0.00747207
0 0 0
-0.00985434 -0.0027297 0.0188056
-0.0160517 2.93647e-16 0.0339739
-0.00985434 0.0027297 0.0188056
-0.0141667 -0.00250915 0.0215471
-0.0207341 -2.27524e-16 0.0365089
-0.0141667 0.00250915 0.0215471
-0.0182685 -0.00303814 0.0351288
-0.0182685 0.00303814 0.0351288
-0.0229287 -0.00290908 0.050924
-0.0301801 1.6922e-16 0.068503
-0.0229287 0.00290908 0.050924
-0.0285267 -0.00338433 0.0532287
-0.0360141 -2.3812e-16 0.0706266
-0.0285267 0.00338433 0.0532287
-0.0331408 -0.00310915 0.0695267
-0.0331408 0.00310915 0.0695267
-0.0372139 -0.00278944 0.085458
-0.0436028 8.51758e-17 0.101085
-0.0372139 0.00278944 0.085458
-0.0424917 -0.0022958 0.0871873
-0.0468329 4.03809e-16 0.102298
-0.0424917 0.0022958 0.0871873
-0.0453952 -0.0016989 0.102111
-0.0453952 0.0016989 0.102111
-0.0470546 -0.000918473 0.114398
-0.0483589 -1.80316e-16 0.121623
-0.0470546 0.000918473 0.114398
-0.0470945 0.000884935 0.112982
-0.0436487 -1.61221e-16 0.117083
-0.0470945 -0.000884935 0.112982
-0.0462344 0.00189955 0.11909
-0.0462344 -0.00189955 0.11909
-0.0427199 0.00596152 0.115788
-0.0356531 -1.63204e-16 0.104265
-0.0427199 -0.00596152 0.115788
-0.0394688 -0.000208886 0.108921
-0.0384736 1.72722e-17 0.0966899
-0.0394688 0.000208886 0.108921
-0.0374434 0.00240284 0.0963874
-0.0374434 -0.00240284 0.0963874
-0.0320393 0.00476851 0.0850354
-0.0279624 2.21814e-17 0.0829712
-0.0320393 -0.00476851 0.0850354
-0.042084 -0.00407384 0.0826795
-0.038657 1.78296e-16 0.0789166
-0.042084 0.00407384 0.0826795
-0.03353 -0.0004322 0.0806733
-0.03353 0.0004322 0.0806733
-0.0354154 -0.00281857 0.047837
-0.0488187 2.72153e-16 0.032843
-0.0354154 0.00281857 0.047837
-0.0353833 0.00400231 0.0394873
-0.0433857 4.4568e-16 0.0243587
-0.0353833 -0.00400231 0.0394873
-0.0456074 -0.000191612 0.0302401
-0.0456074 0.000191612 0.0302401
-0.00108139 2.10407e-16 -0.000877139
-0.00196326 -0.00167832 0.000706332
-0.00591051 -5.37074e-17 0.00666093
-0.00196326 0.00167832 0.000706332
0 0 0
-0.00291834 1.79906e-16 0.001849
-0.00985305 1.97244e-16 0.018382
-0.0116903 -0.0026842 0.0198684
-0.0181751 -3.28087e-17 0.0350658
-0.0116903 0.0026842 0.0198684
-0.0139011 6.18457e-17 0.0212247
-0.0229479 -1.15954e-16 0.0510412
-0.0256253 -0.00320683 0.0520449
-0.0331065 1.66268e-16 0.0696514
-0.0256253 0.00320683 0.0520449
-0.0283884 1.27114e-16 0.0533284
-0.0372898 1.02636e-16 0.0854423
-0.0400652 -0.002668 0.0865752
-0.045694 8.94998e-17 0.102176
-0.0400652 0.002668 0.0865752
-0.0425906 1.08684e-16 0.0873833
-0.0479123 3.48171e-16 0.114112
-0.0477929 -6.98006e-05 0.114159
-0.0469157 1.45269e-16 0.119962
-0.0477929 6.98006e-05 0.114159
-0.0472894 -3.09307e-16 0.113256
-0.043606 1.11777e-16 0.118956
-0.0415984 0.00316513 0.112739
-0.0366684 1.27404e-18 0.100492
-0.0415984 -0.00316513 0.112739
-0.0388871 -1.62284e-16 0.110868
-0.0297731 1.74775e-16 0.0898324
-0.0360028 -0.000166311 0.0848296
-0.0326754 1.42033e-17 0.0821246
-0.0360028 0.000166311 0.0848296
-0.0417552 2.35659e-16 0.0866839
-0.0347095 -2.70018e-16 0.0462886
-0.0352788 0.000380767 0.04426
-0.0462651 -6.19476e-16 0.0287423
-0.0352788 -0.000380767 0.04426
-0.0365354 1.4947e-16 0.038792
-0.00165376 1.12442e-16 -0.000190412
-0.0115438 6.5314e-17 0.0195093
-0.0255552 3.81553e-17 0.0521203
-0.0401382 -3.25605e-16 0.0866845
-0.0483787 -5.50384e-17 0.114341
-0.041816 -4.0666e-17 0.115164
-0.0346225 -1.87459e-16 0.088783
-0.0354771 3.50792e-16 0.0432993
