FiniteElementSpace
FiniteElementCollection: H1_3D_P1
VDim: 3
Ordering: 1

0.0791038 0.489256 0.00926285
0.0660612 0.747145 0.00697388
0.0384193 1.03618 0.00469521
-0.00114396 1.34509 0.0025024
-0.0487907 1.66379 0.00119482
-0.149616 0.462172 -0.00929818
-0.200411 0.710566 -0.00690147
-0.254723 0.991941 -0.00454779
-0.310365 1.29584 -0.00231132
-0.365263 1.61216 -0.000980655
0.0791038 0.489256 -0.00926285
0.0660612 0.747145 -0.00697388
0.0384193 1.03618 -0.00469521
-0.00114396 1.34509 -0.0025024
-0.0487907 1.66379 -0.00119482
-0.149616 0.462172 0.00929818
-0.200411 0.710566 0.00690147
-0.254723 0.991941 0.00454779
-0.310365 1.29584 0.00231132
-0.365263 1.61216 0.000980655
-0.0351372 0.474841 0.000190174
-0.0351372 0.474841 -0.000190174
0.0783889 0.493669 -4.84383e-13
-0.151094 0.466785 2.57833e-13
0.0745351 0.613576 0.00811788
-0.0670604 0.728205 0.000155389
-0.17447 0.581585 -0.00809511
0.0745351 0.613576 -0.00811788
-0.0670604 0.728205 -0.000155389
-0.17447 0.581585 0.00809511
0.0654723 0.750477 -6.59504e-13
-0.201724 0.713909 3.25517e-13
0.0539205 0.888492 0.00583203
-0.108062 1.01363 0.000130725
-0.227248 0.84779 -0.00571811
0.0539205 0.888492 -0.00583203
-0.108062 1.01363 -0.000130725
-0.227248 0.84779 0.00571811
0.0380587 1.03844 -8.21097e-13
-0.255751 0.994088 3.78909e-13
0.019923 1.18883 0.00357416
-0.1557 1.32023 0.000116121
-0.282535 1.14172 -0.00340116
0.019923 1.18883 -0.00357416
-0.1557 1.32023 -0.000116121
-0.282535 1.14172 0.00340116
-0.00125688 1.34631 -9.40616e-13
-0.311017 1.2969 3.98072e-13
-0.0242768 1.50373 0.00160155
-0.206998 1.63787 0.000114092
-0.337944 1.45303 -0.00139858
-0.0242768 1.50373 -0.00160155
-0.206998 1.63787 -0.000114092
-0.337944 1.45303 0.00139858
-0.0488155 1.66442 -1.0537e-12
-0.365645 1.61268 4.18922e-13
-0.0362149 0.479351 -1.2059e-13
-0.0498475 0.596819 0.000171549
0.0738675 0.617448 -5.63808e-13
-0.0679967 0.731545 -1.69333e-13
-0.175883 0.585554 2.84265e-13
-0.0498475 0.596819 -0.000171549
-0.0865594 0.867599 0.000141774
0.0534364 0.891287 -7.46972e-13
-0.108748 1.01584 -2.24413e-13
-0.228431 0.850525 3.58657e-13
-0.0865594 0.867599 -0.000141774
-0.131233 1.16494 0.000122223
0.0196926 1.19056 -8.83044e-13
-0.156083 1.32139 -2.73745e-13
-0.283385 1.1433 3.88495e-13
-0.131233 1.16494 -0.000122223
-0.181076 1.47824 0.000112313
-0.0243072 1.50452 -1.00369e-12
-0.207203 1.63847 -3.21503e-13
-0.338407 1.45368 4.16934e-13
-0.181076 1.47824 -0.000112313
-0.0508709 0.60074 -1.42864e-13
-0.0873813 0.870369 -1.97361e-13
-0.13177 1.16661 -2.49697e-13
-0.181326 1.47898 -2.96428e-13
