FiniteElementSpace
FiniteElementCollection: H1_3D_P1
VDim: 3
Ordering: 1

0 0 0
0.0252609 0.0231992 0.0143886
0.056842 0.115072 0.0137207
0.0759936 0.274426 0.0115469
0.0791038 0.489256 0.00926285
0 0 0
-0.0248361 0.0208918 -0.0147943
-0.0621633 0.106984 -0.0140187
-0.103554 0.257399 -0.0117219
-0.149616 0.462172 -0.00929818
0 0 0
0.0252609 0.0231992 -0.0143886
0.056842 0.115072 -0.0137207
0.0759936 0.274426 -0.0115469
0.0791038 0.489256 -0.00926285
0 0 0
-0.0248361 0.0208918 0.0147943
-0.0621633 0.106984 0.0140187
-0.103554 0.257399 0.0117219
-0.149616 0.462172 0.00929818
0.00888323 0.00476665 0.011247
0.000413115 0.0207673 0.000171387
-0.00879383 0.00379084 -0.0117938
0 0 0
0.00888323 0.00476665 -0.011247
0.000413115 0.0207673 -0.000171387
-0.00879383 0.00379084 0.0117938
0 0 0
0 0 0
0.0244 0.0300186 -1.06144e-13
-0.0248022 0.0285992 9.54651e-14
0 0 0
0.0420985 0.0600639 0.0145051
-0.00258143 0.109762 0.000257254
-0.0429605 0.0553931 -0.0148346
0.0420985 0.0600639 -0.0145051
-0.00258143 0.109762 -0.000257254
-0.0429605 0.0553931 0.0148346
0.056224 0.121586 -2.31116e-13
-0.0632435 0.11428 1.70678e-13
0.0683227 0.187029 0.0126681
-0.0136832 0.264821 0.000232563
-0.0823251 0.174732 -0.0129138
0.0683227 0.187029 -0.0126681
-0.0136832 0.264821 -0.000232563
-0.0823251 0.174732 0.0129138
0.0752902 0.27992 -3.6354e-13
-0.105013 0.263357 2.26988e-13
0.0796095 0.375692 0.0104072
-0.0351372 0.474841 0.000190174
-0.125967 0.353661 -0.0105092
0.0796095 0.375692 -0.0104072
-0.0351372 0.474841 -0.000190174
-0.125967 0.353661 0.0105092
0.0783889 0.493669 -4.84383e-13
-0.151094 0.466785 2.57833e-13
0.000270772 0.00289488 8.63851e-05
0.00812505 0.00975637 -5.07676e-14
1.2855e-05 0.0278056 -8.88994e-15
-0.00833523 0.00934034 5.0263e-14
0 0 0
0.000270772 0.00289488 -8.63851e-05
-0.000312293 0.056425 0.000235173
0.0414283 0.0669463 -1.66675e-13
-0.0034202 0.116573 -3.45446e-14
-0.0435904 0.063177 1.35371e-13
-0.000312293 0.056425 -0.000235173
-0.00692022 0.17969 0.000251109
0.067668 0.193051 -2.97494e-13
-0.0147464 0.270527 -7.28405e-14
-0.0836595 0.181376 2.01457e-13
-0.00692022 0.17969 -0.000251109
-0.0230673 0.363693 0.000210933
0.0788826 0.380646 -4.25421e-13
-0.0362149 0.479351 -1.2059e-13
-0.127465 0.358938 2.46306e-13
-0.0230673 0.363693 -0.000210933
0.000113003 0.00836893 -2.4889e-15
-0.000952571 0.06358 -1.97558e-14
-0.00790026 0.185979 -5.24566e-14
-0.0241607 0.3688 -9.65503e-14
