FiniteElementSpace
FiniteElementCollection: H1_2D_P2
VDim: 1
Ordering: 0

1
32
0.698631
31.3734
-30.0626
-29.8981
-17.5375
-51.7769
19.9014
1.64811
53.6539
16.125
31.785
15.667
0.872286
-14.3265
-30.0042
-14.1885
-40.5644
-33.821
-8.21441
-7.82702
10.5952
10.4056
35.9331
42.5633
15.9567
-14.2579
-23.8
1.22666
25.8746
8.51563
16.0531
8.36834
0.939017
-6.65866
-14.2262
-6.55137
-18.9498
-15.9027
-3.60042
-3.47916
5.79368
5.69715
18.0345
20.9669
23.9219
31.9142
23.731
31.6067
23.3811
15.8299
8.13746
0.79408
-6.78845
-14.2894
-22.0011
-29.9543
-22.0112
-30.0423
-21.997
-35.2315
-31.992
-46.0751
-42.5471
-28.7525
-25.513
-12.8556
-12.6472
-3.30904
-3.06568
6.08358
5.91438
15.1966
15.1366
27.753
30.8596
44.5355
48.037
34.0196
37.2213
8.44957
-6.60507
-11.2014
1.10116
13.2558
23.8434
23.5788
8.26623
-6.71786
-22.0063
-22.01
-26.9312
-37.1927
-20.6687
-8.05742
1.40087
10.4884
22.8632
39.2197
28.9241
4.75196
8.48413
4.68853
0.969868
12.3027
16.0918
12.2339
16.0083
12.1451
8.41121
4.61464
0.906729
-2.82876
-6.57859
-2.77033
-2.89
-6.63152
-10.4444
-14.2424
-10.4006
-14.2084
-10.3538
-8.87085
-7.38786
-1.29936
-16.5589
-15.0518
-21.3629
-19.8198
-13.5448
-12.0378
-5.90487
-1.24779
3.39635
3.34787
-5.8424
-1.19011
-1.12328
3.50541
3.44785
8.09316
8.04924
9.46327
10.8816
14.1995
15.6396
21.9223
23.4118
17.0864
18.5384
19.9941
23.8865
19.9191
27.9199
31.9622
27.8379
31.8554
27.7172
23.7918
19.8147
23.6602
19.6753
15.8974
31.7023
27.552
31.4973
27.3366
23.486
19.4951
15.7533
8.32026
4.52458
0.834979
12.0308
11.885
8.20554
4.41256
0.74887
-2.9598
-6.6872
-3.0439
-6.75138
-10.5457
-14.3069
-10.4908
-14.2734
-18.1244
-22.0092
-18.11
-18.1414
-22.0034
-25.9165
-29.9266
-25.9461
-29.9804
-25.9724
-18.0924
-22.0053
-18.0659
-22.0117
-30.0251
-25.9897
-30.055
-25.9923
-24.4491
-22.906
-32.6274
-31.0361
-37.8766
-36.2253
-29.445
-27.8538
-34.574
-32.9227
-26.2626
-43.2967
-41.5733
-48.9013
-47.0937
-39.8498
-38.1264
-31.2714
-18.2767
-16.7336
-10.5307
-24.6714
-29.6201
-23.0802
-21.4891
-15.1906
-10.4496
-5.76771
-15.0828
-10.35
-10.229
-5.5694
-5.67772
-1.04426
-0.949982
3.6509
3.57208
-5.4397
-0.837426
-0.703544
3.85717
3.74492
8.32903
8.25496
8.14006
12.8024
12.7675
8.19298
12.8839
12.8401
17.5353
17.5141
18.972
20.4419
23.792
25.2998
31.7961
33.3846
26.8218
28.3568
34.9884
36.6059
29.9032
40.1757
41.8624
49.0243
50.8269
43.5653
45.2829
38.2358
24.9089
26.4121
31.4595
39.8765
33.0244
34.5963
4.72119
12.2704
12.1923
4.65325
-2.79955
-2.85867
-10.4225
-10.378
-5.07589
-12.6949
-17.4262
-9.70792
1.04906
-3.54438
1.15935
5.74391
7.1052
11.8276
19.4971
14.6887
19.9599
27.8834
27.7827
19.8709
19.7497
27.6405
27.4509
19.5907
4.57199
12.0915
11.9622
4.47167
-2.92347
-2.9997
-10.5169
-10.4669
-18.1172
-18.1322
-25.9313
-25.96
-18.0806
-18.1019
-25.9825
-25.9932
-20.4734
-28.4969
-33.6117
-25.3656
-30.3722
-38.8786
-44.3111
-35.5068
-14.3791
-22.2343
-27.1327
-19.1031
-8.14357
-12.7621
-7.95292
-3.40174
1.30616
-3.19803
1.51384
5.99139
10.4455
5.84948
10.5373
15.1652
16.5805
21.3754
29.2989
24.3634
32.4337
37.5685
46.2779
40.8851
22.4423
27.3954
35.616
30.4595
2.87525
4.73676
2.84481
0.984979
6.6316
8.50022
6.60047
8.46728
6.56687
4.70514
2.81306
0.954577
10.4055
12.2871
10.3736
14.2087
16.109
14.176
16.0732
14.1384
12.2527
10.3381
12.2138
10.2981
8.43091
16.0315
14.0952
15.9834
14.0458
12.1695
10.2531
8.39039
4.67126
2.77929
0.923098
6.53007
6.48934
4.63441
2.74278
0.889822
-0.914307
-2.78499
-0.884497
-0.944472
-2.81411
-4.71518
-6.59188
-4.6872
-6.56512
-4.65884
-0.975707
-2.84358
-1.00873
-2.87411
-4.77286
-6.64496
-4.74349
-6.61825
-8.52409
-10.4116
-8.49978
-8.54872
-10.4334
-12.347
-14.2502
-12.3282
-14.2344
-12.309
-8.47507
-10.3661
-8.44926
-10.3894
-14.2175
-12.2886
-14.1988
-12.2665
-3.92242
-3.18599
-0.149574
-7.70983
-6.9704
-10.0346
-9.29071
-6.23097
-5.49154
-2.44957
-11.5225
-10.7786
-15.3712
-14.6213
-17.7517
-16.9942
-13.8713
-13.1214
-16.2367
-15.4793
-12.3714
-20.1535
-19.387
-22.5784
-21.8014
-18.6205
-17.8541
-14.7218
-8.54677
-7.80283
-4.75211
-11.6215
-13.9644
-10.8715
-10.1216
-7.0589
-0.12492
2.19811
2.17385
-2.42356
-0.0995024
-0.0729413
2.24816
2.22276
4.54594
4.52224
-4.72376
-2.39601
-7.02722
-4.69311
-4.65978
-2.33481
-2.36655
-0.0448562
-0.0148667
2.30276
2.2747
-2.30039
0.0174078
0.0523476
2.36495
2.33272
4.64824
4.62078
4.57001
6.89531
6.87275
4.59483
6.94191
6.91824
9.24765
9.22679
5.22488
5.92806
7.57764
8.28354
11.3555
12.0676
8.99028
9.69766
9.93492
10.6446
12.2981
13.0125
16.1112
16.8356
13.7287
14.4464
17.562
18.2901
15.1656
19.9711
20.7078
23.8897
24.6409
21.4466
22.1872
19.0197
12.7806
13.4944
15.886
19.7507
16.6075
17.3299
18.053
19.9778
18.0193
21.95
23.9051
21.9152
23.866
21.8732
19.9404
17.9795
25.9114
27.9027
25.8755
29.949
31.9823
29.9118
31.9395
29.8651
27.8618
25.8312
27.8116
25.7778
23.8187
31.8862
29.8081
31.8217
29.7402
27.7513
25.7146
23.7626
19.8959
17.9331
21.8233
21.7648
19.8438
17.8791
19.7834
17.817
15.928
23.6969
21.697
23.6209
21.6191
19.7138
17.7461
15.8647
27.6803
25.6409
31.7453
29.6605
31.6562
29.5684
27.5978
25.5559
27.5031
25.459
23.5338
31.5537
29.4632
31.4372
29.3441
27.3955
25.3494
23.4351
19.6343
17.6655
15.7928
21.5304
21.4302
19.5443
17.5746
15.7114
4.59387
2.70281
0.854037
8.345
6.44399
8.29403
6.39328
4.54893
2.65867
0.815024
12.1191
10.2023
13.9894
13.9253
12.0621
10.1449
11.9975
10.0803
8.23676
13.8527
13.771
11.9247
10.0077
8.17246
4.49886
2.60962
0.772059
6.33649
6.2729
4.44294
2.55496
0.724424
-1.04425
-2.90642
-1.083
-2.94123
-4.83764
-6.70222
-4.804
-6.67271
-1.1257
-2.97926
-1.17305
-3.02122
-4.91525
-6.76942
-4.87448
-6.73422
-8.63173
-10.5035
-8.60182
-8.66483
-10.5309
-12.4325
-14.3164
-12.4082
-14.298
-12.3863
-8.57439
-10.4555
-10.4787
-14.2813
-12.3661
-14.2656
-16.1899
-18.1136
-16.1785
-16.2017
-18.1207
-20.0588
-22.0078
-20.0565
-22.0103
-20.0538
-16.2145
-18.1281
-16.229
-18.1365
-20.065
-22.0021
-20.0614
-22.0048
-23.9596
-25.9387
-23.9683
-23.9512
-25.9239
-27.8983
-29.9124
-27.9199
-29.9406
-27.9409
-23.9766
-25.9664
-23.9836
-25.9532
-29.9676
-27.9608
-29.9926
-27.9788
-16.1386
-18.0737
-16.1212
-16.1535
-18.0868
-20.0441
-22.0081
-20.0357
-22.0016
-20.0241
-16.1666
-18.0974
-18.1061
-22.0117
-20.0499
-22.0112
-23.9888
-25.9865
-23.9914
-25.9778
-30.0151
-27.9942
-30.0342
-28.0062
-23.9907
-25.9933
-23.9859
-25.992
-30.0492
-28.0142
-30.0595
-28.0174
-19.2666
-18.5091
-23.2194
-22.4529
-25.6863
-24.9093
-21.6864
-20.92
-27.2404
-26.4634
-31.3402
-30.5511
-33.9244
-33.1218
-29.7621
-28.9731
-32.3193
-31.5167
-28.184
-36.5488
-35.7312
-39.215
-38.3809
-34.9136
-34.0961
-30.7142
-24.1324
-23.3554
-27.395
-29.9117
-26.606
-25.817
-29.1091
-28.3066
-25.028
-33.2785
-32.4609
-35.8787
-35.0446
-31.6434
-30.8258
-27.504
-37.5468
-36.7128
-41.9249
-41.0728
-44.68
-43.8083
-40.2206
-39.3685
-42.9367
-42.065
-38.5164
-47.4821
-46.5894
-50.3328
-49.4175
-45.6967
-44.8039
-41.1933
-34.2105
-33.3763
-30.0082
-37.6642
-40.3216
-36.8121
-35.9599
-32.5422
-13.2069
-12.4494
-9.37162
-17.0876
-16.3211
-19.4704
-18.6934
-15.5546
-14.7882
-11.692
-21.0244
-20.2474
-24.239
-26.7015
-23.4499
-22.6609
-25.8989
-25.0964
-21.8719
-29.1906
-31.7081
-28.3731
-27.5555
-24.2939
-17.9164
-17.1394
-14.0217
-21.0829
-23.4913
-20.2939
-19.5049
-16.3624
-9.33566
-6.99249
-11.6508
-9.29586
-9.25186
-6.91231
-6.95431
-4.62339
-13.9742
-11.6049
-16.3077
-13.9213
-13.8627
-11.4979
-11.5541
-9.20326
-9.14968
-6.81531
-6.8661
-11.436
-9.09076
-9.0261
-6.69844
-6.75955
-4.43967
-4.49209
-4.58357
-2.26292
-4.53993
-2.17731
-2.22202
0.090332
0.131748
2.43779
2.39985
-2.1284
0.176971
0.226382
2.52431
2.47915
4.78086
4.74353
-4.38228
-2.07491
-6.63161
-4.31956
-4.25111
-1.9527
-2.01647
0.28036
0.339286
2.62756
2.57366
-1.88321
0.403541
0.473505
2.75058
2.68641
4.9681
4.91483
4.82159
7.12093
7.08479
4.86613
7.20382
7.16048
9.45944
9.42505
9.26887
11.6044
11.5858
6.96671
9.29083
9.31391
11.643
11.6233
13.9668
13.9511
4.67761
6.99302
4.70924
7.05168
7.02122
9.33849
9.36495
11.6861
11.6638
9.39368
11.7366
11.7102
14.0371
14.0177
13.9829
16.3365
16.3242
13.9998
16.3626
16.3492
18.7148
18.7064
14.6687
15.3888
17.0481
17.7749
20.9099
21.6507
18.5044
19.2366
19.4376
20.1721
21.8386
22.5819
25.763
26.5242
23.3289
24.0795
27.2893
28.058
24.8333
29.7636
30.5449
33.8522
34.6558
31.3302
32.1193
28.8301
22.3944
23.1408
25.5904
29.6055
26.3504
27.1132
30.3841
31.1655
27.8787
32.9119
33.7079
37.0904
37.9092
34.5071
35.3094
31.9497
35.4636
36.2752
38.0405
38.8686
42.3402
43.1951
39.701
40.5373
44.0542
44.9175
41.3775
46.7631
47.6468
51.3208
52.2356
48.535
49.4274
45.7847
38.7314
39.5566
36.1145
42.2212
46.6556
43.0684
43.9189
40.3849
20.4828
21.216
22.9294
23.6732
26.9066
27.6653
24.4182
25.1643
25.3942
26.1495
28.6465
32.7364
29.4166
30.1888
33.5255
34.3168
30.9629
36.9223
41.2159
37.7325
38.5451
35.11
28.4253
29.1866
31.7387
35.9051
32.516
33.2947
2.86014
6.6163
6.58403
2.82914
10.39
14.1929
14.1578
10.3564
10.3187
14.1175
14.0713
10.2763
2.79648
6.54892
6.51024
2.76142
-0.899402
-0.929301
-4.70119
-4.67311
-0.959911
-0.991951
-4.758
-4.72925
-8.51194
-8.53632
-12.3376
-12.3187
-8.46235
-8.48752
-12.299
-12.2778
-2.03484
-5.81363
-8.12935
-4.33816
-9.61234
-13.4417
-15.8054
-11.9482
-14.2983
-18.188
-20.5914
-16.6645
-6.64636
-10.4547
-12.7913
-8.96116
1.02434
-1.27415
1.07454
3.37192
-3.57335
-5.87498
-3.51311
-1.2199
1.12931
-1.15803
1.19168
3.47568
5.72035
3.42153
5.76823
8.07102
4.04976
6.40078
10.172
7.81021
8.75563
11.1157
14.9187
12.541
16.3623
18.7649
22.666
20.2312
11.5919
13.9718
17.8118
15.4066
18.0368
21.9334
21.8951
18.0002
25.8944
29.9315
29.8897
25.8544
25.8056
29.8379
29.7755
25.7475
17.9572
21.8493
21.7952
17.9071
17.8492
21.7321
21.6593
17.7827
25.6791
29.7018
29.616
25.5999
25.509
29.5175
29.4054
25.4059
17.707
21.5761
21.4817
17.6214
2.72327
6.46729
6.41935
2.68131
10.2285
14.0185
13.9583
10.1745
10.1135
13.8901
13.813
10.045
2.6348
6.36569
6.30559
2.58304
-1.02613
-1.06318
-4.82046
-4.78817
-1.10381
-1.14875
-4.89433
-4.85561
-8.61642
-8.64784
-12.42
-12.3969
-8.56138
-8.58784
-12.376
-12.3565
-16.1842
-16.1957
-20.0577
-20.0552
-16.2079
-16.2215
-20.063
-20.06
-23.964
-23.9553
-27.9091
-27.9305
-23.9803
-23.9725
-27.9511
-27.9701
-16.1303
-16.1464
-20.0403
-20.0304
-16.1602
-16.1726
-20.052
-20.0473
-23.9905
-23.9865
-27.9869
-28.0007
-23.9888
-23.9915
-28.0108
-28.0164
-17.3124
-21.2352
-23.6776
-19.7116
-25.2207
-29.2797
-31.8318
-27.7141
-30.2405
-34.4216
-37.0509
-32.8018
-22.1345
-26.1484
-28.6494
-24.5828
-27.0582
-31.1821
-33.7484
-29.5624
-35.3996
-39.7215
-42.435
-38.0356
-40.7116
-45.1931
-47.9975
-43.4291
-32.097
-36.3498
-38.9881
-34.6639
-11.2843
-15.1409
-17.5052
-13.6173
-19.0483
-23.0172
-25.467
-21.4515
-23.8758
-27.9426
-30.4457
-26.3229
-15.9621
-19.8859
-22.2846
-18.3203
-8.18072
-10.4923
-8.1026
-5.80678
-12.8113
-15.1396
-12.7075
-10.4023
-8.00766
-10.2924
-7.89283
-5.62604
-3.44217
-5.72481
-3.35749
-1.08548
1.2647
-0.999214
1.35142
3.60978
-3.25602
-5.50741
-3.13471
-0.896179
1.45488
-0.773341
1.57812
3.79857
5.95118
3.69582
6.0354
8.29029
10.4254
8.11605
10.4664
12.7848
5.82063
3.53742
5.88061
8.16558
10.5119
8.22265
10.565
12.8611
15.1507
12.8207
15.1804
17.5245
13.4824
15.8572
19.7056
17.3064
18.2414
20.6366
24.544
22.1176
26.0591
28.524
32.5884
30.0775
21.1809
23.6119
27.5878
25.1178
29.1286
31.6451
35.7955
33.2253
34.1847
36.7488
41.0169
38.3922
42.7119
45.4045
49.9234
47.1555
37.4194
40.0507
44.4224
41.7226
19.2659
21.7039
25.6598
23.1816
24.1595
26.6339
30.6802
28.1588
32.241
34.8166
39.0549
36.4176
27.1655
29.6911
33.8096
31.2292
1.93753
2.86772
1.92247
0.992495
3.81332
4.7444
3.79818
4.72903
3.78273
2.85251
1.90725
0.97744
5.69131
6.62401
5.67607
7.57297
8.508
7.55762
8.49227
7.54166
6.60846
5.66038
6.59233
5.64413
4.71323
8.47581
7.52502
8.45854
7.50758
6.57554
5.62725
4.69691
2.83702
1.89177
0.962251
3.76687
3.75053
2.82116
1.87595
0.946836
9.45975
10.3978
9.44428
11.3531
12.295
11.3375
12.2789
11.321
10.3819
9.42806
13.2545
14.201
13.2388
15.1655
16.1172
15.1496
16.1006
15.1325
14.1846
13.222
14.1671
13.2041
12.2617
16.0826
15.1141
16.0633
15.0944
14.1483
13.1849
12.2434
10.3651
9.411
11.3035
11.285
10.3473
9.393
10.3285
9.37399
8.44036
12.224
11.2652
12.2032
11.2442
10.3086
9.35386
8.42119
14.1281
13.1645
16.0425
15.0732
16.0201
15.0504
14.1066
13.1426
14.0835
13.1192
12.1811
15.9961
15.026
15.9703
14.9999
14.0588
13.0943
12.1575
10.2874
9.33253
8.40094
11.2219
11.1981
10.2649
9.30992
8.37952
2.80484
1.8597
0.931108
4.67998
3.7336
4.66235
3.71601
2.78796
1.84293
0.914975
6.558
5.60964
7.48928
7.47001
6.53961
5.59121
6.52028
5.57188
4.64394
7.44968
7.42821
6.49993
5.55155
4.62465
2.77045
1.82554
0.898349
3.69765
3.67845
2.7522
1.80745
0.881139
0.0428555
-0.891954
0.0578389
0.02783
-0.906849
-1.85671
-2.79227
-1.84196
-2.77767
-1.82716
0.0126709
-0.921787
-0.00271175
-0.936859
-1.88643
-2.82142
-1.87151
-2.80682
-3.75728
-4.6942
-3.74299
-3.77162
-4.70818
-5.65961
-6.59848
-5.646
-6.58526
-5.63234
-3.72865
-4.666
-3.71416
-4.68017
-6.57189
-5.61855
-6.55828
-5.60452
-0.0184079
-0.952153
-0.0345072
-0.967759
-1.91704
-2.85109
-1.90158
-2.83614
-0.0510996
-0.983768
-0.0682748
-1.00027
-1.94925
-2.882
-1.9329
-2.86634
-3.81576
-4.75071
-3.80076
-3.83115
-4.76538
-5.71531
-6.65177
-5.70101
-6.63821
-5.68702
-3.78608
-4.7222
-4.73634
-6.62487
-5.67325
-6.61166
-7.56443
-8.50587
-7.55174
-7.57715
-8.51801
-9.47249
-10.4171
-9.46095
-10.4062
-9.44936
-7.59
-8.53019
-7.60307
-8.54249
-9.49577
-10.4389
-9.48407
-10.428
-11.3846
-12.3329
-11.3744
-11.3948
-12.3423
-13.3013
-14.2541
-13.2928
-14.2464
-13.2842
-11.3642
-12.3139
-11.3538
-12.3235
-14.2385
-13.2754
-14.2304
-13.2664
-7.513
-8.45585
-7.49956
-7.52612
-8.46875
-9.42564
-10.3721
-9.41334
-10.3601
-9.40062
-7.539
-8.48133
-8.49367
-10.3951
-9.43762
-10.3838
-11.3432
-12.2939
-11.3323
-12.304
-14.2219
-13.2571
-14.213
-13.2473
-11.3209
-12.2722
-11.3091
-12.2833
-14.2037
-13.2371
-14.1937
-13.2262
-1.45958
-1.092
0.425227
-3.34621
-2.97826
-4.49897
-4.13045
-2.61031
-2.24235
-0.724427
-5.236
-4.86749
-7.13029
-6.76102
-8.29
-7.9198
-6.39175
-6.02249
-7.54959
-7.17938
-5.65322
-9.45239
-9.08105
-10.6176
-10.245
-8.70972
-8.33838
-6.80917
-3.76193
-3.39342
-1.8744
-5.28395
-6.43897
-4.91468
-4.54541
-3.0249
-9.03042
-8.66021
-10.9377
-10.5664
-12.1082
-11.7356
-10.1951
-9.82372
-12.8535
-12.4809
-14.7792
-14.4051
-15.9644
-15.5886
-14.0309
-13.6568
-15.2127
-14.8369
-13.2826
-17.1546
-16.7769
-18.3501
-17.9703
-16.3992
-16.0215
-14.461
-11.3629
-10.9903
-12.9085
-14.0852
-12.5343
-12.1602
-13.7094
-13.3335
-11.786
-15.6437
-15.266
-16.8309
-16.4511
-14.8883
-14.5106
-12.9577
-17.5905
-17.2107
-19.5509
-19.1689
-20.7575
-20.373
-18.7869
-18.4048
-19.9885
-19.604
-18.0228
-21.9699
-21.5828
-23.1884
-22.7985
-21.1957
-20.8086
-19.2196
-16.0713
-15.6915
-14.1329
-17.6407
-18.8351
-17.2587
-16.8767
-15.3118
-6.06876
-5.69855
-4.17615
-7.96705
-7.59571
-9.12705
-8.7544
-7.22438
-6.85304
-5.32834
-9.87235
-9.4997
-11.4119
-12.5818
-11.0377
-10.6636
-12.206
-11.8301
-10.2894
-13.7551
-14.932
-13.3774
-12.9997
-11.4543
-8.38175
-8.0091
-6.48171
-9.91525
-11.0785
-9.54109
-9.16694
-7.63645
0.437412
1.59905
1.58691
-0.712072
0.449693
0.462117
1.62351
1.61123
2.77289
2.76082
-1.86175
-0.699525
-3.01184
-1.84882
-1.83555
-0.673667
-0.686739
0.474731
0.487584
1.64855
1.63593
-0.660261
0.500722
0.514193
1.67453
1.66139
2.82209
2.80956
2.785
3.94692
3.935
2.79721
3.97096
3.95889
5.12133
5.10962
-4.16255
-2.99839
-5.31409
-4.14847
-4.13386
-2.97016
-2.98452
-1.82189
-6.46667
-5.29925
-7.62051
-6.45096
-6.43453
-5.26767
-5.2838
-4.11868
-4.10288
-2.93983
-2.95528
-5.25083
-4.08642
-4.06923
-2.90702
-2.92376
-1.76251
-1.77817
-1.80781
-0.646474
-1.79325
-0.617565
-0.632258
0.528044
0.542324
1.70184
1.68799
-0.602349
0.55708
0.572359
1.73086
1.71611
2.87508
2.86131
-1.74624
-0.58656
-2.88956
-1.7293
-1.71164
-0.553079
-0.570153
0.588208
0.604677
1.76197
1.74613
-0.535291
0.621811
0.639658
1.79555
1.77843
2.93489
2.91913
2.88927
4.04795
4.03433
2.90394
4.07652
4.062
5.22062
5.20722
5.13308
6.29628
6.28485
3.98316
5.14493
5.15692
6.31931
6.30775
7.47195
7.46088
2.83487
3.99555
2.84792
4.02109
4.00818
5.16909
5.18151
6.3429
6.33101
5.1942
6.36743
6.35502
7.51715
7.50562
7.48306
8.64852
8.63787
7.49427
8.66999
8.65921
9.82617
9.81601
3.1116
3.46244
4.28605
4.63724
6.16454
6.51649
4.98852
5.33989
5.46108
5.81273
6.63684
6.98908
8.51972
8.87322
7.34154
7.69421
9.22696
9.58091
8.04705
10.4085
10.7635
12.3045
12.6614
11.1188
11.4743
9.93506
6.86856
7.22073
8.40005
10.2894
8.75318
9.10642
7.81353
8.16648
8.9913
9.3451
10.8803
11.2358
9.69924
10.0537
10.1704
10.5251
11.3509
11.7067
13.2476
13.6057
12.063
12.4198
13.9643
14.3234
12.777
15.154
15.5146
17.0713
17.4347
15.8757
16.2373
14.6828
11.5917
11.948
13.1345
15.0427
13.4925
13.8508
15.4029
15.7636
14.2094
16.5993
16.9617
18.5279
18.8932
17.3246
17.6878
16.1245
17.7986
18.163
19.0011
19.3676
20.9448
21.3146
19.7345
20.102
21.6849
22.0558
20.47
22.9039
23.2773
24.8799
25.2572
23.6513
24.0258
22.4271
19.2589
19.625
18.0514
20.8384
22.799
21.2072
21.5765
19.9914
10.6438
10.9984
11.83
12.1859
13.7334
14.0912
12.542
12.8982
13.0185
13.3759
14.5683
16.4858
14.9275
15.287
16.8474
17.2093
15.6467
18.4153
20.3583
18.7795
19.144
17.5714
14.4492
14.8073
16.0066
17.9337
16.3667
16.727
17.0874
18.0451
17.0714
19.0218
19.9862
19.0056
19.9691
18.9878
18.0282
17.054
20.9701
21.9419
20.9537
22.9338
23.9137
22.9172
23.8961
22.8988
21.9245
20.9356
21.9054
20.9158
19.9503
23.8765
22.8785
23.855
22.8562
21.8844
20.8942
19.9299
18.0099
17.0351
18.9685
18.9476
17.9901
17.0148
24.9143
25.9031
24.8975
26.9132
27.9116
26.8961
27.8933
26.8769
25.8852
24.8787
28.9318
29.9405
28.9145
30.9716
31.9915
30.9541
31.9726
30.9342
29.922
28.8949
29.9011
28.8731
27.8729
31.9512
30.9118
31.9272
30.8868
29.8777
28.8488
27.8501
25.8652
24.8579
26.8556
26.8321
25.8431
24.835
25.8187
24.8099
23.8313
27.825
26.8061
27.7975
26.7778
25.792
24.7825
23.8055
29.8518
28.8221
31.9006
30.8592
31.8712
30.8289
29.8234
28.7928
29.7922
28.7608
27.7673
31.8389
30.7958
31.8037
30.7598
29.7582
28.726
27.7346
25.7629
24.7527
23.7775
26.7469
26.7134
25.7313
24.7205
23.7471
17.9686
16.9928
19.9077
18.9248
19.8837
18.9002
17.9453
16.9691
21.8615
20.8707
22.8319
22.8055
21.8366
20.8452
21.8095
20.8176
19.8576
22.7768
22.7458
21.7803
20.7878
19.8295
17.9203
16.9437
18.8737
18.8452
17.8933
16.9163
17.8644
16.887
15.9426
19.7993
18.8145
19.7668
18.7817
17.8334
16.8557
15.913
21.7488
20.7558
23.7142
22.7124
23.6789
22.6765
21.7148
20.7214
21.6785
20.6846
19.7321
23.6409
22.638
23.6002
22.5968
21.6395
20.6453
19.6948
17.8002
16.8222
15.8813
18.7465
18.709
17.7647
16.7864
15.8476
25.6972
24.6857
27.6991
26.6772
27.6607
26.6382
25.6603
24.6483
29.7214
28.6884
31.7655
30.7207
31.7242
30.6786
29.6815
28.6479
29.6387
28.6043
27.6195
31.6797
30.6333
31.6318
30.5847
29.5926
28.5576
27.5753
25.6207
24.6081
26.5964
26.5515
25.5783
24.5651
25.5329
24.5192
23.5567
27.5279
26.5036
27.4774
26.4525
25.4844
24.4702
23.5103
29.5434
28.5076
31.5806
30.5328
31.5259
30.4774
29.4908
28.4544
29.4348
28.3978
27.4236
31.4677
30.4185
31.4058
30.356
29.3752
28.3377
27.3665
25.4328
24.4182
23.4609
26.3982
26.3406
25.3781
24.363
23.4085
17.7269
16.7484
15.8116
19.6551
18.669
19.6128
18.6264
17.6866
16.7079
15.7733
21.5979
20.6033
22.5529
22.5061
21.5536
20.5586
21.5064
20.5111
19.5679
22.4563
22.4035
21.4563
20.4608
19.5201
17.6438
16.6649
15.7327
18.5811
18.5332
17.5983
16.6193
15.6896
2.73314
1.78858
0.863257
4.60439
3.65831
4.58308
3.63714
2.71317
1.76882
0.844615
6.47847
5.53014
8.35684
7.40552
8.33281
7.3815
6.4558
5.50755
6.43184
5.4837
4.56062
8.30734
7.35607
8.28033
7.32913
6.4065
5.45849
4.53692
2.6922
1.74809
0.82512
3.61486
3.59136
2.67013
1.7263
0.804681
10.241
9.28592
12.1323
11.1728
12.1055
11.1459
10.2156
9.26046
14.0324
13.0677
14.9719
14.942
14.0042
13.0393
13.9741
13.009
12.077
14.9102
14.8762
13.9421
12.9768
12.0466
10.1886
9.23343
11.1173
11.0868
10.1599
9.20476
10.1295
9.17435
8.25171
12.0144
11.0545
11.9801
11.0202
10.0972
9.1421
8.22137
13.9079
12.9426
14.8401
14.8017
13.8717
12.9063
13.8332
12.8677
11.9437
14.7609
14.7177
13.7923
12.8269
11.9052
10.0629
9.10794
8.18924
10.9839
10.9454
10.0266
9.07177
8.15521
2.64689
1.70336
0.78321
4.51189
3.56657
4.48545
3.54039
2.62238
1.67917
0.760616
6.37968
5.43183
7.3006
7.27039
6.35129
5.40364
6.32126
5.37383
4.4575
7.23841
7.20456
6.28948
5.3423
4.42796
2.59651
1.65366
0.73681
3.51273
3.48351
2.56919
1.62673
0.711701
-0.0861179
-1.01735
-0.104724
-1.0351
-1.98378
-2.91486
-1.96618
-2.89814
-0.124181
-1.05361
-0.144581
-1.07297
-2.02135
-2.95041
-2.00214
-2.93225
-3.88062
-4.81215
-3.86349
-3.8985
-4.82896
-5.77737
-6.70996
-5.76094
-6.69464
-5.74518
-3.84703
-4.78046
-4.79601
-6.67989
-5.73
-6.66563
-0.166013
-1.09328
-0.188567
-1.11461
-2.06268
-2.98935
-2.0415
-2.96941
-0.212332
-1.13707
-0.237399
-1.16074
-2.1085
-3.03241
-2.08499
-3.01032
-3.95761
-4.88428
-3.93691
-3.97943
-4.90465
-5.85154
-6.77881
-5.83155
-6.76028
-5.81258
-3.91724
-4.84652
-4.86493
-6.74269
-5.79455
-6.72595
-7.67479
-8.60904
-7.65929
-7.69104
-8.62398
-9.57362
-10.5101
-9.55928
-10.4971
-9.54561
-7.70813
-8.63968
-7.72616
-8.65622
-9.60463
-10.5382
-9.5887
-10.5238
-11.4746
-12.414
-11.4617
-11.4883
-12.4261
-13.3785
-14.3213
-13.3672
-14.3116
-13.3565
-11.4494
-12.3915
-11.4377
-12.4025
-14.3024
-13.3464
-14.2936
-13.3368
-7.61644
-8.55501
-7.63021
-8.56784
-9.5199
-10.4612
-9.50769
-10.4499
-7.64446
-8.58105
-8.59476
-10.4847
-9.53252
-10.4727
-11.4264
-12.371
-11.4156
-12.3811
-14.2853
-13.3276
-14.2773
-13.3187
-11.4051
-12.3517
-12.3613
-14.2695
-13.3099
-14.2618
-15.2236
-16.1813
-15.2169
-15.2304
-16.1871
-17.1521
-18.1154
-17.1475
-18.1118
-17.1428
-15.2373
-16.1928
-15.2443
-16.1987
-17.1616
-18.1225
-17.1568
-18.119
-19.0876
-20.0571
-19.0853
-19.09
-20.0582
-21.0308
-22.0071
-21.031
-22.0085
-21.0311
-19.0828
-20.0545
-19.0802
-20.0559
-22.0098
-21.031
-22.0108
-21.0307
-15.2517
-16.2048
-15.2595
-16.2111
-17.172
-18.1301
-17.1667
-18.1262
-15.2677
-16.2179
-15.2766
-16.2251
-17.1838
-18.1389
-17.1777
-18.1343
-19.0983
-20.0621
-19.0953
-19.1017
-20.0639
-21.0314
-22.0016
-21.0309
-22.0027
-21.0307
-19.0925
-20.0594
-20.0607
-22.0041
-21.0307
-22.0056
-22.9825
-23.9661
-22.9854
-22.9797
-23.9618
-24.9434
-25.935
-24.9493
-25.9424
-24.9551
-22.9769
-23.9574
-22.9743
-23.9532
-24.9318
-25.9201
-24.9376
-25.9276
-26.9143
-27.9145
-26.9234
-26.9052
-27.9037
-28.8959
-29.9053
-28.9084
-29.9195
-28.9209
-26.9324
-27.9358
-26.9413
-27.9252
-29.9336
-28.9332
-29.9475
-28.9452
-22.9934
-23.982
-22.9955
-22.9909
-23.9785
-24.9662
-25.9633
-24.9713
-25.9695
-24.9759
-22.9883
-23.9746
-23.9704
-25.9497
-24.9608
-25.9566
-26.9499
-27.956
-26.9582
-27.946
-29.961
-28.9569
-29.974
-28.9682
-26.966
-27.9745
-26.9733
-27.9655
-29.9866
-28.9789
-29.9985
-28.9891
-15.1631
-16.1258
-15.1534
-15.1721
-16.1345
-17.1081
-18.0773
-17.1004
-18.0699
-17.0919
-15.1806
-16.1426
-15.1885
-16.15
-17.1214
-18.0897
-17.1151
-18.0838
-19.0619
-20.0381
-19.0565
-19.0666
-20.0423
-21.0252
-22.0091
-21.0223
-22.0068
-21.0186
-19.0503
-20.0273
-19.0432
-20.0332
-22.0036
-21.0141
-21.9994
-21.0086
-15.196
-16.1569
-15.2032
-16.1634
-17.1328
-18.0997
-17.1273
-18.095
-15.2101
-16.1696
-16.1756
-18.108
-17.1379
-18.104
-19.0774
-20.051
-19.0742
-20.0529
-22.0115
-21.03
-22.0118
-21.029
-19.0707
-20.0458
-20.0486
-22.0115
-21.0274
-22.0107
-22.9988
-23.9911
-22.9987
-22.9983
-23.9898
-24.9835
-25.9846
-24.9863
-25.9882
-24.9884
-22.9971
-23.9878
-23.9851
-25.9752
-24.98
-25.9803
-26.98
-27.9906
-26.986
-27.9829
-30.0097
-28.9985
-30.0202
-29.0071
-26.9913
-28.0036
-26.9956
-27.9975
-30.0298
-29.0149
-30.0383
-29.0217
-22.9932
-23.9875
-22.9893
-22.9959
-23.9899
-24.9897
-25.9934
-24.9888
-25.993
-24.9868
-22.9978
-23.9912
-23.9916
-25.991
-24.9895
-25.9927
-26.999
-28.0126
-27.0013
-28.0086
-30.0459
-29.0274
-30.0523
-29.032
-27.0025
-28.0171
-27.0024
-28.0155
-30.0574
-29.0354
-30.0612
-29.0374
-16.7161
-16.3403
-18.6655
-18.2878
-19.8692
-19.4894
-17.9101
-17.5323
-20.6288
-20.249
-22.6073
-22.2252
-23.8334
-23.4489
-21.8432
-21.4612
-23.0644
-22.6799
-21.0791
-25.0668
-24.6797
-26.3078
-25.9179
-24.2926
-23.9055
-22.2954
-19.1096
-18.7298
-20.6971
-21.9109
-20.315
-19.933
-24.6023
-24.2178
-26.6153
-26.2282
-27.8676
-27.4776
-25.841
-25.4539
-28.6474
-28.2575
-30.7002
-30.3072
-31.9825
-31.5864
-29.9143
-29.5213
-31.1903
-30.7941
-29.1284
-33.2746
-32.8751
-34.5767
-34.1736
-32.4756
-32.0761
-30.398
-27.0877
-26.6978
-28.7355
-30.0019
-28.3425
-27.9496
-29.6057
-29.2096
-27.5566
-31.6766
-31.2771
-32.9643
-32.5612
-30.8775
-30.478
-28.8135
-33.7705
-33.3674
-35.8888
-35.482
-37.2114
-36.8006
-35.0751
-34.6683
-36.3898
-35.979
-34.2615
-38.5445
-38.1295
-39.8883
-39.4691
-37.7146
-37.2997
-35.5682
-32.1582
-31.7551
-30.0785
-33.8546
-35.1574
-33.4478
-33.041
-31.352
-21.5264
-21.142
-23.5183
-23.1312
-24.7481
-24.3582
-22.7441
-22.357
-25.528
-25.138
-27.1637
-28.4173
-26.7708
-26.3778
-28.0212
-27.6251
-25.9849
-29.679
-30.9489
-29.2795
-28.88
-27.229
-23.9682
-23.5783
-25.592
-26.8328
-25.199
-24.8061
-26.4367
-26.0406
-24.4132
-28.4805
-28.081
-29.7397
-29.3366
-27.6815
-27.282
-25.6444
-30.5458
-30.1428
-32.6341
-32.2273
-33.9251
-33.5143
-31.8205
-31.4136
-33.1036
-32.6928
-31.0068
-35.2252
-34.8103
-36.5345
-36.1153
-34.3953
-33.9804
-32.282
-28.9335
-28.5304
-26.8824
-30.6
-31.8712
-30.1931
-29.7863
-28.1274
-34.7467
-34.3359
-36.8848
-36.4699
-38.2114
-37.7922
-36.055
-35.6401
-39.0499
-38.6307
-41.2432
-40.8195
-42.6093
-42.1809
-40.3958
-39.972
-41.7525
-41.3241
-39.5483
-43.9869
-43.5536
-45.3761
-44.9377
-43.1203
-42.6869
-40.8956
-37.373
-36.9537
-39.1246
-40.4672
-38.7008
-38.2771
-40.0387
-39.6103
-37.8533
-42.2536
-41.8203
-43.6225
-43.1841
-41.387
-40.9536
-39.1819
-44.4993
-44.0609
-46.7771
-46.3334
-48.1901
-47.741
-45.8898
-45.4461
-47.2919
-46.8428
-45.0025
-49.6155
-49.1607
-51.0533
-50.5927
-48.706
-48.2513
-46.3937
-42.7457
-42.3073
-40.5203
-44.5588
-45.9446
-44.1151
-43.6715
-41.8689
-31.4604
-31.0496
-29.3794
-33.5655
-33.1506
-34.8576
-34.4383
-32.7357
-32.3208
-30.6388
-35.696
-35.2768
-37.4296
-38.7534
-37.0058
-36.5821
-38.325
-37.8965
-36.1583
-40.087
-41.4305
-39.6537
-39.2203
-37.4681
-34.0191
-33.5998
-31.9058
-35.7346
-37.0396
-35.3108
-34.8871
-33.1806
-10.7026
-10.3268
-8.79279
-12.622
-12.2442
-13.7926
-13.4128
-11.8665
-11.4888
-9.95093
-14.5522
-14.1724
-16.4946
-16.1126
-17.6816
-17.2971
-15.7305
-15.3485
-16.9126
-16.5282
-14.9664
-18.873
-18.4859
-20.0689
-19.679
-18.0988
-17.7116
-16.1437
-13.033
-12.6533
-11.1111
-14.5844
-15.7592
-14.2024
-13.8203
-12.2735
-18.4506
-18.0661
-20.4214
-20.0343
-21.6287
-21.2387
-19.6472
-19.2601
-22.4085
-22.0186
-24.0202
-25.2483
-23.6273
-23.2343
-24.8522
-24.456
-22.8414
-26.4829
-27.7243
-26.0834
-25.6839
-24.0599
-20.8488
-20.4589
-22.4485
-23.6638
-22.0555
-21.6626
-23.2677
-22.8715
-21.2697
-25.2844
-24.8849
-26.515
-26.112
-24.4854
-24.0859
-22.4754
-27.3212
-26.9181
-28.9726
-30.2281
-28.5658
-28.1589
-29.8173
-29.4065
-27.7521
-31.4909
-32.7614
-31.076
-30.6611
-28.9957
-25.7089
-25.3058
-23.6864
-27.3452
-28.5849
-26.9384
-26.5316
-24.9027
-15.3747
-14.9903
-13.4383
-17.3245
-16.9374
-18.5092
-18.1193
-16.5503
-16.1632
-14.6058
-19.2891
-18.8991
-20.8767
-22.0793
-20.4838
-20.0909
-21.6832
-21.287
-19.6979
-23.2869
-24.4997
-22.8873
-22.4878
-20.8909
-17.7294
-17.3395
-15.7761
-19.305
-20.4948
-18.9121
-18.5192
-16.9495
-8.77582
-7.6038
-9.93282
-8.75799
-8.73925
-7.56789
-7.58628
-6.41734
-11.0917
-9.91374
-12.2527
-11.0713
-11.0497
-9.87253
-9.89366
-8.71955
-8.69885
-7.52835
-7.5486
-9.85029
-8.6771
-8.65424
-7.48479
-7.5071
-6.33996
-6.36069
-6.39933
-5.23322
-6.38046
-5.19553
-5.2148
-4.05128
-13.416
-12.2308
-14.5818
-13.3925
-13.3676
-12.1833
-12.2076
-11.027
-15.7504
-14.5566
-16.922
-15.7233
-15.6947
-14.5018
-14.5299
-13.3414
-13.3139
-12.1306
-12.1576
-14.4722
-13.2849
-13.2544
-12.0724
-12.1022
-10.9238
-10.9516
-11.0031
-9.82691
-10.978
-9.77651
-9.80233
-8.63024
-8.60504
-7.43683
-7.46139
-9.74939
-8.5786
-8.55087
-7.3841
-7.41109
-6.24653
-6.27156
-10.8947
-9.72094
-12.0411
-10.8641
-10.832
-9.65983
-9.6911
-8.5218
-8.49134
-7.32621
-7.35582
-9.62708
-8.45946
-8.42609
-7.26278
-7.29521
-6.13399
-6.16408
-6.2203
-5.05913
-5.08457
-6.19284
-5.00463
-5.0325
-3.87448
-3.90026
-4.03252
-2.87134
-5.17534
-4.0129
-3.99238
-2.83242
-2.85231
-1.69322
-6.31822
-5.1542
-6.29544
-5.10886
-5.13206
-3.9709
-3.94842
-2.78988
-2.81163
-3.92488
-2.74333
-2.76713
-1.61096
-1.63291
-1.67399
-0.516741
-1.6539
-0.477166
-0.497382
0.658267
0.677686
1.83199
1.81339
-0.456043
0.697962
0.719142
1.87166
1.85139
3.00459
2.98608
-1.58801
-0.433968
-2.71843
-1.56401
-1.53892
-0.386771
-0.410893
0.741272
0.764402
1.91494
1.89282
-0.361554
0.788579
0.813849
1.96221
1.93805
3.0872
3.06517
3.02391
4.17626
4.15789
3.04409
4.21545
4.19542
5.34716
5.32902
-3.84751
-2.69239
-4.97547
-3.81931
-3.78981
-2.63669
-2.66516
-1.51269
-6.10252
-4.94498
-7.22886
-6.06961
-6.03523
-4.87979
-4.9131
-3.75898
-3.72677
-2.57584
-2.60693
-4.845
-3.69313
-3.65801
-2.50946
-2.54336
-1.39536
-1.42665
-1.48526
-0.335195
-1.4566
-0.27886
-0.307646
0.840261
0.867862
2.01386
1.98746
-0.248789
0.896699
0.926821
2.07026
2.04144
3.18577
3.15947
-1.3627
-0.217385
-2.47408
-1.32861
-1.29304
-0.15039
-0.184601
0.958275
0.991108
2.13179
2.10036
-0.114703
1.02537
1.0611
2.19884
2.1646
3.30334
3.272
3.21326
4.35618
4.33003
3.24199
4.41208
4.38351
5.52525
5.49934
5.3661
6.51747
6.49963
4.23637
5.3859
5.40659
6.55562
6.53612
7.68737
7.6699
3.11023
4.25824
3.1343
4.30503
4.28111
5.42824
5.45088
6.59736
6.57602
5.47456
6.64309
6.6197
7.76579
7.74481
7.70565
8.85704
8.84
7.72478
8.89357
8.87488
10.0266
10.0101
9.83636
11.0051
10.9955
8.68091
9.84664
9.85706
11.0244
11.0147
12.1854
12.1764
7.52891
8.69201
6.38017
7.54096
7.55334
8.71497
8.70335
9.86767
9.8785
11.0443
11.0343
8.72691
9.88962
9.90107
11.0651
11.0546
12.2221
12.2127
12.1944
13.3673
13.3591
12.2035
13.384
13.3756
14.551
14.5436
5.23445
6.39328
4.09156
5.24875
5.26357
6.42083
6.40682
7.56609
2.95127
4.10717
2.96832
4.14029
4.1234
5.27897
5.29497
6.45046
6.43536
5.31164
6.48254
6.46617
7.62182
7.60708
7.57927
8.73923
7.59292
8.7652
8.75198
9.91289
9.92513
11.0872
11.076
8.77893
9.93784
9.95107
11.111
11.0989
12.2624
12.2518
7.63717
8.79323
7.65318
8.82372
8.80814
9.96487
9.97927
11.1369
11.1237
9.99434
11.1652
11.1507
12.3095
12.2969
12.2734
13.4387
13.4288
12.2849
13.4597
13.449
14.6161
14.607
14.5585
15.7367
15.7301
13.3925
14.5661
14.5738
15.7501
15.7433
16.9245
16.9188
12.2317
13.4011
12.2416
13.4192
13.4101
14.5817
14.5899
15.764
15.7569
14.5983
15.7788
15.7713
16.9481
16.942
16.9302
18.1146
18.1099
16.936
18.1242
18.1193
19.3072
19.3036
12.533
12.89
13.7169
14.0753
15.6232
15.9844
14.4343
14.7939
14.9028
15.2627
16.0908
16.4523
18.0084
18.3731
16.8145
17.1774
18.7385
19.1046
17.5409
19.9391
20.3073
21.8845
22.2565
20.6763
21.0459
19.4714
16.3461
16.7084
17.905
19.8388
18.2698
18.6352
17.2812
17.6444
18.4741
18.8392
20.4046
20.7733
19.205
19.5717
19.6697
20.0367
20.8681
21.2372
22.8132
23.1865
21.6073
21.9782
23.5608
23.936
22.3501
24.7752
25.153
26.7555
27.1381
25.5317
25.9114
24.3121
21.1429
21.5133
22.7228
24.6891
23.0964
23.4708
25.067
25.4457
23.8461
26.2921
26.6736
28.2915
28.6778
27.056
27.4393
25.8252
27.5216
27.9061
28.7556
29.1432
30.777
31.1699
29.5318
29.9213
31.5638
31.9586
30.3118
32.8211
33.2196
34.8894
35.2937
33.619
34.0195
32.3544
29.0651
29.4532
27.8234
30.7032
32.7512
31.0955
31.4888
29.8421
20.2069
20.5756
21.4162
21.7872
23.3768
23.7516
22.1588
22.5311
22.6292
23.0026
24.2221
26.2055
24.5989
24.9764
26.5866
26.9685
25.3546
28.2083
30.2319
28.594
28.9805
27.3511
24.1271
24.5032
25.7335
27.7344
26.1131
26.4933
28.1183
28.503
26.8742
29.3677
29.7557
31.406
31.7989
30.1443
30.5336
28.8883
30.6225
31.0139
31.8828
32.2778
33.947
34.3473
32.6735
33.07
34.7485
35.1505
33.4674
36.0361
36.4421
38.1516
38.5636
36.849
37.2567
35.5533
32.1924
32.5867
30.9236
33.8654
35.9568
34.2642
34.6637
32.9816
33.1489
33.5475
34.4209
34.8233
36.5127
36.921
35.2267
35.6309
35.699
36.1054
36.9834
37.3938
39.1045
39.5213
37.8053
38.2177
39.9391
40.3581
38.6312
41.2542
41.6776
43.4339
43.8643
42.1022
42.5278
40.778
37.3303
37.7405
39.0457
41.1989
39.4612
39.8776
41.6208
42.0437
40.2949
42.9544
43.3821
45.162
45.5967
43.8107
44.2404
42.4675
44.2958
44.7284
45.6452
46.0828
47.8894
48.3345
46.5215
46.9613
48.7807
49.2281
47.4022
50.1681
50.6209
52.4827
52.9436
51.0749
51.5301
49.6765
46.0323
46.469
44.671
47.8441
50.126
48.2871
48.7311
46.9066
36.3611
36.7661
35.0639
37.6652
38.0745
39.8046
40.2199
38.4845
38.8953
37.1717
38.9764
39.3901
40.7131
42.8923
41.1322
41.5522
43.3179
43.7444
41.9729
45.1025
47.3452
45.5349
45.9682
44.1717
40.636
41.0528
39.3067
42.3945
44.5999
42.8169
43.24
41.4703
18.2962
18.6589
19.5088
19.8738
21.4606
21.8286
20.2391
20.6045
20.7254
21.0928
21.9461
22.3161
23.917
24.2904
22.6865
23.0571
24.6642
25.0383
23.4281
25.9054
26.2825
27.9128
28.294
26.6601
27.038
25.4128
22.1968
22.5652
23.7993
25.7875
24.1708
24.5424
23.1712
23.5439
24.4008
24.7763
26.3924
26.7718
25.1522
25.5286
25.635
26.0135
27.2556
29.2741
27.6377
28.0203
29.6606
30.0477
28.4034
31.3142
33.3772
31.7054
32.0972
30.4353
27.1517
27.532
28.787
30.8234
29.1712
29.5557
31.212
31.6012
29.9408
32.4895
32.8824
34.5676
34.9655
33.2758
33.6697
31.9907
33.7734
34.1702
35.4647
37.5781
35.8662
36.2683
37.9851
38.3928
36.6709
39.7189
41.8885
40.1317
40.5452
38.801
35.364
35.7629
34.0641
37.0742
39.2098
37.478
37.8823
36.1624
26.1625
26.5377
27.4162
27.7947
29.4397
29.8223
28.1735
28.5525
28.6755
29.0575
30.3262
32.3807
30.7121
31.0983
32.7711
33.1619
31.4849
34.4589
36.5623
34.8542
35.2498
33.5531
30.2051
30.5883
31.8718
33.9446
32.259
32.6465
1.93002
3.80579
3.7905
1.91489
5.68375
7.56536
7.54972
5.66829
5.65233
7.53343
7.5164
5.63577
1.89955
3.77485
3.75876
1.88391
9.4521
11.3454
11.3294
9.43627
13.2468
15.1577
15.1412
13.2305
13.2132
15.1235
15.1044
13.1947
9.41964
11.3124
11.2944
9.40212
9.38363
11.2752
11.2549
9.36407
13.1749
15.084
15.062
13.1537
13.1311
15.0384
15.0132
13.107
9.34335
11.2332
11.2102
9.32139
1.86789
3.74214
3.72489
1.85139
5.61854
7.49855
7.47977
5.60053
5.58166
7.45998
7.4391
5.56184
1.83432
3.70693
3.68816
1.81659
0.050346
0.0353538
-1.84934
-1.83457
0.0202728
0.00501314
-1.87895
-1.8641
-3.75014
-3.76444
-5.6528
-5.63919
-3.72143
-3.73583
-5.62547
-5.61157
-0.010515
-0.0264015
-1.90926
-1.89397
-0.0427361
-0.0596087
-1.94101
-1.92491
-3.80822
-3.8234
-5.70812
-5.69398
-3.77883
-3.79339
-5.68011
-5.66642
-7.55809
-7.57078
-9.46673
-9.45517
-7.58356
-7.59651
-9.4899
-9.47827
-11.3795
-11.3896
-13.2971
-13.2885
-11.359
-11.3693
-13.2798
-13.2709
-7.50632
-7.51959
-9.41954
-9.40704
-7.53258
-7.54538
-9.44351
-9.43166
-11.3378
-11.3485
-13.2618
-13.2522
-11.3151
-11.3266
-13.2423
-13.2317
-0.517034
-2.40259
-3.55421
-1.6671
-4.29063
-6.1825
-7.34011
-5.44476
-6.60068
-8.5001
-9.66268
-7.75861
-2.81778
-4.70702
-5.86126
-3.96929
-8.07954
-9.98309
-11.1505
-9.2416
-11.8945
-13.8151
-14.9962
-13.0683
-14.2463
-16.1821
-17.3729
-15.4286
-10.4066
-12.3216
-13.4963
-11.5748
-12.7464
-14.6751
-15.858
-13.9216
-16.6155
-18.5689
-19.7703
-17.8071
-19.0038
-20.9772
-22.1899
-20.2056
-15.1006
-17.0454
-18.2373
-16.2836
-5.12183
-7.01711
-8.1748
-6.27562
-8.91874
-10.8281
-11.9964
-10.0813
-11.2465
-13.168
-14.3431
-12.4145
-7.43086
-9.33454
-10.4965
-8.58779
1.01215
-0.137319
1.03663
2.18596
-1.28687
-2.43673
-1.26114
-0.11233
1.06168
-0.0863886
1.08769
2.23534
3.35987
2.21037
3.38406
4.53407
-3.5871
-4.7382
-3.55913
-2.41
-5.89023
-7.04342
-5.85905
-4.70874
-3.52905
-4.6768
-3.49649
-2.35099
-1.23406
-2.38154
-1.20527
-0.0591131
1.11502
-0.0301233
1.14407
2.28852
-1.17438
-2.31796
-1.14101
0.000961179
1.1752
0.0345208
1.20881
2.34852
3.46155
2.31748
3.49028
4.6343
5.70872
4.5579
5.73206
6.88401
3.40882
2.26126
3.43452
4.5823
5.75595
4.60764
5.78079
6.92996
8.06011
6.90671
8.08202
9.2372
2.52453
3.69877
5.57642
4.40083
4.87348
6.04886
7.93048
6.75291
8.63682
9.8175
11.7114
10.5267
6.27979
7.45764
9.3439
8.16288
7.22506
8.40227
10.2896
9.1093
9.58066
10.7604
12.6551
11.4714
13.3704
14.5588
16.4731
15.2789
10.9999
12.1841
14.0873
12.8982
14.8058
16.0008
17.9258
16.7242
17.1986
18.3994
20.3392
19.1308
21.077
22.2939
24.265
23.0387
18.6547
19.864
21.8167
20.5988
10.0515
11.2367
13.1374
11.9473
12.424
13.6136
15.5257
14.3301
16.2467
17.449
19.385
18.175
13.8515
15.0476
16.9686
15.7657
17.0796
19.0139
18.9969
17.0628
20.9621
22.9257
22.9082
20.9449
20.9259
22.8888
22.8676
20.9053
17.0447
18.9784
18.9583
17.0251
24.9061
26.9049
26.8868
24.8883
28.9234
30.9632
30.9444
28.905
28.8843
30.9233
30.8996
28.8613
24.8686
26.8666
26.8441
24.8467
24.8227
26.8194
26.7923
24.7965
28.8358
30.8734
30.8444
28.8078
28.7771
30.8127
30.7781
28.7437
24.7679
26.7627
26.7305
24.7369
17.004
18.9364
18.9128
16.9812
20.8827
22.8443
22.819
20.8582
20.8317
22.7914
22.7616
20.803
16.9566
18.8872
18.8597
16.9303
16.9019
18.8301
18.7984
16.8716
20.7721
22.7294
22.6948
20.7389
20.7034
22.6576
22.6178
20.6653
16.8392
18.7644
18.728
16.8046
24.7034
26.6957
26.6581
24.6673
28.7076
30.7406
30.7001
28.6685
28.6264
30.6563
30.6094
28.5813
24.6285
26.6177
26.5743
24.5869
24.5425
26.5279
26.4785
24.4951
28.533
30.5592
30.5055
28.4815
28.4266
30.4484
30.3877
28.3682
24.4446
26.4258
26.3698
24.391
16.7677
18.6893
18.648
16.7284
20.6246
22.5752
22.5298
20.5813
20.5352
22.4816
22.4303
20.4863
16.6867
18.6041
18.5575
16.6424
1.79812
3.6685
3.64786
1.77881
5.54098
7.41703
7.39368
5.519
5.49579
7.36896
7.34279
5.47127
1.75858
3.62615
3.60327
1.73733
9.2981
11.1857
11.1596
9.27338
13.0812
14.9861
14.9572
13.0537
13.0244
14.9264
14.8935
12.9932
9.24715
11.1318
11.1023
9.21931
9.18978
11.0709
11.0376
9.15846
12.96
14.8584
14.8212
12.9247
12.8873
14.7816
14.7396
12.8476
9.12527
11.0023
10.9649
9.09011
1.71498
3.57914
3.55366
1.69143
5.44535
7.31507
7.28571
5.41794
5.38894
7.25463
7.22172
5.35828
1.66659
3.52675
3.49832
1.64038
-0.0771067
-0.0953198
-1.97489
-1.95764
-0.11434
-0.134258
-2.01163
-1.99286
-3.87196
-3.88946
-5.76907
-5.75299
-3.83902
-3.85518
-5.73753
-5.7226
-0.155163
-0.177144
-2.05196
-2.0313
-0.200292
-0.224697
-2.09658
-2.07369
-3.94713
-3.96837
-5.84141
-5.82194
-3.90776
-3.92695
-5.80345
-5.78586
-7.66695
-7.68281
-9.56636
-9.55237
-7.69947
-7.71702
-9.59656
-9.58106
-11.468
-11.4814
-13.3728
-13.3618
-11.4435
-11.4554
-13.3514
-13.3416
-7.60971
-7.62327
-9.51375
-9.5017
-7.63727
-7.6518
-9.539
-9.52616
-11.421
-11.432
-13.3321
-13.3231
-11.3999
-11.4103
-13.3143
-13.3056
-15.2203
-15.227
-17.1498
-17.1451
-15.2338
-15.2408
-17.1592
-17.1545
-19.0864
-19.0888
-21.0309
-21.031
-19.0816
-19.0841
-21.0311
-21.0309
-15.248
-15.2556
-17.1693
-17.1641
-15.2636
-15.2721
-17.1807
-17.1748
-19.0967
-19.0999
-21.0311
-21.0308
-19.0913
-19.0939
-21.0307
-21.0308
-22.984
-22.9811
-24.9464
-24.9522
-22.9782
-22.9756
-24.9347
-24.9405
-26.9189
-26.9098
-28.9022
-28.9147
-26.9369
-26.9279
-28.9271
-28.9392
-22.9945
-22.9922
-24.9688
-24.9736
-22.9896
-22.9869
-24.958
-24.9635
-26.9541
-26.9456
-28.9511
-28.9626
-26.9697
-26.9621
-28.9736
-28.9841
-15.1583
-15.1677
-17.1043
-17.0963
-15.1764
-15.1846
-17.1183
-17.1116
-19.0592
-19.0643
-21.0238
-21.0206
-19.0469
-19.0535
-21.0165
-21.0115
-15.1923
-15.1996
-17.1301
-17.1244
-15.2067
-15.2135
-17.1403
-17.1354
-19.0759
-19.0789
-21.0304
-21.0296
-19.0687
-19.0725
-21.0282
-21.0264
-22.9989
-22.9986
-24.985
-24.9875
-22.9978
-22.9964
-24.978
-24.9819
-26.9831
-26.9767
-28.9939
-29.0029
-26.9935
-26.9888
-29.0111
-29.0184
-22.9914
-22.9947
-24.9894
-24.988
-22.997
-22.9983
-24.9891
-24.9897
-27.0003
-26.9974
-29.0247
-29.0299
-27.0026
-27.002
-29.0339
-29.0365
-15.7462
-17.6892
-18.8879
-16.9356
-19.6453
-21.6161
-22.8362
-20.8543
-22.0697
-24.0634
-25.2978
-23.2918
-18.1304
-20.0925
-21.3032
-19.3307
-23.6027
-25.6065
-26.8519
-24.8349
-27.6289
-29.6712
-30.9456
-28.8883
-30.1566
-32.2296
-33.5231
-31.434
-26.0749
-28.1055
-29.3676
-27.3227
-28.5786
-30.6383
-31.918
-29.8428
-32.7206
-34.8265
-36.14
-34.0166
-35.3224
-37.4637
-38.798
-36.6381
-31.1155
-33.2068
-34.5048
-32.3969
-20.5367
-22.5203
-23.7439
-21.7487
-24.5208
-26.5398
-27.7895
-25.757
-27.0005
-29.0472
-30.3129
-28.2516
-22.9669
-24.9742
-26.2115
-24.1914
-25.4225
-27.456
-28.7078
-26.6604
-29.5104
-31.587
-32.8697
-30.7772
-32.0522
-34.1612
-35.4616
-33.3355
-27.9053
-29.9673
-31.2346
-29.1574
-33.6873
-35.8125
-37.1298
-34.9868
-37.9639
-40.1429
-41.4988
-39.3
-40.6467
-42.8658
-44.2442
-42.0041
-36.2957
-38.4571
-39.7946
-37.6142
-38.9424
-41.1424
-42.5008
-40.2807
-43.3725
-45.6341
-47.0357
-44.7521
-46.143
-48.4494
-49.8752
-47.5456
-41.6292
-43.8701
-45.2503
-42.9881
-30.417
-32.5099
-33.7934
-31.6842
-34.6275
-36.7713
-38.0903
-35.9283
-37.2382
-39.419
-40.7575
-38.5573
-32.9593
-35.0854
-36.386
-34.2424
-9.7466
-11.661
-12.8282
-10.9075
-13.5856
-15.5218
-16.7043
-14.76
-15.9379
-17.891
-19.0819
-17.1194
-12.0707
-13.9982
-15.1714
-13.2365
-17.4708
-19.4341
-20.6359
-18.6625
-21.4129
-23.4086
-24.6335
-22.6257
-23.8444
-25.8648
-27.1027
-25.0692
-19.8589
-21.8429
-23.0554
-21.0601
-22.2664
-24.2736
-25.4977
-23.478
-26.3002
-28.3476
-29.5994
-27.5377
-28.7818
-30.8586
-32.1252
-30.0329
-24.6951
-26.7278
-27.9643
-25.918
-14.4049
-16.3479
-17.5279
-15.5763
-18.3049
-20.2773
-21.4774
-19.4945
-20.6884
-22.6824
-23.8926
-21.8868
-16.7509
-18.7117
-19.8994
-17.9289
-8.19797
-9.3541
-8.1626
-7.01026
-10.512
-11.6719
-10.4715
-9.31626
-8.12359
-9.27441
-8.08056
-6.93382
-5.825
-6.97386
-5.7877
-4.64199
-12.834
-13.9986
-12.7874
-11.6284
-15.1658
-16.3358
-15.112
-13.9485
-12.7355
-13.8928
-12.6781
-11.5267
-10.4265
-11.5802
-10.3768
-9.22815
-8.03314
-9.17712
-7.98093
-6.8413
-10.3219
-11.4677
-10.2615
-9.12091
-7.92357
-9.05917
-7.86067
-6.72969
-5.65248
-6.78808
-5.59836
-4.46648
-3.46107
-4.60394
-3.42241
-2.28206
-5.74676
-6.88976
-5.70182
-4.56225
-3.38011
-4.51656
-3.33381
-2.20017
-1.10478
-2.24293
-1.06532
0.0709352
1.24528
0.110588
1.28498
2.41842
-1.02223
-2.1534
-0.975145
0.15386
1.32829
0.201129
1.3756
2.50123
3.59053
2.45802
3.62989
4.76179
-3.28313
-4.41162
-3.22767
-2.10225
-5.5391
-6.66577
-5.47429
-4.35161
-3.16707
-4.28607
-3.10093
-1.98528
-0.923676
-2.04634
-0.867445
0.252776
1.42728
0.309181
1.48372
2.60001
-0.806074
-1.91869
-0.73918
0.370724
1.54529
0.437785
1.61238
2.7178
3.77115
2.65634
3.82723
4.94087
5.93238
4.80077
5.97084
7.10246
3.67286
2.54844
3.71982
4.84336
6.0129
4.88993
6.05894
7.18165
8.27222
7.14026
8.30921
9.44184
10.4154
9.25819
10.4354
11.595
8.10449
6.95415
8.12789
9.27973
10.4558
9.3022
10.4772
11.633
12.7761
11.6138
12.7935
13.9589
5.80694
4.66267
5.8348
6.97965
3.5211
2.38205
3.55439
4.69312
5.86474
4.72603
5.89714
7.03614
8.15261
7.00686
8.17902
9.32599
10.5
9.35146
10.5244
11.6747
8.20751
7.06788
8.23845
9.37901
10.5508
9.40901
10.5797
11.7231
12.8504
11.6979
12.8722
14.0272
15.1436
13.9748
15.1579
16.3303
12.8114
11.6532
12.8303
13.9912
15.1726
14.0086
15.1883
16.3558
17.5193
16.3428
17.5298
18.7106
11.9417
13.1247
15.0285
13.8407
14.3096
15.4965
17.4111
16.2185
18.1393
19.3384
21.28
20.0734
15.7497
16.9432
18.8702
17.6702
16.6857
17.8773
19.8044
18.6063
19.0715
20.2685
22.2098
21.0055
22.955
24.1675
26.1431
24.9214
20.5406
21.7461
23.7038
22.49
24.456
25.679
27.6732
26.44
26.9063
28.138
30.1538
28.911
30.9371
32.1918
34.2535
32.986
28.4436
29.6878
31.7243
30.4682
19.6036
20.8111
22.7673
21.5513
22.0222
23.2371
25.2115
23.9873
25.97
27.2044
29.2174
27.9719
23.515
24.7403
26.7315
25.4959
27.4956
28.7424
30.7744
29.5156
29.9944
31.252
33.3095
32.039
34.1071
35.3915
37.4994
36.2003
31.5573
32.8291
34.9079
33.6221
32.5152
33.7842
35.8689
34.5861
35.0592
36.3404
38.454
37.1582
39.2843
40.5958
42.7671
41.4391
36.6824
37.9799
40.1187
38.8055
40.9569
42.2867
44.4854
43.1381
43.6241
44.9695
47.2044
45.8407
48.0904
49.4733
51.7776
50.3746
45.3506
46.7162
48.9807
47.5958
35.7116
37.0122
39.1436
37.8272
38.3199
39.6347
41.7989
40.4675
42.6444
43.9934
46.2197
44.8522
39.9704
41.3035
43.4933
42.1426
17.6914
18.902
20.8493
19.6299
20.1166
21.3352
23.3011
22.073
24.0455
25.2841
27.2858
26.0358
21.5829
22.8118
24.7911
23.5517
22.5581
23.7854
25.7717
24.534
25.0173
26.254
28.2623
27.0144
29.0313
30.2914
32.3427
31.0696
26.5279
27.7769
29.8025
28.5413
30.5756
31.85
33.9209
32.6325
33.1307
34.4178
36.5181
35.216
37.3271
38.645
40.8
39.4654
34.7132
36.0166
38.1385
36.8192
25.5377
26.7886
28.8058
27.5426
28.0451
29.3074
31.3506
30.0751
32.1272
33.4168
35.5074
34.2027
29.5677
30.8442
32.9052
31.6145
