FiniteElementSpace
FiniteElementCollection: H1_2D_P2
VDim: 1
Ordering: 0

1
14
-6.50186
8.63276
1.41507
24.3852
7.125
13.857
-2.69662
-2.42573
4.84438
4.77125
15.6644
18.9289
1.11014
11.2403
4.01563
7.08912
-2.02912
-5.86264
-0.841525
-0.778531
2.91826
2.87999
7.90022
9.14969
10.4219
13.9502
10.303
-9.95523
-4.57888
-4.42874
-0.666662
-0.481555
3.09163
2.98069
6.6869
6.68508
11.9843
13.4081
19.7668
21.5855
14.8853
16.4042
-3.92028
1.0429
5.93862
10.3794
-7.86976
-2.59789
1.22609
4.79583
9.9117
17.2681
12.607
2.50196
5.55274
7.10977
5.51986
7.06232
-0.509206
-2.96915
-2.36784
0.0800858
-4.88422
-4.25886
-1.76653
0.102526
1.95864
1.93929
-1.7332
0.131076
0.168778
2.00944
1.98101
3.8383
3.8235
4.39611
4.973
6.3152
6.91389
9.53801
10.1861
7.51924
8.12981
8.74414
10.4045
8.70507
12.1699
13.9802
12.1239
13.9094
12.0392
10.3458
8.6367
-6.85726
-6.19584
-3.63351
-8.90185
-8.19236
-5.53443
-3.58146
-1.68762
-5.45583
-3.51103
-3.41918
-1.54757
-1.62676
0.218676
0.283818
2.09667
2.04698
-1.44699
0.367244
0.471997
2.24467
2.16155
3.95763
3.91269
3.85606
5.73035
5.72464
3.87985
5.75357
5.73897
7.64606
7.65399
8.27052
8.89902
10.2733
10.9397
13.7775
14.5245
11.6203
12.3139
15.2868
16.0629
13.0188
17.657
18.5023
22.0056
22.9667
19.3638
20.24
16.8514
10.8417
11.5035
13.7338
17.6508
14.4572
15.1877
5.53842
5.49634
-1.43532
-3.30845
1.01993
-0.814616
1.07196
2.89762
3.44662
5.35183
8.52139
6.53016
8.72791
12.1514
12.0867
8.67491
-5.22076
-7.18581
-2.65491
-4.51453
-2.52251
-0.730229
1.16051
-0.584783
1.30993
3.02858
4.78207
2.94493
4.81559
6.68454
7.28763
9.26529
12.6888
10.5705
14.1408
16.4584
20.6678
18.0921
9.78367
11.9196
15.6402
13.3009
6.33374
7.11802
6.31898
5.54607
7.10017
6.29939
5.52972
7.07654
6.27424
5.50877
0.246065
-0.971568
-0.675985
0.540149
-1.26716
-2.49785
-2.19926
-3.44322
-3.14013
-1.90067
-1.60209
-0.380401
-2.83703
-2.53393
-1.3035
-4.40054
-4.09144
-5.37151
-5.05489
-3.78233
-3.47322
-2.23083
0.550237
1.47926
1.46956
-0.368951
0.561089
0.573085
1.50017
1.48934
2.4185
2.40937
-1.28971
-0.355971
-2.21373
-1.27362
-1.25486
-0.323899
-0.341081
0.586605
0.60203
1.52564
1.51215
-0.304045
0.61974
0.640116
1.55871
1.54103
2.46255
2.44965
2.42801
3.3593
3.3513
2.43826
3.37677
3.36766
4.30305
4.29676
2.6913
2.97377
1.75025
3.63548
3.92067
5.16333
5.45469
4.2067
4.49337
3.2566
4.58418
4.8731
5.53883
5.83247
7.10184
7.40558
6.12791
6.42496
7.71123
8.0186
6.72344
8.71178
9.0278
10.3804
10.7109
9.34585
9.66573
8.32751
5.747
6.04008
4.78052
7.02316
8.63778
7.32394
7.62561
7.92798
8.7368
7.91226
9.57495
10.4141
9.55818
10.393
9.53421
8.71736
7.89053
11.2864
12.1617
11.2685
13.074
13.9913
13.0548
13.9665
13.0261
12.1388
11.2422
12.1066
11.2068
10.3637
13.9312
12.9871
13.8847
12.9371
12.0643
11.1616
10.3256
8.69095
7.86206
9.50233
9.46182
8.65685
-4.73827
-4.42165
-3.16411
-6.35782
-6.03218
-7.36117
-7.02501
-5.70655
-5.38091
-4.10503
-6.68886
-6.35271
-5.05528
-8.38325
-8.03508
-9.42577
-9.06407
-7.6869
-7.33873
-6.01656
-3.14271
-2.19356
-4.07835
-3.11748
-3.08803
-2.1425
-2.16994
-1.23304
-5.02235
-4.04707
-5.97639
-4.98405
-4.94001
-3.96921
-4.01082
-3.05399
-3.01498
-2.07463
-2.11086
-3.92186
-2.97062
-2.92053
-1.98689
-2.03343
-1.10756
-1.14542
-1.20778
-0.281141
-1.1787
-0.224653
-0.254804
0.663537
0.690388
1.60241
1.57904
-0.190307
0.721046
0.755891
1.6598
1.62921
2.5369
2.51414
-1.06474
-0.151388
-1.93461
-1.01658
-0.962701
-0.0583049
-0.107514
0.795304
0.839665
1.73392
1.69458
-0.00338109
0.889355
0.944755
1.82781
1.7782
2.66588
2.62718
2.56307
3.46839
3.44682
2.59303
3.52215
3.49337
4.39831
4.37849
4.30971
5.25118
5.24716
3.387
4.3171
4.32561
5.26067
5.25555
6.20508
6.20389
2.47735
3.39874
2.49441
3.42827
3.41237
4.33563
4.34753
5.27461
5.26689
4.36168
5.29607
5.28421
6.21711
6.21225
6.20662
7.16617
7.16839
6.20888
7.16315
7.1643
8.13586
8.14205
6.50082
6.8002
7.47157
7.77768
9.08341
9.40353
8.08654
8.39797
8.45249
8.76633
9.44498
9.76757
11.1193
11.4598
10.0939
10.4237
11.8042
12.1522
10.7568
12.8699
13.2306
14.7085
15.0915
13.5951
13.9635
12.5036
9.72652
10.0522
11.0932
12.8583
11.4325
11.7746
13.2161
13.5769
12.1193
14.3354
14.7107
16.2639
16.662
15.0892
15.4708
13.9403
15.4785
15.8694
16.6468
17.0543
18.6965
19.1307
17.4659
17.8815
19.5691
20.0117
18.3009
20.8694
21.3324
23.1771
23.6712
21.7999
22.2715
20.4581
17.0634
17.468
15.8552
18.724
20.9084
19.1505
19.5802
17.8755
8.94923
9.26169
9.98727
10.3103
11.7144
12.0524
10.6346
10.96
11.0435
11.3781
12.4665
14.3064
12.8159
13.1674
14.6747
15.0453
13.5207
16.2422
18.2858
16.6318
17.0236
15.4179
12.3918
12.7323
13.8758
15.7923
14.2324
14.5904
6.32692
6.30984
6.28755
-0.214558
-1.73222
-2.6685
-1.13842
-2.06718
-3.61437
-4.57154
-3.00254
1.00977
0.0907328
1.03084
1.94878
-0.829027
-1.7512
-0.797911
0.115847
1.05648
0.148593
1.08972
1.99427
2.88862
1.96925
2.90738
3.83072
2.22047
3.16291
4.68411
3.73092
4.10918
5.06068
6.61362
5.64454
7.21582
8.20982
9.861
8.83474
5.2626
6.23389
7.82397
6.82726
7.92083
9.56742
9.54714
7.90219
11.2784
13.0655
13.0417
11.2564
11.2256
13.0079
12.9635
11.1855
7.87718
9.5193
9.4832
-3.94618
-5.5417
-6.52655
-4.89982
-5.86514
-7.52779
-8.5471
-6.84383
-2.67749
-3.60959
-2.6285
-1.71213
-4.5492
-5.49801
-4.47451
-3.54873
-2.56268
-3.46797
-2.47699
-1.58964
-0.756098
-1.65929
-0.700544
0.192012
1.13361
0.249152
1.1912
2.07012
-0.628201
-1.50014
-0.536028
0.323055
1.26553
0.416764
1.35965
2.20064
3.00293
2.12702
3.05802
3.93346
4.77648
3.84662
4.78839
5.72732
2.93065
2.02688
2.96149
3.86701
4.80477
3.89494
4.82867
5.74534
6.68464
5.7341
6.68517
7.64985
6.01882
6.98501
8.58337
7.59276
7.96067
8.9472
10.6046
9.58685
11.2783
12.3347
14.149
13.0467
9.21729
10.2396
11.9656
10.9041
12.665
13.7729
15.6733
14.5116
14.9039
16.0594
18.0775
16.8614
18.9311
20.2151
22.484
21.1247
16.4557
17.6784
19.8001
18.509
8.4366
9.46607
11.1719
10.1023
10.513
11.5789
13.3751
12.2624
14.0945
15.2616
17.2498
16.0212
11.8362
12.9532
14.8217
13.6499
5.94205
6.33047
5.9353
5.54952
6.72799
7.12166
6.7211
7.11406
6.71301
6.3231
5.92752
5.54237
6.31457
5.91859
5.53421
7.10515
6.70363
7.09483
6.69289
6.30478
5.90844
5.52494
6.29365
5.89698
5.51448
7.08303
6.68068
7.06964
6.66692
6.28109
5.88411
5.50272
0.62312
0.0158423
0.163
0.770089
-0.131314
-0.740225
-0.592691
-1.20326
-1.05516
-0.445158
-0.297624
0.310158
-0.887757
-1.49945
-1.35135
-1.64755
-2.26318
-2.11433
-2.73317
-2.58338
-1.96548
-1.81663
-2.43359
-2.28381
-1.66778
-3.20583
-3.05491
-3.68137
-3.52914
-2.904
-2.75308
-2.13402
-0.907064
-0.758967
-0.150091
-1.51894
-1.98423
-1.37009
-1.22124
-0.61087
-1.83444
-1.68465
-1.07239
-2.60217
-2.45125
-3.07245
-2.92022
-2.30034
-2.14942
-1.53487
-3.37691
-3.22468
-4.16
-4.00627
-4.64194
-4.48652
-3.85254
-3.6988
-4.33109
-4.17567
-3.54507
-5.1274
-4.9701
-5.61659
-5.45722
-4.81279
-4.65549
-4.02025
-2.76799
-2.61576
-1.99851
-3.39134
-3.86483
-3.23761
-3.08387
-2.46353
0.774991
1.23962
1.23477
0.31523
0.779989
0.785129
1.24952
1.24452
1.70917
1.70439
-0.144726
0.320494
-0.60509
-0.139073
-0.133087
0.331786
0.325997
0.790461
0.796031
1.25999
1.25466
0.337909
0.801886
0.808074
1.2714
1.26555
1.72924
1.72399
1.714
2.17892
2.17427
1.71892
2.18838
2.1836
2.64903
2.6446
-1.06607
-0.598927
-1.52789
-1.05928
-1.05196
-0.585262
-0.592334
-0.126717
-1.99075
-1.52034
-2.45487
-1.98232
-1.97318
-1.50332
-1.51217
-1.04406
-1.03554
-0.569495
-0.577665
-1.49376
-1.02636
-1.01645
-0.551245
-0.560704
-0.0964675
-0.104841
-0.119918
0.344414
-0.112642
0.358758
0.351348
0.814643
0.821641
1.28415
1.27758
0.366692
0.829114
0.837111
1.2986
1.29114
1.7531
1.74662
-0.087474
0.375198
-0.54107
-0.077813
-0.0674369
0.394115
0.384323
0.845678
0.854864
1.31515
1.30659
0.404622
0.864717
0.875283
1.33417
1.32433
1.78379
1.77531
1.76001
2.22168
2.21534
1.7674
2.23568
2.22845
2.69007
2.68395
2.6535
3.11969
3.11555
2.1933
2.65807
2.66277
3.12816
3.12388
3.59107
3.58728
1.73473
2.19841
1.74051
2.20939
2.20376
2.66767
2.6728
3.13718
3.13258
2.67821
3.14715
3.14203
3.60714
3.60289
3.59491
4.06335
4.05999
3.59883
4.07026
4.06676
4.53671
4.53384
1.84481
1.98529
1.37503
2.31497
2.4558
3.06846
3.21005
2.59673
2.73774
2.12582
2.78571
2.927
3.25718
3.39907
4.01506
4.15821
3.54117
3.68348
4.30159
4.44519
3.82597
4.7788
4.92348
5.54988
5.69637
5.06842
5.21358
4.58898
3.35177
3.49358
2.87881
3.96861
4.73294
4.11139
4.25427
3.63547
3.72958
3.87218
4.20307
4.34651
4.96705
5.11224
4.49029
4.6344
4.67782
4.82223
5.15403
5.29953
5.92582
6.07357
5.4455
5.5919
6.22179
6.37046
5.73873
6.70715
6.85741
7.49947
7.65252
7.00816
7.15938
6.51957
5.25779
5.40368
5.88594
6.66909
6.03354
6.18148
6.81899
6.96926
6.32974
7.31104
7.46314
8.11461
8.26955
7.61563
7.7685
7.11987
7.80607
7.96011
8.30426
8.46037
9.12297
9.28242
8.617
8.77413
9.44241
9.6029
8.93174
9.95708
10.1201
10.808
10.975
10.2838
10.4479
9.76389
8.42491
8.58065
7.92173
9.0898
9.92535
9.24829
9.40719
8.73677
4.87705
5.02128
4.39725
5.35895
5.5045
6.13735
6.28477
5.65022
5.79608
5.16562
5.84312
5.99012
6.47832
7.2708
6.62717
6.77628
7.42203
7.57353
6.92563
8.07529
8.89323
8.22916
8.38331
7.72527
6.43236
6.58011
7.07519
7.87725
7.22495
7.37487
7.52493
7.92457
7.51787
8.33432
8.74066
8.32708
8.73255
8.31835
7.91673
7.50946
9.15762
9.57139
9.15019
9.99631
10.4182
9.98867
10.4096
9.97925
9.56302
9.14112
9.55289
9.13033
8.72284
10.399
9.96796
10.3865
9.95471
9.54091
9.11772
8.71143
7.90742
7.49963
8.30804
8.29606
7.89656
7.48827
10.8518
11.2826
10.844
11.7257
12.1661
11.7176
12.1568
11.7074
11.2737
10.8342
12.6193
13.07
12.611
13.5341
13.996
13.5256
13.9861
13.5147
13.0605
12.6004
13.0485
12.5876
12.1454
13.9737
13.5013
13.9587
13.4853
13.0342
12.5723
12.1316
11.2627
10.8224
11.6951
11.6806
11.2496
10.8085
11.2342
10.7924
10.3718
12.1155
11.6636
12.097
11.6443
11.2165
10.774
10.355
13.0173
12.5546
13.9411
13.4667
13.9207
13.4454
12.9979
12.5343
12.9757
12.5113
12.0758
13.8974
13.4213
13.8712
13.3943
12.9507
12.4855
12.0521
11.1964
10.7532
10.336
11.6224
11.5979
11.1738
10.73
10.3146
7.88407
7.47531
8.69824
8.28233
8.68317
8.26675
7.86985
7.46064
9.52701
9.10321
9.93941
9.92197
9.51108
9.0867
9.49304
9.06812
8.66614
9.90229
9.8803
9.4728
9.04735
8.64705
-3.7094
-3.55398
-2.93014
-4.49819
-4.34089
-4.97911
-4.81975
-4.18359
-4.02629
-3.39856
-5.29785
-5.13848
-6.10971
-5.94809
-6.60699
-6.44293
-5.78647
-5.62485
-6.27887
-6.1148
-5.46323
-7.10864
-6.94195
-7.61487
-7.44536
-6.77526
-6.60856
-5.95074
-4.66038
-4.50101
-3.86899
-5.30161
-5.78668
-5.13999
-4.97837
-4.34165
-5.62262
-5.45856
-4.81675
-6.44187
-6.27518
-6.93683
-6.76732
-6.10849
-5.9418
-5.2945
-7.27585
-7.10634
-8.12588
-7.95337
-8.6419
-8.46619
-7.78085
-7.60834
-8.29049
-8.11478
-7.43583
-9.16314
-8.98405
-9.6898
-9.50714
-8.80496
-8.62587
-7.93907
-6.59781
-6.42831
-5.77511
-7.26331
-7.76337
-7.0908
-6.91829
-6.2588
-2.92046
-2.44544
-3.38772
-2.90991
-2.89845
-2.4241
-2.4352
-1.96326
-3.85688
-3.37593
-4.32815
-3.84372
-3.82946
-3.34928
-3.36313
-2.88603
-2.87261
-2.39912
-2.41208
-3.33432
-2.85813
-2.84256
-2.37012
-2.38514
-1.91501
-1.92846
-1.95254
-1.48344
-1.94095
-1.4603
-1.4723
-1.00579
-4.80173
-4.3135
-5.27784
-4.78547
-4.76792
-4.28056
-4.29765
-3.81405
-5.7567
-5.25985
-6.2385
-5.73684
-5.71551
-5.21964
-5.24046
-4.74902
-4.72874
-4.24245
-4.26218
-5.19734
-4.70702
-4.68381
-4.19879
-4.22134
-3.73996
-3.76045
-3.79744
-3.31822
-3.77959
-3.28238
-3.30092
-2.82584
-2.80792
-2.33672
-2.35399
-3.26255
-2.78876
-2.76831
-2.29855
-2.31826
-1.8507
-1.86845
-3.71809
-3.24138
-4.17476
-3.69479
-3.67
-3.19483
-3.21882
-2.74652
-2.72335
-2.25522
-2.27756
-3.16936
-2.69875
-2.67266
-2.20636
-2.23151
-1.7673
-1.79011
-1.83176
-1.3676
-1.38576
-1.81158
-1.32766
-1.34825
-0.887237
-0.905729
-0.994308
-0.530132
-1.4474
-0.981971
-0.968726
-0.505776
-0.518383
-0.0562985
-1.90056
-1.43354
-1.88505
-1.40277
-1.41868
-0.954527
-0.939327
-0.477795
-0.492262
-0.923076
-0.445809
-0.462326
-0.00316696
-0.0178317
-0.04435
0.41589
-0.0315435
0.440902
0.427967
0.886609
0.898746
1.35604
1.34472
0.454742
0.911739
0.925636
1.38114
1.36816
1.82435
1.81312
0.0124992
0.469534
-0.428195
0.0292134
0.047023
0.502166
0.485327
0.940484
0.956331
1.40986
1.39502
0.5201
0.973224
0.991212
1.44257
1.42569
1.87783
1.86308
1.83639
2.29172
2.28065
1.84929
2.31635
2.30361
2.75833
2.74748
-0.867552
-0.409437
-1.30578
-0.846627
-0.824416
-0.368298
-0.389487
0.0659758
-1.7431
-1.28257
-2.17972
-1.71748
-1.69038
-1.23195
-1.25798
-0.800869
-0.77594
-0.322014
-0.345823
-1.20444
-0.749581
-0.721745
-0.270204
-0.296824
0.154169
0.130168
0.0861192
0.539176
0.107501
0.580947
0.559443
1.01034
1.03066
1.47965
1.46054
0.603736
1.05222
1.07505
1.52148
1.49995
1.94727
1.92825
0.17955
0.627857
-0.242107
0.20636
0.234646
0.680288
0.653359
1.09923
1.12478
1.56845
1.5443
0.708692
1.15175
1.18021
1.62094
1.59398
2.03571
2.01165
1.96748
2.41339
2.39452
1.98893
2.45472
2.43344
2.87817
2.85954
2.76999
3.22436
3.2138
2.32999
2.78251
2.79592
3.24794
3.23572
3.68997
3.67977
1.89358
2.34458
1.91037
2.3768
2.36017
2.81028
2.82564
3.27512
3.26105
2.84205
3.30628
3.29018
3.73925
3.72556
3.70096
4.15534
4.14559
3.71281
4.17731
4.1659
4.62066
4.61141
4.53962
5.01132
5.00902
4.07389
4.54262
4.54576
5.01609
5.01366
5.48735
5.48569
3.61162
4.07771
3.1526
3.61639
3.62148
4.0861
4.08177
4.54908
4.55263
5.02141
5.01866
4.09077
4.55647
4.56063
5.02766
5.02439
5.49489
5.49278
5.48906
5.96499
5.96404
5.49085
5.96707
5.96599
6.44441
6.44424
2.69661
3.15843
2.24344
2.70363
2.71117
3.17141
3.16469
3.62695
1.79288
2.25177
1.80265
2.27033
2.26072
2.71927
2.728
3.18647
3.17866
2.73738
3.20399
3.1949
3.65355
3.64609
3.63285
4.0958
3.63921
4.1072
4.10127
4.56516
4.57012
5.03521
5.03125
4.11365
4.57555
4.5815
5.04445
5.03959
5.50611
5.50279
3.66161
4.12067
3.67034
4.13659
4.1283
4.58801
4.59513
5.05576
5.04982
4.60292
5.06951
5.0623
5.52408
5.51879
5.50985
5.97806
5.97545
5.51406
5.98457
5.98108
6.45121
6.44939
6.44462
6.92579
6.92646
5.96828
6.44493
6.44536
6.9246
6.92515
7.40929
7.41089
5.49723
5.96968
5.49985
5.97322
5.97131
6.44598
6.44682
6.92394
6.92418
6.44795
6.9242
6.92393
7.40376
7.40492
7.40773
7.89511
7.8977
7.40626
7.89009
7.89256
8.38341
8.38706
5.63186
5.77858
6.11149
6.25955
6.8928
7.0436
6.4082
6.55741
6.5931
6.74263
7.07686
7.22798
7.8694
8.02374
7.37981
7.53232
8.1788
8.33456
7.68548
8.67513
8.83298
9.49554
9.65715
8.99155
9.15083
8.49099
7.19499
7.34695
7.83928
8.64807
7.99369
8.14869
7.56295
7.71579
8.05154
8.20623
8.85701
9.01541
8.36174
8.51805
8.54281
8.69947
9.03695
9.1957
9.85706
10.02
9.35539
9.516
10.1839
10.3488
9.67752
10.694
10.8615
11.5494
11.7215
11.0299
11.1992
10.5145
9.17465
9.3347
9.8399
10.6812
10.0031
10.1672
10.8487
11.017
10.3321
11.3695
11.5407
12.2439
12.4199
11.7127
11.8856
11.1862
11.8947
12.0688
12.4245
12.6017
13.3208
13.5034
12.7799
12.9591
13.6869
13.8714
13.1392
14.24
14.428
15.1833
15.3772
14.6171
14.8072
14.0569
12.5968
12.7745
12.0594
13.3203
14.2433
13.5022
13.6851
12.9531
8.80578
8.96408
9.3108
9.47143
10.1464
10.3108
9.63271
9.7946
9.81951
9.98259
10.4977
11.3562
10.6641
10.8313
11.5269
11.6984
10.9992
12.234
13.1326
12.4093
12.5854
11.8707
10.4759
10.6417
11.1677
12.0436
11.337
11.5068
12.2172
12.3915
11.6773
12.7623
12.9399
13.6756
13.8581
13.1182
13.2971
12.5664
13.3128
13.4938
13.8688
14.0534
14.808
14.998
14.2388
14.425
15.1888
15.3804
14.6119
15.7721
15.9678
16.7626
16.9642
16.1643
16.3616
15.5728
14.0413
14.2252
13.4767
14.7996
15.766
14.9881
15.1772
14.4098
14.4306
14.6189
14.9983
15.1904
15.9651
16.1631
15.3834
15.5773
15.5721
15.7681
16.1522
16.3523
17.1483
17.3547
16.5534
16.7555
17.5622
17.7708
16.9586
18.173
18.3861
19.2277
19.4478
18.6003
18.8155
17.9804
16.362
16.5618
17.1628
18.191
17.3679
17.5739
18.4025
18.6151
17.7809
19.0318
19.2491
20.1144
20.3387
19.4674
19.6867
18.8285
19.6689
19.8911
20.314
20.5412
21.4332
21.6679
20.7696
20.9991
21.9038
22.1408
21.2296
22.5869
22.8294
23.7765
24.027
23.073
23.3178
22.3789
20.564
20.7903
19.9069
21.4612
22.618
21.6938
21.9274
21.0176
15.9599
16.1546
15.367
16.5598
16.7587
17.5742
17.7791
16.9584
17.1588
16.3499
17.1667
17.37
17.9887
19.0429
18.1975
18.4071
19.2582
19.4743
18.6175
20.1281
21.2458
20.3502
20.5731
19.6913
17.9848
18.1913
17.3599
18.8287
19.9091
19.0408
19.2535
18.3984
8.02943
8.1818
8.53774
8.6924
9.36449
9.52211
8.84729
9.00237
9.05002
9.20712
9.56647
9.72611
10.4123
10.5754
9.88609
10.0464
10.7388
10.9026
10.207
11.2757
11.4425
12.1581
12.329
11.6097
11.7772
11.0667
9.67997
9.83805
10.3678
11.2311
10.529
10.6903
10.0872
10.2496
10.6125
10.7777
11.4791
11.6482
10.9432
11.1093
11.1425
11.3106
11.8484
12.742
12.0201
12.1924
12.9181
13.0948
12.3651
13.657
14.595
13.8378
14.0193
13.272
11.8177
11.9877
12.5384
13.4498
12.7122
12.8864
13.6281
13.8068
13.0611
14.2013
14.3838
15.1543
15.3419
14.5669
14.7504
13.986
14.7809
14.9673
15.5575
16.5459
15.7486
15.9403
16.7426
16.9398
16.1327
17.5617
18.6063
17.7642
17.9673
17.1377
15.53
15.7186
14.9344
16.3255
17.3362
16.519
16.7129
15.9077
11.3957
11.5606
11.9451
12.1132
12.8436
13.0158
12.2817
12.4504
12.5002
12.6717
13.2362
14.1657
13.4117
13.5876
14.3457
14.5262
13.7638
15.1189
16.0973
15.3038
15.4891
14.707
13.1884
13.3611
13.9403
14.8882
14.1172
14.2943
5.9388
6.72469
6.71721
5.93155
5.9232
6.70849
6.69844
5.91368
5.90288
6.68697
6.674
5.89072
0.393109
-0.36188
-0.823776
-0.0672358
-1.11936
-1.88067
-2.34856
-1.58377
-2.04997
-2.81882
-3.29167
-2.51817
-0.528193
-1.28687
-1.75138
-0.989974
-1.45279
-2.21751
-2.68548
-1.91686
-2.98858
-3.76733
-4.24599
-3.46141
-3.93688
-4.72788
-5.2132
-4.4152
-2.38238
-3.1555
-3.62777
-2.84958
1.00486
0.545122
1.01478
1.47438
0.08529
-0.374844
0.0964625
0.555544
1.02527
0.56692
1.03671
1.49464
1.94401
1.48423
1.95364
2.41392
-0.835491
-1.29686
-0.822085
-0.362676
-1.75918
-2.22264
-1.74256
-1.28197
-0.806574
-1.2646
-0.788579
-0.3328
0.108972
-0.348789
0.123199
0.57963
1.04947
0.594055
1.06396
1.51868
0.139524
-0.31433
0.158328
0.610575
1.08053
0.629571
1.09957
1.54956
1.98743
1.53308
2.0016
2.45589
2.88428
2.42319
2.89305
3.35528
1.96383
1.506
1.97496
2.43302
2.90238
2.44379
2.91265
3.3721
3.82709
3.36341
3.83444
4.29989
1.60988
2.07983
2.83248
2.36119
2.55026
3.02134
3.77796
3.30468
4.06359
4.53999
5.30888
4.82846
3.11515
3.5887
4.34996
3.87323
3.49325
3.96617
4.72847
4.2525
4.44027
4.91574
5.68541
5.20605
5.97998
6.46417
7.25346
6.76353
5.01806
5.498
6.27625
5.79142
6.57403
7.06466
7.86471
7.36736
7.55818
8.05476
8.86953
8.36537
9.18658
9.69923
10.5453
10.0233
8.17287
8.67785
9.50557
8.99203
4.6369
5.11773
5.89346
5.40761
5.60074
6.08612
6.87315
6.38191
7.17343
7.67145
8.48249
7.97676
6.18685
6.67862
7.47468
6.97606
7.52156
8.33088
8.3229
7.51384
9.1541
9.99271
9.98419
9.14586
9.13595
9.97385
9.96159
9.12426
7.50473
8.31339
8.30226
7.49415
10.8481
11.7219
11.7128
10.8393
12.6154
13.5302
13.5204
12.606
12.5943
13.5083
13.4936
12.5803
10.8286
11.7016
11.6881
10.8157
10.8007
11.6724
11.6543
10.7835
12.5638
13.4764
13.4564
12.5448
12.5231
13.4337
13.4081
12.4987
10.7639
11.6337
11.6105
10.7419
7.482
8.28942
8.27478
7.46819
9.11071
9.94732
9.93096
9.09521
9.07768
9.91242
9.89159
9.05801
-3.31867
-4.10252
-4.57996
-3.78985
-4.89658
-5.70217
-6.195
-5.38123
-5.86936
-6.6919
-7.19309
-6.3612
-4.26334
-5.06029
-5.54373
-4.73935
-5.21809
-6.03049
-6.52078
-5.69978
-6.85694
-7.69877
-8.20917
-7.3568
-7.86099
-8.72448
-9.24492
-8.36973
-6.18463
-7.01482
-7.51282
-6.67285
-2.68746
-3.15387
-2.66666
-2.20405
-3.62205
-4.09224
-3.59608
-3.13059
-2.64221
-3.1033
-2.61375
-2.15672
-1.72307
-2.1822
-1.70033
-1.24435
-4.56464
-5.03946
-4.53251
-4.06331
-5.51691
-5.99722
-5.47766
-5.00389
-4.49521
-4.96277
-4.45237
-3.99071
-3.56569
-4.02959
-3.53053
-3.07161
-2.58088
-3.03513
-2.54324
-2.09334
-3.49019
-3.94627
-3.44432
-2.9935
-2.50044
-2.94632
-2.4521
-2.01085
-1.6088
-2.05467
-1.56925
-1.12709
-0.76772
-1.22086
-0.743617
-0.292999
-1.67396
-2.12723
-1.64357
-1.19374
-0.715887
-1.16261
-0.684151
-0.240229
0.17999
-0.268425
0.204891
0.651422
1.12147
0.676511
1.14661
1.59032
0.233414
-0.208028
0.265937
0.705217
1.17536
0.737921
1.2081
1.64401
2.05814
1.61536
2.08294
2.52511
-0.648027
-1.0868
-0.607136
-0.171443
-1.52455
-1.96149
-1.47431
-1.04135
-0.561097
-0.99038
-0.50953
-0.0835998
0.302842
-0.130094
0.344507
0.775002
1.24522
0.816842
1.28709
1.71366
0.391314
-0.0315812
0.443643
0.86382
1.3341
0.916318
1.38662
1.80232
2.18051
1.75542
2.22202
2.64593
2.99141
2.54953
3.0153
3.4572
2.11135
1.67665
2.14374
2.57755
3.0428
2.60956
3.07428
3.50726
3.92267
3.48043
3.9451
4.388
4.77385
4.30631
4.77921
5.24915
3.84234
3.38172
3.85118
4.31329
4.78511
4.32119
4.79195
5.25799
5.72596
5.2533
5.72876
6.20447
2.92424
2.46969
2.93753
3.39266
2.01785
1.56852
2.03657
2.48557
2.9529
2.50392
2.97073
3.42001
3.86133
3.4053
3.87317
4.33041
4.80009
4.34132
4.80992
5.27054
3.88709
3.43719
3.90346
4.3543
4.82182
4.36973
4.83617
5.28983
5.74194
5.27916
5.7492
6.21447
6.68484
6.20578
6.68452
7.16726
5.73211
5.26362
5.73638
6.20763
6.68474
6.2104
6.68587
7.16361
7.6519
7.16517
7.64789
8.13894
5.39273
5.87144
6.65021
6.16674
6.35204
6.8347
7.62427
7.136
7.93178
8.42658
9.2431
8.74085
6.95075
7.43989
8.24195
7.74621
7.3196
7.80692
8.609
8.11521
8.29683
8.78951
9.6058
9.1058
9.93027
10.4385
11.2891
10.7717
8.92448
9.42565
10.2583
9.74888
10.5899
11.1085
11.9777
11.4489
11.6315
12.159
13.0497
12.5113
13.4124
13.9627
14.8995
14.3363
12.3275
12.8673
13.7788
13.227
8.55459
9.05784
9.88903
9.37736
9.56468
10.0753
10.9246
10.4047
11.2625
11.7926
12.6806
12.1394
10.216
10.737
11.6032
11.0719
11.9466
12.4891
13.3962
12.8416
13.0369
13.5901
14.5226
13.9564
14.8996
15.4796
16.4625
15.8677
13.7583
14.3258
15.2796
14.6981
14.149
14.7137
15.6734
15.0949
15.2845
15.8614
16.85
16.2584
17.2596
17.8667
18.913
18.2894
16.0662
16.6594
17.6732
17.0643
18.0908
18.7162
19.7899
19.147
19.3494
19.9904
21.1003
20.441
21.5656
22.2442
23.4236
22.7248
20.2344
20.8957
22.0352
21.3546
15.6626
16.259
17.2653
16.6532
16.8623
17.4729
18.512
17.8849
18.9368
19.5815
20.6828
20.0197
17.6714
18.3002
19.365
18.7186
7.77672
8.2831
9.10535
8.59029
8.79337
9.30771
10.1486
9.62473
10.4723
11.0066
11.8832
11.3375
9.41823
9.94289
10.7972
10.262
9.8263
10.3493
11.2106
10.6772
10.8769
11.4093
12.2926
11.749
12.6409
13.1967
14.123
13.5542
11.546
12.0907
12.9914
12.4344
13.3438
13.9139
14.8598
14.2756
14.4903
15.0731
16.0484
15.4506
16.4367
17.0503
18.0803
17.45
15.2313
15.8304
16.8274
16.2124
11.1231
11.6697
12.5619
12.0029
12.2219
12.7799
13.6981
13.1269
14.0539
14.6392
15.6049
15.0045
12.903
13.4753
14.4112
13.8248
