FiniteElementSpace
FiniteElementCollection: H1_2D_P2
VDim: 1
Ordering: 0

1
0.842667
13.5174
-11.9736
-11.6651
-22.6524
13.857
6.81103
0.944316
-5.13792
-11.8432
-5.14395
-16.9577
-13.7409
7.02866
-5.1414
-9.2377
4.01563
3.94037
0.975032
-2.06438
-5.14566
-2.02912
-7.14642
-5.86264
10.303
13.7147
10.0251
6.93789
3.78148
0.902113
-2.12216
-5.1369
-8.29032
-11.7572
-8.37244
-11.9172
-8.43019
-14.3836
-12.9075
-19.7094
-17.9448
-11.4313
-9.95523
3.98558
-2.04681
-3.92028
10.1868
3.87425
-2.08758
-8.33155
-8.40724
-10.6056
-15.3493
-7.86976
2.50196
4.00214
2.47454
0.987875
5.55274
5.51986
7.06232
5.46712
3.96523
2.43667
0.960752
-0.531617
-2.03834
-0.509206
-0.556848
-2.05525
-3.58899
-5.14392
-3.58125
-5.14591
-3.57046
-2.96915
-6.13493
-5.50957
-8.18011
-7.51869
-4.88422
12.0392
8.6367
10.2502
8.53331
6.98743
13.7923
11.91
13.6232
11.7306
10.112
8.38914
6.87933
3.91028
2.3826
0.925011
5.38877
5.27905
3.83155
2.30659
0.874904
-0.590637
-2.07492
-0.638736
-2.10309
-3.61832
-5.13636
-3.59943
-5.13882
-6.7107
-8.3524
-6.73231
-6.69168
-8.31062
-9.94454
-11.7116
-10.0102
-11.8014
-10.0725
-6.75075
-8.42055
-6.76029
-8.39096
-11.8821
-10.1258
-11.948
-10.1644
-9.50295
-8.84152
-13.1589
-12.4494
-15.6493
-14.8797
-11.7399
-11.0304
-14.11
-13.3404
-10.3209
-18.3105
-17.4688
-21.1562
-20.2303
-16.627
-15.7852
-12.5708
-6.85726
-9.61136
-11.8012
-8.90185
2.48919
5.53842
5.49634
2.45727
-0.520417
-0.543522
-3.58514
-3.5766
-4.53211
-6.50453
8.67491
8.58975
11.9805
11.8269
8.46668
2.41202
5.43151
5.33819
2.3477
-0.572313
-0.612538
-3.60746
-3.59351
-6.72154
-6.70051
-9.9774
-10.0421
-6.75699
-6.74228
-10.1007
-10.1473
-7.7883
-11.2896
-13.6455
-9.92165
-12.1694
-16.1535
-18.8271
-14.5451
-8.55373
-10.6933
1.75025
2.49577
1.73781
0.993982
3.2566
4.00922
3.24348
3.99429
3.22788
2.48215
1.72408
0.981588
4.78052
5.54607
4.76663
5.52972
4.74908
5.50877
4.72715
3.97592
6.27424
7.0464
6.24281
5.48249
4.70013
3.9534
2.46628
1.70831
0.968116
3.20909
3.18637
2.44743
1.68981
0.952848
0.234263
-0.514857
0.246065
0.222105
-0.525974
-1.28748
-2.04262
-1.2775
-2.03387
-1.26716
0.208877
-0.537437
0.19386
-0.549962
-1.30915
-2.05968
-1.29778
-2.05099
-2.81726
-3.58325
-2.81095
-2.82388
-3.58703
-4.36105
-5.14271
-4.36025
-5.14493
-4.35904
-2.80425
-3.57376
-2.79645
-3.57906
-5.14602
-4.3567
-5.14525
-4.35252
-4.04942
-3.74632
-2.49785
-5.63698
-5.32787
-6.638
-6.32138
-5.01876
-4.70965
-3.44322
-6.00476
-5.68813
-4.40054
-7.66038
-7.33474
-8.70581
-8.36965
-7.0091
-6.68346
-5.37151
7.86206
8.65685
7.82614
8.61437
7.78205
7.00904
9.46182
10.2779
9.41197
10.2199
9.35206
8.56276
7.72908
6.96374
11.1616
12.0113
11.1059
12.9371
13.8263
12.8755
13.7552
12.8014
11.9468
11.0389
11.8701
10.96
10.1508
13.6707
12.7142
13.5722
12.6131
11.7805
10.8684
10.0701
8.50132
7.6665
6.90978
9.28135
9.19915
8.42932
7.59359
6.84644
2.4249
1.66784
0.935068
3.92602
3.15901
3.89305
3.1263
2.39795
1.6417
0.914056
5.45016
4.66729
6.2044
6.15827
5.41108
4.62792
5.36451
4.58129
3.85378
6.10372
6.04001
5.30974
4.5267
3.80748
2.36588
1.61065
0.889092
3.08751
3.04193
2.32796
1.57399
0.859459
0.17634
-0.564268
0.155593
-0.581072
-1.33791
-2.08094
-1.32229
-2.06943
0.130902
-0.601095
0.101548
-0.625055
-1.37953
-2.11213
-1.35676
-2.09493
-2.85288
-3.60314
-2.84097
-2.86798
-3.61249
-4.37452
-5.13683
-4.36817
-5.13641
-4.36429
-2.83155
-3.59112
-3.59625
-5.13773
-4.36216
-5.14007
-5.92483
-6.72698
-5.93137
-5.91859
-6.71609
-7.51458
-8.34203
-7.53028
-8.36256
-7.54555
-5.91336
-6.70548
-5.90986
-6.69588
-7.48472
-8.30035
-7.49915
-8.32105
-9.13626
-9.99384
-9.16297
-9.10981
-9.96094
-10.7958
-11.6884
-10.8354
-11.7346
-10.8745
-9.18923
-10.0575
-9.21431
-10.0263
-11.7795
-10.9124
-11.8226
-10.9484
-5.94556
-6.75905
-5.94609
-5.94245
-6.75419
-7.5719
-8.41431
-7.58154
-8.42588
-7.58788
-5.93748
-6.74675
-6.73744
-8.38193
-7.55966
-8.39942
-9.23751
-10.1137
-9.2581
-10.0869
-11.8631
-10.9817
-11.9002
-11.0118
-9.27536
-10.1564
-9.28858
-10.1371
-11.9332
-11.0377
-11.9615
-11.0589
-7.27125
-6.95462
-8.96294
-8.63729
-10.0504
-9.71428
-8.31165
-7.98602
-10.7228
-10.3866
-12.5614
-12.2132
-13.7662
-13.4045
-11.8651
-11.5169
-13.0428
-12.6811
-11.1687
-15.0112
-14.6345
-16.298
-15.9048
-14.2577
-13.881
-12.3194
-9.37812
-9.04196
-10.8205
-11.9577
-10.4723
-10.1242
-11.596
-11.2343
-9.77598
-13.5043
-13.1275
-14.725
-14.3317
-12.7508
-12.3741
-10.8726
-15.5115
-15.1183
-17.6284
-17.2171
-19.0041
-18.5733
-16.8059
-16.3946
-18.1424
-17.7116
-15.9833
-20.4267
-19.9749
-21.898
-21.4236
-19.523
-19.0711
-17.2808
-13.9385
-13.5452
-11.9973
-15.572
-16.8499
-15.1607
-14.7494
-13.1519
-8.03349
-7.69733
-6.35782
-9.4278
-10.5109
-9.07961
-8.73143
-7.36117
-10.1492
-9.78747
-8.38325
-11.6206
-12.7587
-11.2439
-10.8671
-9.42577
1.74415
3.2503
3.23604
1.73115
4.77399
4.75836
4.73871
6.25936
4.71432
1.71649
3.21893
3.19826
1.69945
0.240164
0.228273
-1.28249
-1.27242
0.21567
0.201637
-1.30329
-1.29254
-2.81411
-2.82048
-4.36066
-4.35974
-2.80053
-2.8077
-4.35806
-4.35488
-3.26981
-4.83803
-5.82225
-4.2262
-5.19689
-6.82547
-7.8494
-6.18359
7.84507
7.80516
9.43811
9.38332
7.75672
11.1351
12.9078
12.84
11.0739
11.001
12.7595
12.6654
10.9158
7.69903
9.3181
9.24174
7.63138
1.6793
3.17331
3.14337
1.65534
4.68448
6.22453
6.18234
4.64847
4.60556
6.13209
6.07305
4.55504
1.62683
3.10771
3.06561
1.59307
0.185458
0.166414
-1.32974
-1.31545
0.143785
0.116853
-1.3676
-1.34689
-2.84657
-2.85998
-4.37099
-4.36597
-2.82754
-2.83599
-4.36305
-4.36152
-5.92811
-5.92163
-7.52244
-7.53802
-5.9158
-5.91135
-7.49177
-7.50678
-9.14963
-9.12296
-10.8156
-10.855
-9.20196
-9.1762
-10.8936
-10.9306
-5.94619
-5.94428
-7.57709
-7.58517
-5.94015
-5.93452
-7.5528
-7.56606
-9.24818
-9.22619
-10.9654
-10.9972
-9.28252
-9.26719
-11.0253
-11.049
-6.44761
-8.10924
-9.17223
-7.46736
-9.83366
-11.6316
-12.8042
-10.9476
-12.0946
-14.0146
-15.2645
-13.2765
-8.51081
-10.2636
-11.3851
-9.57967
-10.6756
-12.5384
-13.7252
-11.8004
-14.4949
-16.5556
-17.8896
-15.7514
-17.0479
-19.2683
-20.6932
-18.3859
-12.9556
-14.9472
-16.2061
-14.143
-7.18797
-8.89571
-9.96612
-8.21174
-9.25661
-11.0623
-12.186
-10.3243
1.37503
1.74722
1.36897
0.996997
2.12582
2.4989
2.11968
2.49253
2.11323
1.74102
1.36276
0.990946
2.87881
3.25351
2.87258
3.63547
4.0125
3.62912
4.00577
3.62217
3.24696
2.86588
3.23984
2.85864
2.48574
3.99831
3.61453
3.99004
3.6061
3.23206
2.85076
2.47842
1.73453
1.35628
0.98476
2.10638
2.09904
1.72767
1.34947
0.97835
4.39725
4.77735
4.39078
5.16562
5.54952
5.15902
5.54237
5.15152
4.77042
4.38356
4.76261
4.3755
5.53421
5.14304
5.52494
5.13347
4.75385
4.36651
4.74404
4.3565
3.98087
5.51448
5.12274
5.50272
5.11075
4.73309
4.34537
3.97071
5.88411
6.267
5.86974
5.4896
6.66692
7.05458
6.65151
7.03776
6.63438
6.2513
5.85379
5.475
4.7209
4.33305
3.95946
5.09741
5.08263
4.7074
4.31943
3.94704
1.72035
1.34222
0.971625
2.47049
2.09112
2.46187
2.08253
1.71248
1.33445
0.964496
3.22351
2.84215
3.59679
3.58652
3.21412
2.83273
3.2038
2.8224
2.45246
3.5752
3.56274
3.19245
2.81107
2.44217
1.70397
1.32607
0.956873
2.07318
2.06298
1.69473
1.31698
0.948667
0.617141
0.243111
0.62312
0.611119
0.237219
-0.14286
-0.517643
-0.137112
-0.512047
-0.131314
0.604963
0.231284
0.598584
0.225217
-0.154573
-0.528779
-0.14865
-0.523191
-0.903866
-1.28
-0.898576
-0.909196
-1.28498
-1.66662
-2.04472
-1.66202
-2.0405
-1.65737
-0.893237
-1.26981
-0.887757
-1.27498
-2.03613
-1.65257
-2.03153
-1.64755
0.591892
0.218927
0.584796
0.212324
-0.167173
-0.54044
-0.160717
-0.534499
0.577208
0.205319
0.569036
0.197822
-0.181379
-0.553344
-0.17403
-0.546692
-0.926326
-1.3005
-0.920336
-0.932716
-1.30617
-1.68631
-2.06199
-1.68102
-2.05744
-1.67603
-0.914656
-1.28999
-1.29514
-2.0531
-1.67126
-2.04889
-2.43188
-2.81254
-2.42819
-2.4356
-2.81568
-3.20038
-3.5842
-3.19784
-3.58227
-3.19525
-2.43945
-2.81885
-2.44351
-2.82216
-3.20565
-3.58799
-3.20295
-3.58608
-3.97287
-4.36046
-3.97171
-3.97407
-4.36085
-4.7501
-5.14206
-4.75055
-5.14333
-4.75093
-3.97049
-4.35942
-3.96913
-4.36001
-5.14445
-4.75117
-5.14534
-4.75116
-2.41646
-2.79854
-2.41203
-2.42058
-2.80243
-3.18954
-3.57523
-3.18624
-3.57217
-3.18253
-2.42446
-2.80601
-2.80934
-3.58019
-3.19251
-3.57787
-3.96752
-4.35743
-3.96559
-4.35859
-5.14589
-4.75083
-5.14603
-4.75008
-3.96325
-4.35377
-3.9604
-4.35586
-5.14565
-4.74883
-5.14468
-4.74697
-3.03274
-2.88296
-2.26318
-3.80949
-3.65857
-4.29029
-4.13806
-3.50766
-3.35674
-2.73317
-4.59475
-4.44252
-5.38986
-5.23613
-5.88533
-5.7299
-5.0824
-4.92866
-5.57448
-5.41906
-4.77493
-6.38581
-6.22851
-6.89153
-6.73216
-6.07121
-5.91391
-5.26363
-3.98583
-3.8336
-3.20583
-4.6212
-5.10821
-4.46747
-4.31373
-3.68137
-4.95279
-4.79736
-4.16
-5.7566
-5.5993
-6.25406
-6.09469
-5.442
-5.2847
-4.64194
-6.57279
-6.41342
-7.40269
-7.24107
-7.91951
-7.75545
-7.07945
-6.91782
-7.59138
-7.42732
-6.7562
-8.4422
-8.2755
-8.97097
-8.80146
-8.10881
-7.94212
-7.26325
-5.93532
-5.77595
-5.1274
-6.59458
-7.09919
-6.43296
-6.27134
-5.61659
7.46064
7.85381
7.44419
8.26675
8.66614
8.24924
8.64705
8.22969
7.83586
7.42586
7.81591
7.40556
7.01909
8.62581
8.20804
8.60235
8.18418
7.79388
7.3832
6.99849
9.04735
9.45027
9.02433
9.8803
10.2907
9.8559
10.2644
9.82899
9.42535
8.99895
9.39797
8.97113
8.57656
10.2354
9.7995
10.2037
9.76733
9.36802
8.94078
8.54835
7.76967
7.35869
6.97585
8.15802
8.12947
7.74319
7.33194
6.95109
10.73
11.1487
10.7042
11.5979
12.0256
11.5707
11.9962
11.5407
11.1208
10.6758
12.4855
12.9229
12.4569
13.3943
13.842
13.3642
13.8097
13.3311
12.892
12.4253
12.8582
12.3908
11.964
13.7742
13.2948
13.7353
13.2552
12.8211
12.3531
11.9288
11.0902
10.6446
11.5078
11.472
11.0568
10.6106
11.0203
10.5737
10.1692
11.8904
11.4331
11.8489
11.391
10.9809
10.5337
10.1318
12.7809
12.3121
13.6931
13.2123
13.6474
13.1659
12.7373
12.2679
12.6902
12.2203
11.8041
13.5982
13.116
13.5453
13.0624
12.6397
12.1692
11.756
10.9383
10.4907
10.0914
11.3457
11.2971
10.8925
10.4445
10.048
7.71436
7.30287
6.92412
8.51764
8.09846
8.48434
8.06487
7.68308
7.27138
6.89485
9.33542
8.9078
9.73238
9.69458
9.30008
8.87212
9.26191
8.83363
8.44835
9.65383
9.61004
9.22082
8.79225
8.40959
7.64927
7.23738
6.8632
8.02863
7.98965
7.61282
7.20078
6.82906
1.68467
1.30711
0.939788
2.43091
2.05184
2.4186
2.03967
1.6737
1.29635
0.930146
3.17999
2.79866
3.93336
3.54904
3.91833
3.53402
3.16632
2.78507
3.15136
2.77022
2.40514
3.90186
3.51759
3.88385
3.49965
3.13502
2.75401
2.39044
1.66173
1.28462
0.919651
2.02639
2.01189
1.64866
1.27183
0.908214
4.69249
4.30444
5.45885
5.06633
5.44105
5.04841
4.67609
4.28798
6.23389
5.83617
6.61542
6.59455
6.2147
5.81678
6.19362
5.79554
5.42152
6.57168
6.54672
6.17057
5.77235
5.40016
4.65809
4.26995
5.02878
5.00736
4.63841
4.25028
4.61697
4.22886
3.86423
5.37689
4.98404
5.35161
4.95876
4.59367
4.20562
3.84289
6.14545
5.74713
6.51958
6.49017
6.11818
5.71978
6.08867
5.69023
5.32424
6.4584
6.42417
6.05683
5.65836
5.29468
4.56842
4.18046
3.81975
4.9314
4.90189
4.54113
4.15328
3.79473
1.63442
1.25789
0.895743
2.37442
1.9961
2.35698
1.97892
1.61891
1.24271
0.88215
3.1172
2.73636
3.48012
3.45891
3.09782
2.71717
3.07678
2.69635
2.33803
3.43593
3.41108
3.054
2.67382
2.31749
1.60204
1.22619
0.867345
1.96026
1.94004
1.58372
1.20826
0.851237
0.560194
0.189743
0.550589
0.180994
-0.197905
-0.568207
-0.189307
-0.560486
0.540132
0.171483
0.528733
0.161121
-0.217474
-0.585748
-0.207265
-0.576598
-0.955176
-1.32593
-0.94705
-0.964061
-1.33373
-1.71236
-2.08418
-1.70494
-2.07786
-1.69818
-0.939593
-1.31224
-1.3188
-2.07211
-1.69201
-2.06685
0.516302
0.149818
0.502749
0.137484
-0.240805
-0.606688
-0.228625
-0.595748
0.487985
0.124029
0.471919
0.109363
-0.268615
-0.631745
-0.254105
-0.618657
-0.996166
-1.36205
-0.984466
-1.00898
-1.37343
-1.75053
-2.11702
-1.73954
-2.10749
-1.72957
-0.973794
-1.3423
-1.3517
-2.0989
-1.72055
-2.09116
-2.47022
-2.84369
-2.46373
-2.47747
-2.84963
-3.22948
-3.60521
-3.22415
-3.60121
-3.21948
-2.48556
-2.85632
-2.49459
-2.86386
-3.2425
-3.6153
-3.23557
-3.60988
-3.99091
-4.3695
-3.98697
-3.9956
-4.37266
-4.75524
-5.1373
-4.75291
-5.13653
-4.75125
-3.98369
-4.36507
-3.98098
-4.367
-5.13633
-4.75016
-5.13661
-4.74955
-2.44788
-2.82567
-2.45265
-2.82949
-3.21178
-3.59228
-3.20856
-3.59003
-2.4579
-2.83371
-2.83841
-3.59778
-3.21539
-3.59483
-3.97875
-4.36257
-3.97692
-4.36362
-5.13728
-4.74932
-5.13825
-4.7494
-3.97539
-4.36127
-4.36181
-5.13943
-4.74969
-5.14073
-5.53282
-5.92975
-5.5351
-5.53057
-5.92647
-6.32177
-6.72427
-6.32611
-6.72966
-6.33038
-5.52845
-5.92322
-5.52653
-5.92008
-6.31326
-6.71338
-6.31746
-6.71881
-7.11769
-7.52637
-7.12433
-7.11109
-7.51851
-7.92134
-8.3368
-7.9305
-8.34723
-7.93959
-7.13089
-7.54181
-7.13731
-7.53417
-8.35751
-7.94852
-8.36754
-7.95721
-5.52491
-5.91716
-5.52368
-5.91453
-6.30558
-6.70296
-6.30927
-6.70807
-5.52292
-5.9123
-5.52274
-5.91054
-6.29945
-6.69372
-6.30228
-6.69815
-7.09232
-7.49542
-7.09831
-7.08672
-7.4882
-7.88587
-8.2953
-7.89439
-8.30546
-7.9032
-7.1046
-7.51067
-7.50294
-8.31582
-7.91221
-8.3263
-8.73347
-9.15631
-8.74537
-8.72159
-9.14294
-9.55481
-9.98563
-9.56969
-10.002
-9.58451
-8.70981
-9.12959
-8.69825
-9.11636
-9.52519
-9.95273
-9.53995
-9.96917
-10.3861
-10.8255
-10.4042
-10.368
-10.8057
-11.2281
-11.6767
-11.2497
-11.7
-11.2711
-10.4222
-10.8648
-10.4401
-10.8452
-11.7231
-11.2924
-11.7459
-11.3135
-8.78032
-9.20819
-8.79142
-8.76889
-9.19563
-9.61357
-10.0499
-9.62764
-10.0651
-9.64128
-8.75721
-9.18274
-9.1696
-10.0183
-9.59917
-10.0342
-10.4577
-10.903
-10.475
-10.8841
-11.7685
-11.3342
-11.7905
-11.3544
-10.4918
-10.9396
-10.5081
-10.9216
-11.8121
-11.3742
-11.833
-11.3933
-5.54431
-5.94624
-5.54359
-5.54435
-5.94596
-6.34972
-6.75812
-6.35105
-6.75978
-6.35159
-5.54378
-5.945
-5.5427
-5.94343
-6.34508
-6.75255
-6.3477
-6.75568
-7.16394
-7.57941
-7.16754
-7.15964
-7.57458
-7.98771
-8.41087
-7.99383
-8.41754
-7.99916
-7.17037
-7.58664
-7.17232
-7.58346
-8.42334
-8.00361
-8.42817
-8.00711
-5.54121
-5.94136
-5.53938
-5.93886
-6.3384
-6.74457
-6.34195
-6.74882
-5.53731
-5.93603
-5.93297
-6.7349
-6.33451
-6.7399
-7.14348
-7.55628
-7.14932
-7.54922
-8.37724
-7.96556
-8.38651
-7.97349
-7.15473
-7.56906
-7.56293
-8.39527
-7.9809
-8.40342
-8.82179
-9.25324
-8.83064
-8.81224
-9.24293
-9.66692
-10.1073
-9.67874
-10.1199
-9.68977
-8.80209
-9.23193
-9.22031
-10.0798
-9.65441
-10.0939
-10.5239
-10.9737
-10.5389
-10.957
-11.8532
-11.4118
-11.8727
-11.4294
-10.5531
-11.0046
-10.5664
-10.9896
-11.8912
-11.4462
-11.9088
-11.462
-8.85212
-9.28569
-8.85729
-8.8459
-9.27907
-9.70911
-10.152
-9.71724
-10.1606
-9.72422
-8.83871
-9.2714
-9.26276
-10.1316
-9.69993
-10.1423
-10.5788
-11.0317
-10.5901
-11.0187
-11.9254
-11.4767
-11.9407
-11.4903
-10.6003
-11.0541
-10.6092
-11.0435
-11.9549
-11.5026
-11.9677
-11.5136
-6.19617
-6.04075
-7.01502
-6.85771
-7.529
-7.36963
-6.70041
-6.54311
-7.84774
-7.68837
-8.69567
-8.53404
-9.23202
-9.06795
-8.37242
-8.2108
-8.90389
-8.73983
-8.04918
-9.77574
-9.60905
-10.327
-10.1575
-9.44235
-9.27566
-8.57576
-7.21026
-7.05089
-7.88755
-8.4117
-7.72593
-7.56431
-9.56015
-9.39609
-10.4425
-10.2758
-11.0051
-10.8356
-10.1091
-9.94244
-11.3441
-11.1746
-12.2663
-12.0938
-12.859
-12.6832
-11.9213
-11.7487
-12.5075
-12.3318
-11.5762
-13.4613
-13.2822
-14.0736
-13.891
-13.1031
-12.9241
-12.1561
-10.6661
-10.4966
-11.4037
-11.9804
-11.2312
-11.0587
-11.8047
-11.629
-10.8862
-12.745
-12.5659
-13.343
-13.1603
-12.3868
-12.2077
-11.4533
-13.7083
-13.5257
-14.6961
-14.5097
-15.3289
-15.1386
-14.3233
-14.1368
-14.9482
-14.7578
-13.9504
-15.9723
-15.7778
-16.6265
-16.4277
-15.5833
-15.3888
-14.5675
-12.9777
-12.795
-12.0286
-13.764
-14.3771
-13.5776
-13.3912
-12.6124
-8.24763
-8.08357
-9.10897
-8.94227
-9.649
-9.47949
-8.77558
-8.60889
-9.98803
-9.81852
-10.7136
-11.2776
-10.5411
-10.3686
-11.1018
-10.9261
-10.1961
-11.8495
-12.4297
-11.6704
-11.4913
-10.7504
-9.30998
-9.14048
-10.0236
-10.5747
-9.85106
-9.67854
-10.399
-10.2233
-9.50603
-11.3122
-11.1331
-11.8817
-11.6991
-10.9541
-10.775
-10.0476
-12.247
-12.0644
-13.2048
-13.0183
-13.806
-13.6157
-12.8319
-12.6455
-13.4253
-13.2349
-12.4591
-14.4164
-14.2219
-15.036
-14.8372
-14.0274
-13.8329
-13.0446
-11.5164
-11.3337
-10.5959
-12.2727
-12.8542
-12.0863
-11.8998
-11.1511
-14.1867
-13.9964
-15.1943
-14.9998
-15.8312
-15.6324
-14.8053
-14.6109
-16.2289
-16.03
-17.2917
-17.0883
-17.968
-17.76
-16.885
-16.6817
-17.552
-17.344
-16.4784
-18.6558
-18.4429
-19.3553
-19.1373
-18.23
-18.0171
-17.136
-15.4336
-15.2348
-16.2751
-16.928
-16.0717
-15.8684
-16.7199
-16.5119
-15.6651
-17.8042
-17.5913
-18.4834
-18.2654
-17.3784
-17.1655
-16.3039
-18.9193
-18.7014
-20.0666
-19.8433
-20.7899
-20.5612
-19.6201
-19.3969
-20.3325
-20.1039
-19.1736
-21.5255
-21.2912
-22.2736
-22.0335
-21.0569
-20.8226
-19.8752
-18.0474
-17.8295
-16.9526
-18.9504
-19.6465
-18.7272
-18.5039
-17.6115
-12.6639
-12.4735
-11.7134
-13.6384
-13.4439
-14.2407
-14.0419
-13.2494
-13.0549
-12.2831
-14.6383
-14.4395
-15.4618
-16.0959
-15.2584
-15.0551
-15.8879
-15.6798
-14.8518
-16.7397
-17.3935
-16.5268
-16.3139
-15.4718
-13.8431
-13.6443
-12.8604
-14.6485
-15.2638
-14.4451
-14.2418
-13.4454
-6.93512
-6.77106
-6.10971
-7.77542
-7.60872
-8.29291
-8.1234
-7.44203
-7.27534
-6.60699
-8.63194
-8.46243
-9.33351
-9.87187
-9.16099
-8.98847
-9.69616
-9.52045
-8.81595
-10.4168
-10.9684
-10.2377
-10.0586
-9.34474
-7.95389
-7.78438
-7.10864
-8.64343
-9.16903
-8.47092
-8.2984
-7.61487
-8.99332
-8.81761
-8.12588
-9.8795
-9.70041
-10.4204
-10.2378
-9.52131
-9.34222
-8.6419
-10.7858
-10.6031
-11.527
-12.0928
-11.3406
-11.1542
-11.9024
-11.712
-10.9678
-12.6659
-13.2466
-12.4714
-12.2769
-11.5217
-10.0551
-9.87245
-9.16314
-10.7813
-11.3313
-10.5949
-10.4085
-9.6898
1.37202
2.12279
2.1165
1.36589
2.87575
3.63236
3.62573
2.86929
2.86233
3.61844
3.61041
2.85478
1.35956
2.10986
2.10278
1.35292
4.3941
5.16243
5.15539
4.38727
4.37964
5.14741
5.1384
4.37113
4.36164
5.12826
5.11691
4.35108
5.87712
6.65943
6.64317
5.86197
4.33937
5.10425
5.09021
4.32641
1.3459
2.09516
2.08691
1.33841
2.84655
3.60156
3.59178
2.83755
2.82768
3.581
3.56912
2.81687
1.33034
2.07795
2.06819
1.32162
0.620129
0.614141
-0.139986
-0.134225
0.608063
0.601807
-0.15159
-0.145744
-0.901221
-0.90652
-1.66432
-1.65971
-0.890521
-0.895918
-1.65499
-1.6501
0.595283
0.5884
-0.1639
-0.157612
0.581069
0.5732
-0.177637
-0.170546
-0.923287
-0.929465
-1.68362
-1.67849
-0.911904
-0.917463
-1.67363
-1.66893
-2.43004
-2.43373
-3.19911
-3.19656
-2.4375
-2.44145
-3.20428
-3.20166
-3.97229
-3.97346
-4.75033
-4.75075
-3.96983
-3.97111
-4.75107
-4.7512
-2.41429
-2.41855
-3.18794
-3.18444
-2.42254
-2.42634
-3.1939
-3.19106
-3.96661
-3.96836
-4.75104
-4.75052
-3.96189
-3.96448
-4.74953
-4.74798
-2.64715
-3.42013
-3.89787
-3.11948
-4.20097
-4.99099
-5.48242
-4.68507
-5.17332
-5.97859
-6.47969
-5.66591
-3.59477
-4.37916
-4.86421
-4.07324
-4.5551
-5.35323
-5.84645
-5.04056
-6.16307
-6.98594
-7.49756
-6.665
-7.17192
-8.01475
-8.53773
-7.68404
-5.52982
-6.34406
-6.84628
-6.02312
7.45265
8.25824
8.23972
7.43526
7.41596
8.21914
8.19639
7.39464
9.03613
9.8684
9.84276
9.01194
8.98535
9.81458
9.78375
8.95628
7.37122
8.17139
8.14405
7.3456
10.7174
11.5847
11.5561
10.6903
12.4716
13.3796
13.348
12.4415
12.4084
13.3133
13.2754
12.3723
10.6605
11.5247
11.4903
10.6279
10.5925
11.4529
11.4124
10.5541
12.333
13.2342
13.1895
12.2904
12.2445
13.1414
13.0897
12.1952
10.5126
11.3688
11.3218
10.468
7.3177
8.11428
8.08199
7.28743
8.92463
9.75021
9.71384
8.89031
8.85323
9.67458
9.63232
8.8133
7.2547
8.04709
8.00949
7.21941
1.31215
2.05753
2.04589
1.30184
2.80501
3.55605
3.5417
2.79202
2.77781
3.52599
3.50881
2.76229
1.29061
2.03317
2.0193
1.27836
4.31212
5.07468
5.05758
4.2964
5.84519
6.62513
6.60523
5.8267
5.80639
6.58337
6.55947
5.78419
4.27917
5.03881
5.0183
4.26033
4.23979
4.99594
4.97165
4.21748
5.76
6.53343
6.50517
5.73373
5.70529
6.47458
6.4416
5.67459
4.19328
4.94534
4.91692
4.16713
1.26501
2.00416
1.98769
1.25046
2.74537
3.49009
3.46973
2.72696
2.70697
3.44765
3.42374
2.68531
1.23462
1.96978
1.95035
1.21741
0.564705
0.555492
-0.193516
-0.185264
0.545473
0.534556
-0.212258
-0.202484
-0.951024
-0.959518
-1.70856
-1.70149
-0.936088
-0.943244
-1.69503
-1.6891
0.522652
0.509671
-0.23458
-0.222926
0.495524
0.480121
-0.261203
-0.247309
-0.990182
-1.00243
-1.7449
-1.73443
-0.968816
-0.979007
-1.72495
-1.71636
-2.46688
-2.47374
-3.22673
-3.22174
-2.4814
-2.48995
-3.23892
-3.23243
-3.98885
-3.99315
-4.75399
-4.752
-3.98227
-3.98525
-4.75064
-4.7498
-2.44565
-2.45021
-3.21013
-3.20708
-2.45521
-2.46074
-3.21737
-3.21353
-3.97779
-3.97981
-4.74939
-4.74933
-3.97471
-3.97612
-4.74953
-4.74989
-5.53396
-5.53169
-6.32394
-6.32826
-5.52949
-5.52745
-6.31534
-6.3196
-7.12101
-7.11438
-7.92592
-7.93506
-7.13413
-7.12762
-7.94408
-7.9529
-5.52567
-5.52424
-6.30739
-6.31124
-5.52324
-5.52276
-6.3008
-6.30388
-7.09527
-7.08947
-7.89008
-7.89876
-7.10782
-7.10142
-7.90769
-7.91677
-8.73942
-8.72752
-9.56226
-9.57712
-8.71568
-8.704
-9.53255
-9.54737
-10.3952
-10.3771
-11.2389
-11.2604
-10.4312
-10.4132
-11.2818
-11.303
-8.78592
-8.77464
-9.62066
-9.63452
-8.76307
-8.7513
-9.59186
-9.60641
-10.4664
-10.4489
-11.3239
-11.3444
-10.5001
-10.4835
-11.3644
-11.3838
-5.54405
-5.54441
-6.35048
-6.35143
-5.54413
-5.5433
-6.34646
-6.34879
-7.16583
-7.16187
-7.99086
-7.9966
-7.17146
-7.16906
-8.0015
-8.00549
-5.542
-5.54033
-6.34022
-6.34357
-5.53837
-5.53622
-6.33247
-6.33649
-7.14645
-7.14043
-7.96143
-7.96958
-7.15725
-7.15208
-7.97727
-7.98439
-8.82631
-8.8171
-9.67293
-9.68436
-8.80724
-8.79681
-9.64792
-9.66075
-10.5315
-10.5161
-11.4026
-11.4207
-10.5599
-10.5461
-11.4379
-11.4542
-8.85485
-8.84914
-9.71331
-9.72088
-8.84242
-8.83478
-9.69496
-9.70464
-10.5846
-10.5728
-11.4695
-11.4837
-10.6049
-10.5954
-11.4966
-11.5083
-5.79153
-6.60394
-7.11293
-6.29127
-7.42956
-8.26972
-8.80012
-7.94877
-8.47447
-9.33759
-9.88236
-9.00688
-6.79631
-7.62783
-8.14883
-7.30689
-9.12576
-9.99902
-10.5547
-9.6683
-10.8908
-11.8026
-12.3873
-11.4606
-12.0392
-12.9815
-13.5854
-12.6268
-10.2185
-11.1186
-11.691
-10.7766
-11.3428
-12.272
-12.862
-11.9173
-13.2237
-14.1991
-14.8228
-13.83
-14.4461
-15.4569
-16.1014
-15.0721
-12.5003
-13.461
-14.0694
-13.092
-7.8232
-8.67617
-9.21004
-8.34546
-9.5462
-10.4346
-10.9946
-10.0926
-10.6464
-11.5625
-12.1386
-11.2078
-8.87389
-9.75066
-10.2982
-9.40869
-9.95007
-10.853
-11.4152
-10.4983
-11.7769
-12.723
-13.3159
-12.3539
-12.9392
-13.9176
-14.5284
-13.5328
-11.0534
-11.9849
-12.5624
-11.6159
-13.6926
-14.6873
-15.3149
-14.3025
-15.7081
-16.7566
-17.4228
-16.3546
-17.0115
-18.1001
-18.7887
-17.6792
-14.9216
-15.9525
-16.6002
-15.5504
-16.1889
-17.2583
-17.927
-16.8375
-18.3579
-19.4889
-20.2008
-19.0477
-19.7489
-20.9247
-21.6608
-20.4617
-17.4962
-18.6065
-19.297
-18.1654
-12.1857
-13.148
-13.7418
-12.7632
-14.1351
-15.1483
-15.7776
-14.7462
-15.3663
-16.4166
-17.0654
-15.9957
-13.3486
-14.3441
-14.955
-13.942
-6.52064
-7.35333
-7.86541
-7.02261
-8.20157
-9.0667
-9.60189
-8.72472
-9.2537
-10.1435
-10.6917
-9.78874
-7.52925
-8.38274
-8.90552
-8.04075
-8.55734
-9.43398
-9.96833
-9.07923
-10.33
-11.2468
-11.809
-10.8778
-11.4322
-12.3784
-12.9553
-11.9936
-9.60662
-10.5088
-11.0555
-10.1397
