FiniteElementSpace
FiniteElementCollection: H1_3D_P1
VDim: 3
Ordering: 1

-0.125 0 0.5
-0.195312 0 0.585938
-0.28125 0 0.5625
-0.382812 0 0.382812
-0.5 0 0
-0.125 0 0.5
-0.195312 0 0.585938
-0.28125 0 0.5625
-0.382812 0 0.382812
-0.5 0 0
-0.125 0 0.5
-0.195312 0 0.585938
-0.28125 0 0.5625
-0.382812 0 0.382812
-0.5 0 0
-0.125 0 0.5
-0.195312 0 0.585938
-0.28125 0 0.5625
-0.382812 0 0.382812
-0.5 0 0
-0.125 0 0.5
-0.125 0 0.5
-0.125 0 0.5
-0.125 0 0.5
-0.158203 0 0.553711
-0.195312 0 0.585938
-0.158203 0 0.553711
-0.158203 0 0.553711
-0.195312 0 0.585938
-0.158203 0 0.553711
-0.195312 0 0.585938
-0.195312 0 0.585938
-0.236328 0 0.59082
-0.28125 0 0.5625
-0.236328 0 0.59082
-0.236328 0 0.59082
-0.28125 0 0.5625
-0.236328 0 0.59082
-0.28125 0 0.5625
-0.28125 0 0.5625
-0.330078 0 0.495117
-0.382812 0 0.382812
-0.330078 0 0.495117
-0.330078 0 0.495117
-0.382812 0 0.382812
-0.330078 0 0.495117
-0.382812 0 0.382812
-0.382812 0 0.382812
-0.439453 0 0.219727
-0.5 0 0
-0.439453 0 0.219727
-0.439453 0 0.219727
-0.5 0 0
-0.439453 0 0.219727
-0.5 0 0
-0.5 0 0
-0.125 0 0.5
-0.158203 0 0.553711
-0.158203 0 0.553711
-0.195312 0 0.585938
-0.158203 0 0.553711
-0.158203 0 0.553711
-0.236328 0 0.59082
-0.236328 0 0.59082
-0.28125 0 0.5625
-0.236328 0 0.59082
-0.236328 0 0.59082
-0.330078 0 0.495117
-0.330078 0 0.495117
-0.382812 0 0.382812
-0.330078 0 0.495117
-0.330078 0 0.495117
-0.439453 0 0.219727
-0.439453 0 0.219727
-0.5 0 0
-0.439453 0 0.219727
-0.439453 0 0.219727
-0.158203 0 0.553711
-0.236328 0 0.59082
-0.330078 0 0.495117
-0.439453 0 0.219727
