FiniteElementSpace
FiniteElementCollection: H1_3D_P1
VDim: 3
Ordering: 1

0 0 0
-0.0078125 0 0.0546875
-0.03125 0 0.1875
-0.0703125 0 0.351563
-0.125 0 0.5
0 0 0
-0.0078125 0 0.0546875
-0.03125 0 0.1875
-0.0703125 0 0.351563
-0.125 0 0.5
0 0 0
-0.0078125 0 0.0546875
-0.03125 0 0.1875
-0.0703125 0 0.351563
-0.125 0 0.5
0 0 0
-0.0078125 0 0.0546875
-0.03125 0 0.1875
-0.0703125 0 0.351563
-0.125 0 0.5
-0.00195312 0 0.0146484
-0.0078125 0 0.0546875
-0.00195312 0 0.0146484
0 0 0
-0.00195312 0 0.0146484
-0.0078125 0 0.0546875
-0.00195312 0 0.0146484
0 0 0
0 0 0
-0.0078125 0 0.0546875
-0.0078125 0 0.0546875
0 0 0
-0.0175781 0 0.114258
-0.03125 0 0.1875
-0.0175781 0 0.114258
-0.0175781 0 0.114258
-0.03125 0 0.1875
-0.0175781 0 0.114258
-0.03125 0 0.1875
-0.03125 0 0.1875
-0.0488281 0 0.268555
-0.0703125 0 0.351563
-0.0488281 0 0.268555
-0.0488281 0 0.268555
-0.0703125 0 0.351563
-0.0488281 0 0.268555
-0.0703125 0 0.351563
-0.0703125 0 0.351563
-0.0957031 0 0.430664
-0.125 0 0.5
-0.0957031 0 0.430664
-0.0957031 0 0.430664
-0.125 0 0.5
-0.0957031 0 0.430664
-0.125 0 0.5
-0.125 0 0.5
-0.00195312 0 0.0146484
-0.00195312 0 0.0146484
-0.0078125 0 0.0546875
-0.00195312 0 0.0146484
0 0 0
-0.00195312 0 0.0146484
-0.0175781 0 0.114258
-0.0175781 0 0.114258
-0.03125 0 0.1875
-0.0175781 0 0.114258
-0.0175781 0 0.114258
-0.0488281 0 0.268555
-0.0488281 0 0.268555
-0.0703125 0 0.351563
-0.0488281 0 0.268555
-0.0488281 0 0.268555
-0.0957031 0 0.430664
-0.0957031 0 0.430664
-0.125 0 0.5
-0.0957031 0 0.430664
-0.0957031 0 0.430664
-0.00195312 0 0.0146484
-0.0175781 0 0.114258
-0.0488281 0 0.268555
-0.0957031 0 0.430664
