FiniteElementSpace
FiniteElementCollection: H1_3D_P1
VDim: 3
Ordering: 1

-0.025 0 0.1
-0.0390625 0 0.117188
-0.05625 0 0.1125
-0.0765625 0 0.0765625
-0.1 0 0
-0.025 0 0.1
-0.0390625 0 0.117188
-0.05625 0 0.1125
-0.0765625 0 0.0765625
-0.1 0 0
-0.025 0 0.1
-0.0390625 0 0.117188
-0.05625 0 0.1125
-0.0765625 0 0.0765625
-0.1 0 0
-0.025 0 0.1
-0.0390625 0 0.117188
-0.05625 0 0.1125
-0.0765625 0 0.0765625
-0.1 0 0
-0.025 0 0.1
-0.025 0 0.1
-0.025 0 0.1
-0.025 0 0.1
-0.0316406 0 0.110742
-0.0390625 0 0.117188
-0.0316406 0 0.110742
-0.0316406 0 0.110742
-0.0390625 0 0.117188
-0.0316406 0 0.110742
-0.0390625 0 0.117188
-0.0390625 0 0.117188
-0.0472656 0 0.118164
-0.05625 0 0.1125
-0.0472656 0 0.118164
-0.0472656 0 0.118164
-0.05625 0 0.1125
-0.0472656 0 0.118164
-0.05625 0 0.1125
-0.05625 0 0.1125
-0.0660156 0 0.0990234
-0.0765625 0 0.0765625
-0.0660156 0 0.0990234
-0.0660156 0 0.0990234
-0.0765625 0 0.0765625
-0.0660156 0 0.0990234
-0.0765625 0 0.0765625
-0.0765625 0 0.0765625
-0.0878906 0 0.0439453
-0.1 0 0
-0.0878906 0 0.0439453
-0.0878906 0 0.0439453
-0.1 0 0
-0.0878906 0 0.0439453
-0.1 0 0
-0.1 0 0
-0.025 0 0.1
-0.0316406 0 0.110742
-0.0316406 0 0.110742
-0.0390625 0 0.117188
-0.0316406 0 0.110742
-0.0316406 0 0.110742
-0.0472656 0 0.118164
-0.0472656 0 0.118164
-0.05625 0 0.1125
-0.0472656 0 0.118164
-0.0472656 0 0.118164
-0.0660156 0 0.0990234
-0.0660156 0 0.0990234
-0.0765625 0 0.0765625
-0.0660156 0 0.0990234
-0.0660156 0 0.0990234
-0.0878906 0 0.0439453
-0.0878906 0 0.0439453
-0.1 0 0
-0.0878906 0 0.0439453
-0.0878906 0 0.0439453
-0.0316406 0 0.110742
-0.0472656 0 0.118164
-0.0660156 0 0.0990234
-0.0878906 0 0.0439453
