FiniteElementSpace
FiniteElementCollection: H1_3D_P1
VDim: 3
Ordering: 1

0 0 0
0.00979507 0.00392674 0.021413
0.0100751 -0.000635161 0.0731442
-0.00451505 -0.00527327 0.136473
-0.0339145 -0.0102505 0.192995
-0.0780151 -0.0153575 0.224686
-0.134471 -0.0182918 0.21341
-0.187638 -0.0110348 0.140477
-0.212321 -0.00265817 0.0448776
0 0 0
0.00979507 -0.00392674 0.021413
0.0100751 0.000635169 0.0731442
-0.00451506 0.00527324 0.136473
-0.0339145 0.0102505 0.192995
-0.0780151 0.0153574 0.224686
-0.134471 0.0182917 0.21341
-0.187638 0.011035 0.140477
-0.212321 0.00265818 0.0448775
0 0 0
-0.0209358 -0.00770981 0.0247661
-0.0425781 -0.00497482 0.0778879
-0.0603599 -0.00317912 0.143975
-0.0752757 -0.00173763 0.20437
-0.0868815 -0.000114582 0.239815
-0.0943427 0.00172483 0.228982
-0.10194 0.00030185 0.148781
-0.114744 -0.00166338 0.0463907
0 0 0
-0.0209358 0.00770981 0.0247661
-0.0425781 0.00497485 0.0778879
-0.0603599 0.00317913 0.143975
-0.0752756 0.00173765 0.20437
-0.0868814 0.000114639 0.239815
-0.0943427 -0.00172478 0.228982
-0.10194 -0.000301875 0.148782
-0.114745 0.00166343 0.0463906
0.0045927 0.00490431 0.00646549
0.0101831 1.65278e-09 0.0240688
0.0045927 -0.0049043 0.0064655
0 0 0
-0.00854777 -0.00794029 0.00918708
-0.0208994 -3.82562e-09 0.0275037
-0.00854777 0.00794028 0.00918708
0 0 0
0 0 0
-0.00525186 -0.00184346 0.0221282
-0.00525186 0.00184347 0.0221282
0 0 0
0.0117815 0.00165343 0.0446211
0.0108667 5.96016e-09 0.0741881
0.0117815 -0.00165343 0.0446211
-0.0323542 -0.00622968 0.0485321
-0.0427604 1.54082e-08 0.0788214
-0.0323542 0.00622968 0.0485321
-0.0158799 -0.00276499 0.0751207
-0.0158799 0.002765 0.0751207
0.00463421 -0.00292307 0.104525
-0.00358044 -1.29045e-08 0.136069
0.00463421 0.00292307 0.104525
-0.051846 -0.00399219 0.110472
-0.0603625 1.11383e-09 0.143468
-0.051846 0.00399219 0.110472
-0.032008 -0.0042072 0.140448
-0.032008 0.00420721 0.140448
-0.0173646 -0.00771808 0.166718
-0.0328755 -1.64087e-09 0.191086
-0.0173646 0.00771807 0.166718
-0.0681809 -0.00244731 0.176067
-0.0752139 5.9089e-09 0.202481
-0.0681808 0.0024473 0.176067
-0.0541463 -0.00595876 0.199526
-0.0541463 0.00595876 0.199526
-0.0541559 -0.0128338 0.213058
-0.077177 -2.79909e-08 0.221077
-0.0541559 0.0128339 0.213058
-0.0815549 -0.000985474 0.226459
-0.0869408 2.7713e-08 0.236572
-0.0815548 0.000985501 0.226459
-0.0820614 -0.00769549 0.233719
-0.0820614 0.00769552 0.233719
-0.105153 -0.0174719 0.225621
-0.13488 -5.1432e-08 0.208449
-0.105153 0.0174719 0.22562
-0.0911154 0.000883159 0.241702
-0.0945649 2.0615e-08 0.224877
-0.0911154 -0.000883138 0.241702
-0.114455 -0.00839368 0.22303
-0.114455 0.00839366 0.22303
-0.163371 -0.0163472 0.185423
-0.18955 5.78068e-08 0.13776
-0.163371 0.0163471 0.185423
-0.0973842 0.00166918 0.198362
-0.10211 7.87869e-09 0.146275
-0.0973842 -0.00166918 0.198362
-0.145547 -0.00540887 0.145649
-0.145547 0.00540886 0.145649
-0.20368 -0.00522296 0.0876483
-0.213763 2.83347e-08 0.0446268
-0.20368 0.00522305 0.0876482
-0.108586 -0.00114948 0.0912503
-0.114931 2.50559e-08 0.0458514
-0.108586 0.00114907 0.0912501
-0.164234 -0.00210131 0.0457902
-0.164234 0.00210129 0.0457899
0.00453127 1.62756e-09 0.00920353
-0.00169658 -0.001299 0.0063978
-0.00501621 5.45908e-09 0.0246123
-0.00169658 0.001299 0.0063978
0 0 0
-0.00810602 -5.57918e-09 0.011735
0.0124694 -2.9402e-09 0.0464408
-0.00995216 -0.00224044 0.0458656
-0.0155716 2.83082e-09 0.0761137
-0.00995216 0.00224045 0.0458656
-0.0325689 -2.28271e-09 0.0503162
0.0054959 -2.57568e-09 0.104841
-0.0231996 -0.00343215 0.107416
-0.0315401 3.38877e-09 0.139993
-0.0231996 0.00343215 0.107416
-0.0519309 -3.79287e-09 0.110664
-0.0163637 -1.23739e-08 0.165579
-0.0423294 -0.0050594 0.171924
-0.0535928 -1.96555e-09 0.197623
-0.0423294 0.0050594 0.171924
-0.0681321 -4.18822e-09 0.174869
-0.0531451 2.32095e-08 0.210328
-0.0674172 -0.00686281 0.220918
-0.0816503 1.59691e-08 0.230336
-0.0674171 0.00686279 0.220918
-0.0815287 2.37157e-08 0.223883
-0.10476 -2.19483e-08 0.221156
-0.0978902 -0.00830535 0.235388
-0.114743 1.43226e-09 0.218711
-0.0978902 0.00830537 0.235388
-0.0912789 9.35651e-09 0.23788
-0.164737 -4.1003e-08 0.180965
-0.130835 -0.0074985 0.193516
-0.146628 1.22577e-08 0.143094
-0.130835 0.00749857 0.193516
-0.0975878 2.2498e-08 0.194642
-0.205444 1.42791e-07 0.0867966
-0.156907 -0.00312331 0.0898132
-0.165083 -2.76701e-08 0.0453237
-0.156907 0.00312325 0.0898131
-0.108756 -2.40643e-07 0.090187
-0.00150336 5.21936e-11 0.00903633
-0.00970844 6.76507e-09 0.0476177
-0.0228081 -1.37761e-09 0.107676
-0.0418034 7.0362e-09 0.170751
-0.0668888 5.49542e-10 0.218272
-0.0977424 1.67474e-08 0.231368
-0.131625 5.47941e-08 0.189634
-0.157916 -8.78395e-08 0.0887962
