FiniteElementSpace
FiniteElementCollection: H1_3D_P1
VDim: 3
Ordering: 1

0 0 0
0.0116291 0.00622065 0.0114157
0.0168884 0.00267175 0.0386308
0.00985563 -0.001166 0.0708421
-0.0093427 -0.00557764 0.0989835
-0.0404028 -0.0101537 0.114931
-0.0791093 -0.0109721 0.110263
-0.105257 0.000446795 0.0746091
-0.113267 0.00474111 0.0463252
0 0 0
0.0116291 -0.00622066 0.0114157
0.0168884 -0.00267175 0.0386308
0.00985561 0.00116594 0.0708421
-0.00934275 0.00557765 0.0989836
-0.0404027 0.0101536 0.114931
-0.0791093 0.0109719 0.110263
-0.105257 -0.000446681 0.0746092
-0.113267 -0.00474089 0.046325
0 0 0
-0.0194557 -0.00742954 0.0118669
-0.0379417 -0.0025125 0.0369524
-0.048498 0.00133277 0.0690105
-0.0521717 0.00458439 0.0988967
-0.0481872 0.00813755 0.116329
-0.0352496 0.0119583 0.107501
-0.0210549 0.0110096 0.0589785
-0.0213347 0.00574867 0.0310896
0 0 0
-0.0194557 0.00742953 0.0118669
-0.0379417 0.00251254 0.0369524
-0.048498 -0.00133277 0.0690106
-0.0521717 -0.00458433 0.0988967
-0.0481871 -0.00813747 0.116329
-0.0352497 -0.0119583 0.107501
-0.0210549 -0.0110094 0.0589783
-0.0213346 -0.00574876 0.0310897
0.00503964 0.00628747 0.00354057
0.0118242 -2.29129e-09 0.0148435
0.00503964 -0.00628745 0.00354057
0 0 0
-0.00782396 -0.00800955 0.004701
-0.0196396 -6.05923e-09 0.0154791
-0.00782396 0.00800954 0.004701
0 0 0
0 0 0
-0.003725 -0.000533093 0.0108655
-0.003725 0.000533107 0.0108655
0 0 0
0.0157759 0.00450126 0.0237085
0.0176189 3.54673e-09 0.0400323
0.0157759 -0.00450126 0.0237084
-0.0297637 -0.00492436 0.0229638
-0.0384505 2.56375e-08 0.0381877
-0.0297637 0.00492436 0.0229638
-0.0103018 0.000141855 0.0374565
-0.0103018 -0.000141841 0.0374565
0.0149017 0.000808319 0.0547197
0.0108361 -2.58933e-08 0.0703334
0.0149017 -0.000808318 0.0547197
-0.044106 -0.000455371 0.0526688
-0.0487233 -3.55326e-09 0.0683262
-0.044106 0.000455338 0.0526688
-0.0190063 0.000118378 0.0701449
-0.0190063 -0.000118367 0.070145
0.00177107 -0.00329858 0.085943
-0.00818412 2.80883e-09 0.0964526
0.00177104 0.00329855 0.085943
-0.0512052 0.00297867 0.0848292
-0.0522846 2.68498e-08 0.0964113
-0.0512052 -0.0029787 0.0848292
-0.0304076 -0.000431831 0.0997128
-0.0304076 0.000431844 0.0997128
-0.0234547 -0.00793333 0.108966
-0.0396044 -5.77855e-08 0.110057
-0.0234547 0.00793343 0.108966
-0.0512438 0.00626281 0.109893
-0.0485033 3.26377e-08 0.112101
-0.0512437 -0.00626276 0.109893
-0.044054 -0.000925928 0.116958
-0.044054 0.000925976 0.116958
-0.0595524 -0.0116214 0.115837
-0.0801866 -1.25692e-07 0.103838
-0.0595523 0.0116213 0.115837
-0.0427838 0.0101989 0.116343
-0.0358187 6.24443e-09 0.102298
-0.0427837 -0.0101989 0.116343
-0.0575493 0.000451074 0.110346
-0.0575495 -0.000451066 0.110346
-0.0955607 -0.0065724 0.0964128
-0.10752 3.92866e-08 0.0717921
-0.0955608 0.00657238 0.0964127
-0.0270685 0.0123524 0.0875768
-0.021213 1.27754e-07 0.0558887
-0.0270686 -0.0123523 0.0875767
-0.0639006 0.0059888 0.0672194
-0.0639006 -0.00598895 0.0672194
-0.109336 0.00434043 0.0611453
-0.114388 1.04077e-07 0.0460962
-0.109336 -0.00434048 0.0611454
-0.0190925 0.00790057 0.0442182
-0.0211107 6.1751e-09 0.03041
-0.0190924 -0.00790106 0.044218
-0.0675734 0.00533141 0.0388649
-0.0675737 -0.00533155 0.0388646
0.00479928 5.44513e-09 0.00687656
-0.00117244 -0.000645417 0.00297333
-0.00369509 5.18744e-09 0.0141278
-0.00117243 0.000645414 0.00297333
0 0 0
-0.00746512 -5.46988e-09 0.0080488
0.0163432 -9.65582e-09 0.0261181
-0.00681186 -0.000141032 0.0227301
-0.0101876 7.59981e-09 0.0387748
-0.00681185 0.000141053 0.0227301
-0.0302991 -8.15398e-09 0.0253521
0.0157553 -9.63245e-09 0.0551621
-0.0143262 0.000219747 0.0536391
-0.0186266 9.30106e-09 0.0695482
-0.0143263 -0.00021975 0.0536391
-0.0444683 -2.41457e-08 0.0529073
0.00286606 -2.99693e-08 0.084453
-0.0243771 -0.000116463 0.0858784
-0.029881 7.6772e-10 0.0971997
-0.0243771 0.000116475 0.0858784
-0.0513412 -1.15668e-08 0.0832422
-0.022352 5.77212e-08 0.105306
-0.0370197 -0.000749398 0.110488
-0.0437878 2.57827e-08 0.112484
-0.0370196 0.000749371 0.110488
-0.0514171 4.94658e-08 0.106518
-0.0594791 -3.3605e-08 0.109839
-0.0511493 -0.00068469 0.1176
-0.0583646 6.33112e-08 0.10482
-0.0511494 0.000684715 0.1176
-0.0432688 1.91001e-08 0.11141
-0.0976863 -4.53111e-08 0.0911292
-0.0620662 0.00294125 0.0930112
-0.0651502 -7.05622e-08 0.0642911
-0.0620664 -0.00294112 0.093011
-0.0275344 4.90274e-08 0.0829524
-0.110963 1.42157e-07 0.0603931
-0.064651 0.00634243 0.0528184
-0.0680279 -1.29792e-08 0.0383294
-0.0646511 -0.00634242 0.0528184
-0.018959 -2.19937e-07 0.0428929
-0.0011111 2.39908e-09 0.00631697
-0.0067891 1.97513e-08 0.0250515
-0.0140772 -2.3398e-09 0.0539873
-0.0238966 1.57041e-08 0.0843336
-0.0365426 -4.11989e-09 0.106986
-0.0513258 1.13678e-08 0.112328
-0.0633917 1.14973e-07 0.0882837
-0.0654157 -1.56002e-07 0.0516956
