MFEM mesh v1.0

#
# MFEM Geometry Types (see mesh/geom.hpp):
#
# POINT       = 0
# SEGMENT     = 1
# TRIANGLE    = 2
# SQUARE      = 3
# TETRAHEDRON = 4
# CUBE        = 5
# PRISM       = 6
#

dimension
2

elements
8
1 3 2 7 13 6
1 3 7 0 8 13
1 3 13 8 3 9
1 3 6 13 9 5
1 3 5 9 14 12
1 3 9 3 10 14
1 3 14 10 1 11
1 3 12 14 11 4

boundary
12
2 1 2 7
2 1 7 0
2 1 1 11
2 1 11 4
1 1 0 8
1 1 8 3
1 1 3 10
1 1 10 1
4 1 6 2
4 1 5 6
4 1 12 5
4 1 4 12

vertices
15

nodes
FiniteElementSpace
FiniteElementCollection: H1_2D_P2
VDim: 2
Ordering: 1

1.03 0
1.03 0.95
0.59943549 0
1 0.29327846
0.98272066 0.95
0.14386973 0.44844591
0.26674985 0.066598869
0.95099465 0
1 1.201283
0.97209857 0.53833525
1 0.69453541
0.36295302 1
-0.11892751 0.39586526
0.94601286 0.34109551
0.94468402 0.80778684
0.87703143 0
0.68764442 0.42584951
0.3428001 0.52720242
0.29480465 -0.1187933
0.76876262 0
1 1.1792118
0.99453948 -0.10686948
1.03 -6.5102215
0.95602439 4.2159068
0.96328975 0.4860952
0.34710485 0.46874067
0.060052969 0.32262697
0.98654048 0.56308503
0.18801315 0.7315564
-0.37893746 0.31633463
1 -0.50795154
1.0192512 0.38043001
1 1.6020881
0.91205827 1
0.65784048 1.0141288
0.99794522 1
0.14988559 0.76527191
-0.31152865 0.55428072
0.91440624 -0.010927055
0.9573684 8.0268069
0.76182521 0.53894479
0.55526815 0.71712443
0.97775215 3.029855
0.98180613 0.81405952
0.54489313 0.91961993
