FiniteElementSpace
FiniteElementCollection: H1_2D_P2
VDim: 2
Ordering: 1

0 0
0 -0.05
0.099435487 0
0.48272066 -0.05
0 10.981299
-0.35613027 -0.051554093
-0.19725122 0
-0.23325015 -0.18340113
-0.25496791 0.38173952
0 0.37883251
-0.61892751 -0.35413474
-0.31453039 -0.05
0 3.5504564
-0.25140439 0.48417777
-0.24245916 0.73306321
-0.11681752 0
-0.20324864 0.21847835
-0.12749266 -2.4687112
0 -0.88398591
-0.90899566 0
-0.20519535 -0.2437933
-0.34212639 0.4725826
-0.43994703 -0.052373034
-0.313822 -0.12006276
-0.2534053 0.39108512
-0.1252627 -1.4193593
0 10.413099
-0.23558055 -1.1913357
-0.11220295 0.020480358
0 24.507886
-0.87893746 -0.30866537
-0.42074472 -0.3686519
-0.35011441 -0.10972809
-0.002607226 -0.05
-0.24895496 -0.17475855
-0.12428907 -0.05
0 0.2772187
-0.11532556 0.73396908
-0.10565377 -0.54459959
-0.24378586 0.040717299
-0.12896959 -1.5084413
-0.12708831 5.5634092
-0.38796593 -0.48355377
-0.3981462 -0.16642444
-0.11690083 -0.19054077
