FiniteElementSpace
FiniteElementCollection: H1_2D_P2
VDim: 2
Ordering: 1

0.03 0
0.03 -0.05
0.099435487 0
0 -0.20672154
0.48272066 -0.05
-0.35613027 -0.051554093
-0.23325015 -0.18340113
0.20099465 0
0 0.951283
0.22209857 0.038335246
0 -0.055464592
-0.38704698 0
-0.61892751 -0.35413474
0.19601286 0.091095506
0.19468402 0.05778684
0.25203143 0
-0.062355579 0.30084951
-0.2821999 0.27720242
-0.20519535 -0.2437933
-0.10623738 0
0 1.0542118
0.11953948 -0.35686948
0.03 -6.8852215
0.08102439 3.7159068
0.21328975 0.1110952
-0.27789515 -0.031259328
-0.43994703 -0.052373034
0.23654048 -0.061914975
-0.43698685 -0.018443598
-0.87893746 -0.30866537
0 -1.1329515
0.14425121 -0.36956999
0 0.72708811
0.037058267 0
-0.092159524 0.13912885
0.37294522 0
-0.35011441 -0.10972809
-0.93652865 0.42928072
0.039406243 -0.13592705
0.082368401 7.6518069
0.13682521 0.16394479
-0.069731845 0.09212443
0.10275215 2.404855
0.10680613 -0.060940485
-0.080106868 0.044619933
