MFEM mesh v1.0

#
# MFEM Geometry Types (see mesh/geom.hpp):
#
# POINT       = 0
# SEGMENT     = 1
# TRIANGLE    = 2
# SQUARE      = 3
# TETRAHEDRON = 4
# CUBE        = 5
# PRISM       = 6
#

dimension
2

elements
8
1 3 0 6 13 9
1 3 6 2 7 13
1 3 13 7 5 8
1 3 9 13 8 4
1 3 4 8 14 12
1 3 8 5 10 14
1 3 14 10 3 11
1 3 12 14 11 1

boundary
12
2 1 0 6
2 1 6 2
2 1 3 11
2 1 11 1
1 1 1 12
1 1 12 4
1 1 4 9
1 1 9 0
3 1 2 7
3 1 7 5
3 1 5 10
3 1 10 3

vertices
15

nodes
FiniteElementSpace
FiniteElementCollection: H1_2D_P2
VDim: 2
Ordering: 1

0 0
0 0.95
0.59943549 0
0.98272066 0.95
0 11.481299
0.14386973 0.44844591
0.052748776 0
0.26674985 0.066598869
-0.004967914 0.88173952
0 0.62883251
-0.11892751 0.39586526
-0.064530391 0.95
0 4.3004564
-0.0014043884 0.73417777
0.007540838 1.4830632
0.0081824798 0
0.04675136 0.34347835
-0.0024926559 -2.2187112
0 -0.75898591
-0.53399566 0
0.29480465 -0.1187933
0.03287361 0.7225826
0.060052969 0.32262697
0.061177995 0.37993724
-0.0034052984 0.76608512
-0.00026269617 -0.91935935
0 10.788099
0.014419447 -0.56633572
0.012797055 0.77048036
0 25.132886
-0.37893746 0.31633463
-0.045744716 0.3813481
0.14988559 0.76527191
0.37239277 0.95
0.0010450437 0.70024145
0.00071092605 0.95
0 1.1522187
0.009674444 0.85896908
0.26934623 -0.41959959
0.13121414 0.4157173
-0.0039695874 -1.1334413
-0.0020883064 6.1884092
-0.012965927 0.14144623
-0.023146203 0.70857556
0.0080991709 0.68445923
