FiniteElementSpace
FiniteElementCollection: H1_3D_P1
VDim: 3
Ordering: 1

0 0 0
0.00159964 0.000408202 0.010587
-0.000747055 -0.000985522 0.0362894
-0.00823706 -0.00234513 0.0681039
-0.0208716 -0.00373085 0.0967516
-0.0386725 -0.00514029 0.112907
-0.0615209 -0.00640285 0.107264
-0.0866454 -0.00562909 0.0707267
-0.102844 -0.00251439 0.0108575
0 0 0
0.00159964 -0.000408202 0.010587
-0.000747055 0.000985522 0.0362894
-0.00823706 0.00234513 0.0681039
-0.0208716 0.00373085 0.0967516
-0.0386725 0.00514029 0.112907
-0.0615209 0.00640285 0.107264
-0.0866454 0.00562909 0.0707267
-0.102844 0.00251439 0.0108575
0 0 0
-0.00599459 -0.00199752 0.0121507
-0.0133661 -0.00185928 0.0390808
-0.0215711 -0.00192275 0.0723131
-0.0308449 -0.00201491 0.102461
-0.0411596 -0.00209168 0.120122
-0.0524214 -0.00212718 0.11574
-0.0648469 -0.00260146 0.0787868
-0.0770386 -0.00226889 0.0154229
0 0 0
-0.00599459 0.00199752 0.0121507
-0.0133661 0.00185928 0.0390808
-0.0215711 0.00192275 0.0723131
-0.0308449 0.00201491 0.102461
-0.0411596 0.00209168 0.120122
-0.0524214 0.00212718 0.11574
-0.0648469 0.00260146 0.0787868
-0.0770386 0.00226889 0.0154229
0.000938786 0.000880286 0.00308003
0.00174489 -7.97154e-18 0.0110579
0.000938786 -0.000880286 0.00308003
0 0 0
-0.00241555 -0.00196776 0.00415071
-0.00593043 -4.7579e-19 0.0126165
-0.00241555 0.00196776 0.00415071
0 0 0
0 0 0
-0.0020853 -0.000788455 0.0110821
-0.0020853 0.000788455 0.0110821
0 0 0
0.00106787 -0.000298596 0.0220963
-0.000533892 4.21716e-18 0.036461
0.00106787 0.000298596 0.0220963
-0.0096151 -0.00188375 0.024238
-0.0133301 1.87758e-18 0.0392388
-0.0096151 0.00188375 0.024238
-0.00692699 -0.00141796 0.0375712
-0.00692699 0.00141796 0.0375712
-0.00384973 -0.00166361 0.0520105
-0.00801488 1.73028e-18 0.0680292
-0.00384973 0.00166361 0.0520105
-0.0173379 -0.00188226 0.0554965
-0.0215161 7.23858e-18 0.0722306
-0.0173379 0.00188226 0.0554965
-0.0147681 -0.00213319 0.0702661
-0.0147681 0.00213319 0.0702661
-0.0139102 -0.0030344 0.0834066
-0.0206417 -1.03609e-17 0.0964301
-0.0139102 0.0030344 0.0834066
-0.0260743 -0.00196832 0.0883592
-0.0307858 -1.94466e-18 0.102138
-0.0260743 0.00196832 0.0883592
-0.0257212 -0.00287142 0.0998346
-0.0257212 0.00287142 0.0998346
-0.0291244 -0.00443359 0.106973
-0.038453 2.80768e-18 0.112321
-0.0291244 0.00443359 0.106973
-0.0358766 -0.00205843 0.113442
-0.0411102 -7.30078e-18 0.119557
-0.0358766 0.00205843 0.113442
-0.0397828 -0.00361626 0.116917
-0.0397828 0.00361626 0.116917
-0.0495048 -0.00583062 0.113392
-0.061456 -1.65048e-17 0.10639
-0.0495048 0.00583062 0.113392
-0.0466782 -0.00210814 0.121306
-0.0523902 2.71648e-18 0.114989
-0.0466782 0.00210814 0.121306
-0.0569027 -0.0043096 0.112054
-0.0569027 0.0043096 0.112054
-0.0742992 -0.00653048 0.0933643
-0.0870354 -6.67164e-18 0.0700727
-0.0742992 0.00653048 0.0933643
-0.0584289 -0.0022535 0.102043
-0.0648925 1.10074e-17 0.0783057
-0.0584289 0.0022535 0.102043
-0.075939 -0.00420166 0.0751601
-0.075939 0.00420166 0.0751601
-0.0964787 -0.0036966 0.0395241
-0.103285 -8.06283e-18 0.0107894
-0.0964787 0.0036966 0.0395241
-0.0714927 -0.00254983 0.0455569
-0.0771876 -8.58177e-18 0.0153232
-0.0714927 0.00254983 0.0455569
-0.0902235 -0.00238354 0.0131788
-0.0902235 0.00238354 0.0131788
0.000968158 1.07135e-18 0.00361505
-0.000652839 -0.000488147 0.00318799
-0.00197495 -5.12024e-19 0.0115086
-0.000652839 0.000488147 0.00318799
0 0 0
-0.00228439 4.72323e-19 0.0045877
0.00126998 -1.02382e-17 0.0224038
-0.00415202 -0.00108496 0.0229632
-0.00680136 2.34606e-18 0.0377381
-0.00415202 0.00108496 0.0229632
-0.00958857 -1.46735e-18 0.024533
-0.00363227 8.46911e-18 0.0520575
-0.0104597 -0.00177101 0.0537259
-0.014629 -6.49842e-18 0.0701875
-0.0104597 0.00177101 0.0537259
-0.0172898 -1.08477e-17 0.0555329
-0.0136835 -1.27639e-17 0.0832095
-0.0198556 -0.00250058 0.0860256
-0.0255761 5.07655e-18 0.0995118
-0.0198556 0.00250058 0.0860256
-0.0260159 -1.36221e-17 0.088157
-0.0288947 5.73284e-19 0.106523
-0.0323638 -0.00324405 0.110522
-0.0396438 -7.77315e-18 0.116344
-0.0323638 0.00324405 0.110522
-0.0358202 1.23623e-17 0.112997
-0.0493264 1.01249e-17 0.112659
-0.0479741 -0.00398151 0.117835
-0.056843 -4.24681e-18 0.111275
-0.0479741 0.00398151 0.117835
-0.0466386 -8.05143e-18 0.120628
-0.0744509 -1.45537e-17 0.0924562
-0.0664047 -0.00448457 0.098261
-0.076167 3.71911e-18 0.0746149
-0.0664047 0.00448457 0.098261
-0.0584142 -5.25713e-18 0.101339
-0.0969541 2.1358e-17 0.0392864
-0.0842632 -0.00314725 0.0426883
-0.0905345 4.34742e-17 0.0130795
-0.0842632 0.00314725 0.0426883
-0.0716109 -7.04484e-18 0.0453566
-0.000571561 -7.34493e-19 0.00367134
-0.00403585 1.4922e-18 0.0232588
-0.0103262 -3.83376e-18 0.0537688
-0.0197127 5.92144e-18 0.0858255
-0.0322189 4.12966e-18 0.110075
-0.0478562 -2.4155e-18 0.117143
-0.0664686 5.80247e-18 0.097502
-0.0845769 6.79844e-18 0.0424605
