FiniteElementSpace
FiniteElementCollection: H1_3D_P1
VDim: 3
Ordering: 1

0 0 0
0.00476177 0.000816404 0.0102364
0.00475589 -0.00197104 0.0350788
-0.00241162 -0.00469027 0.0658953
-0.0167432 -0.0074617 0.0935032
-0.0382825 -0.0102806 0.108626
-0.0667917 -0.0128057 0.102028
-0.0967283 -0.0112582 0.0648909
-0.105687 -0.00502877 0.021715
0 0 0
0.00476177 -0.000816404 0.0102364
0.00475589 0.00197104 0.0350788
-0.00241162 0.00469027 0.0658953
-0.0167432 0.0074617 0.0935032
-0.0382825 0.0102806 0.108626
-0.0667917 0.0128057 0.102028
-0.0967283 0.0112582 0.0648909
-0.105687 0.00502877 0.021715
0 0 0
-0.0104267 -0.00399504 0.0133639
-0.0204822 -0.00371856 0.0406617
-0.0290796 -0.00384551 0.0743137
-0.0366898 -0.00402982 0.104921
-0.0432566 -0.00418335 0.123057
-0.0485929 -0.00425435 0.118981
-0.0531313 -0.00520292 0.081011
-0.0540771 -0.00453778 0.0308458
0 0 0
-0.0104267 0.00399504 0.0133639
-0.0204822 0.00371856 0.0406617
-0.0290796 0.00384551 0.0743137
-0.0366898 0.00402982 0.104921
-0.0432566 0.00418335 0.123057
-0.0485929 0.00425435 0.118981
-0.0531313 0.00520292 0.081011
-0.0540771 0.00453778 0.0308458
0.0022682 0.00176057 0.00323036
0.00505229 -1.59431e-17 0.0111783
0.0022682 -0.00176057 0.00323036
0 0 0
-0.00444048 -0.00393551 0.00537174
-0.0102984 -9.51579e-19 0.0142954
-0.00444048 0.00393551 0.00537174
0 0 0
0 0 0
-0.00260811 -0.00157691 0.0112267
-0.00260811 0.00157691 0.0112267
0 0 0
0.00565137 -0.000597193 0.0213411
0.00518222 8.43432e-18 0.0354219
0.00565137 0.000597193 0.0213411
-0.0157146 -0.0037675 0.0256244
-0.0204101 3.75516e-18 0.0409775
-0.0157146 0.0037675 0.0256244
-0.00760398 -0.00283592 0.0376425
-0.00760398 0.00283592 0.0376425
0.00206617 -0.00332723 0.05031
-0.00196727 3.46056e-18 0.0657459
0.00206617 0.00332723 0.05031
-0.0249102 -0.00376452 0.057282
-0.0289696 1.44772e-17 0.0741487
-0.0249102 0.00376452 0.057282
-0.0154736 -0.00426639 0.0702196
-0.0154736 0.00426639 0.0702196
-0.00867981 -0.00606879 0.0806804
-0.0162834 -2.07219e-17 0.0928601
-0.00867981 0.00606879 0.0806804
-0.033008 -0.00393665 0.0905856
-0.0365716 -3.88931e-18 0.104276
-0.033008 0.00393665 0.0905856
-0.0264425 -0.00574284 0.0996691
-0.0264425 0.00574284 0.0996691
-0.0266083 -0.00886717 0.103203
-0.0378435 5.61536e-18 0.107455
-0.0266083 0.00886717 0.103203
-0.0401127 -0.00411687 0.116141
-0.0431579 -1.46016e-17 0.121927
-0.0401127 0.00411687 0.116141
-0.0405032 -0.00723252 0.116646
-0.0405032 0.00723252 0.116646
-0.0517441 -0.0116612 0.10862
-0.066662 -3.30095e-17 0.10028
-0.0517441 0.0116612 0.10862
-0.0460907 -0.00421628 0.124448
-0.0485305 5.43297e-18 0.117478
-0.0460907 0.00421628 0.124448
-0.0575555 -0.0086192 0.111607
-0.0575555 0.0086192 0.111607
-0.0825827 -0.013061 0.0877051
-0.0975084 -1.33433e-17 0.063583
-0.0825827 0.013061 0.0877051
-0.0508421 -0.004507 0.105062
-0.0532224 2.20147e-17 0.0800489
-0.0508421 0.004507 0.105062
-0.0753155 -0.00840331 0.0737578
-0.0753155 0.00840331 0.0737578
-0.105067 -0.00739321 0.0351029
-0.106569 -1.61257e-17 0.0215788
-0.105067 0.00739321 0.0351029
-0.0550948 -0.00509965 0.0471685
-0.0543752 -1.71635e-17 0.0306464
-0.0550948 0.00509965 0.0471685
-0.080447 -0.00476709 0.0263577
-0.080447 0.00476709 0.0263577
0.00232694 2.1427e-18 0.00430041
-0.000915054 -0.000976294 0.00344629
-0.00238741 -1.02405e-18 0.0120797
-0.000915054 0.000976294 0.00344629
0 0 0
-0.00417815 9.44647e-19 0.00624571
0.00605559 -2.04764e-17 0.021956
-0.00478841 -0.00216992 0.0230748
-0.00735273 4.69213e-18 0.0379762
-0.00478841 0.00216992 0.0230748
-0.0156615 -2.9347e-18 0.0262144
0.00250108 1.69382e-17 0.0504041
-0.0111537 -0.00354203 0.0537409
-0.0151956 -1.29968e-17 0.0700625
-0.0111537 0.00354203 0.0537409
-0.0248139 -2.16954e-17 0.0573548
-0.0082264 -2.55278e-17 0.0802862
-0.0205705 -0.00500117 0.0859183
-0.0261523 1.01531e-17 0.0990236
-0.0205705 0.00500117 0.0859183
-0.0328912 -2.72442e-17 0.0901811
-0.0261488 1.14657e-18 0.102304
-0.033087 -0.00648811 0.110302
-0.0402251 -1.55463e-17 0.1155
-0.033087 0.00648811 0.110302
-0.0399999 2.47246e-17 0.115253
-0.0513872 2.02498e-17 0.107154
-0.0486827 -0.00796301 0.117506
-0.0574361 -8.49362e-18 0.11005
-0.0486827 0.00796301 0.117506
-0.0460116 -1.61029e-17 0.123093
-0.0828862 -2.91074e-17 0.085889
-0.0667938 -0.00896913 0.0974985
-0.0757714 7.43822e-18 0.0726672
-0.0667938 0.00896913 0.0974985
-0.0508127 -1.05143e-17 0.103654
-0.106018 4.2716e-17 0.0346274
-0.0806359 -0.0062945 0.0414312
-0.0810691 8.69485e-17 0.026159
-0.0806359 0.0062945 0.0414312
-0.0553313 -1.40897e-17 0.0467678
-0.000752497 -1.46899e-18 0.004413
-0.00455607 2.98441e-18 0.0236661
-0.0108867 -7.66751e-18 0.0538266
-0.0202848 1.18429e-17 0.0855182
-0.0327972 8.25933e-18 0.109408
-0.0484467 -4.83099e-18 0.116122
-0.0669215 1.16049e-17 0.0959805
-0.0812631 1.35969e-17 0.0409758
