MFEM mesh v1.0

#
# MFEM Geometry Types (see mesh/geom.hpp):
#
# POINT       = 0
# SEGMENT     = 1
# TRIANGLE    = 2
# SQUARE      = 3
# TETRAHEDRON = 4
# CUBE        = 5
# PRISM       = 6
#

dimension
2

elements
16
1 3 0 9 21 12
1 3 9 4 10 21
1 3 21 10 8 11
1 3 12 21 11 7
1 3 4 13 22 10
1 3 13 1 14 22
1 3 22 14 5 15
1 3 10 22 15 8
1 3 8 15 23 18
1 3 15 5 16 23
1 3 23 16 3 17
1 3 18 23 17 6
1 3 7 11 24 20
1 3 11 8 18 24
1 3 24 18 6 19
1 3 20 24 19 2

boundary
16
2 1 0 9
2 1 9 4
2 1 4 13
2 1 13 1
2 1 3 17
2 1 17 6
2 1 6 19
2 1 19 2
1 1 2 20
1 1 20 7
1 1 7 12
1 1 12 0
1 1 1 14
1 1 14 5
1 1 5 16
1 1 16 3

vertices
25

nodes
FiniteElementSpace
FiniteElementCollection: H1_2D_P2
VDim: 2
Ordering: 1

0 0
1.03 0
0 0.95
1.03 0.95
0.515 0
1.03 0.475
0.515 0.95
0 0.475
0.515 0.475
0.2575 0
0.515 0.2375
0.2575 0.475
0 0.2375
0.7725 0
1.03 0.2375
0.7725 0.475
1.03 0.7125
0.7725 0.95
0.515 0.7125
0.2575 0.95
0 0.7125
0.2575 0.2375
0.7725 0.2375
0.7725 0.7125
0.2575 0.7125
0.12875 0
0.2575 0.11875
0.12875 0.2375
0 0.11875
0.38625 0
0.515 0.11875
0.38625 0.2375
0.515 0.35625
0.38625 0.475
0.2575 0.35625
0.12875 0.475
0 0.35625
0.64375 0
0.7725 0.11875
0.64375 0.2375
0.90125 0
1.03 0.11875
0.90125 0.2375
1.03 0.35625
0.90125 0.475
0.7725 0.35625
0.64375 0.475
0.7725 0.59375
0.64375 0.7125
0.515 0.59375
1.03 0.59375
0.90125 0.7125
1.03 0.83125
0.90125 0.95
0.7725 0.83125
0.64375 0.95
0.515 0.83125
0.2575 0.59375
0.12875 0.7125
0 0.59375
0.38625 0.7125
0.38625 0.95
0.2575 0.83125
0.12875 0.95
0 0.83125
0.12875 0.11875
0.38625 0.11875
0.38625 0.35625
0.12875 0.35625
0.64375 0.11875
0.90125 0.11875
0.90125 0.35625
0.64375 0.35625
0.64375 0.59375
0.90125 0.59375
0.90125 0.83125
0.64375 0.83125
0.12875 0.59375
0.38625 0.59375
0.38625 0.83125
0.12875 0.83125
