FiniteElementSpace
FiniteElementCollection: H1_2D_P2
VDim: 2
Ordering: 1

0 -0
0.03 -0
0 -0.05
0.03 -0.05
0.015 -0
0.03 -0.025
0.015 -0.05
0 -0.025
0.015 -0.025
0.0075 -0
0.015 -0.0125
0.0075 -0.025
0 -0.0125
0.0225 -0
0.03 -0.0125
0.0225 -0.025
0.03 -0.037499999
0.022499999 -0.05
0.015 -0.0375
0.0074999999 -0.05
0 -0.0375
0.0075 -0.0125
0.0225 -0.0125
0.0225 -0.0375
0.0075 -0.0375
0.00375 -0
0.0075 -0.00625
0.00375 -0.0125
0 -0.00625
0.01125 -0
0.015 -0.00625
0.01125 -0.0125
0.015 -0.01875
0.01125 -0.025
0.0075 -0.01875
0.00375 -0.025
0 -0.01875
0.01875 -0
0.0225 -0.00625
0.01875 -0.0125
0.02625 -0
0.03 -0.00625
0.02625 -0.0125
0.03 -0.01875
0.02625 -0.025
0.0225 -0.01875
0.01875 -0.025
0.0225 -0.03125
0.01875 -0.0375
0.015 -0.03125
0.03 -0.03125
0.026250001 -0.0375
0.03 -0.043749999
0.026249999 -0.05
0.022499999 -0.04375
0.01875 -0.05
0.015 -0.04375
0.0075 -0.03125
0.00375 -0.0375
0 -0.03125
0.01125 -0.0375
0.01125 -0.05
0.0074999999 -0.04375
0.00375 -0.05
0 -0.04375
0.00375 -0.00625
0.01125 -0.00625
0.01125 -0.01875
0.00375 -0.01875
0.01875 -0.00625
0.02625 -0.00625
0.02625 -0.01875
0.01875 -0.01875
0.01875 -0.03125
0.02625 -0.03125
0.02625 -0.04375
0.01875 -0.04375
0.00375 -0.03125
0.01125 -0.03125
0.01125 -0.04375
0.00375 -0.04375
