FiniteElementSpace
FiniteElementCollection: H1_3D_P1
VDim: 3
Ordering: 1

0 0 0
-0.0046875 0 0.0328125
-0.01875 0 0.1125
-0.0421875 0 0.210938
-0.075 0 0.3
0 0 0
-0.0046875 0 0.0328125
-0.01875 0 0.1125
-0.0421875 0 0.210938
-0.075 0 0.3
0 0 0
-0.0046875 0 0.0328125
-0.01875 0 0.1125
-0.0421875 0 0.210938
-0.075 0 0.3
0 0 0
-0.0046875 0 0.0328125
-0.01875 0 0.1125
-0.0421875 0 0.210938
-0.075 0 0.3
-0.00117188 0 0.00878906
-0.0046875 0 0.0328125
-0.00117188 0 0.00878906
0 0 0
-0.00117188 0 0.00878906
-0.0046875 0 0.0328125
-0.00117188 0 0.00878906
0 0 0
0 0 0
-0.0046875 0 0.0328125
-0.0046875 0 0.0328125
0 0 0
-0.0105469 0 0.0685547
-0.01875 0 0.1125
-0.0105469 0 0.0685547
-0.0105469 0 0.0685547
-0.01875 0 0.1125
-0.0105469 0 0.0685547
-0.01875 0 0.1125
-0.01875 0 0.1125
-0.0292969 0 0.161133
-0.0421875 0 0.210938
-0.0292969 0 0.161133
-0.0292969 0 0.161133
-0.0421875 0 0.210938
-0.0292969 0 0.161133
-0.0421875 0 0.210938
-0.0421875 0 0.210938
-0.0574219 0 0.258398
-0.075 0 0.3
-0.0574219 0 0.258398
-0.0574219 0 0.258398
-0.075 0 0.3
-0.0574219 0 0.258398
-0.075 0 0.3
-0.075 0 0.3
-0.00117188 0 0.00878906
-0.00117188 0 0.00878906
-0.0046875 0 0.0328125
-0.00117188 0 0.00878906
0 0 0
-0.00117188 0 0.00878906
-0.0105469 0 0.0685547
-0.0105469 0 0.0685547
-0.01875 0 0.1125
-0.0105469 0 0.0685547
-0.0105469 0 0.0685547
-0.0292969 0 0.161133
-0.0292969 0 0.161133
-0.0421875 0 0.210938
-0.0292969 0 0.161133
-0.0292969 0 0.161133
-0.0574219 0 0.258398
-0.0574219 0 0.258398
-0.075 0 0.3
-0.0574219 0 0.258398
-0.0574219 0 0.258398
-0.00117188 0 0.00878906
-0.0105469 0 0.0685547
-0.0292969 0 0.161133
-0.0574219 0 0.258398
