FiniteElementSpace
FiniteElementCollection: H1_2D_P2
VDim: 1
Ordering: 0

1
5
-0.984064
2.99843
1.29855
9.75083
2.62501
4.89301
0.0622657
0.274909
1.96896
1.9541
5.5301
7.11173
1.05188
3.92314
1.76562
2.60713
0.232011
-0.842626
0.537926
0.571784
1.48055
1.4714
2.83305
3.24111
3.67187
4.96821
3.58897
-2.17633
-0.440533
-0.31952
0.654526
0.810506
1.59566
1.51385
2.43202
2.45934
4.10001
4.68238
7.38246
8.35972
5.31812
5.99558
-0.279715
1.01377
2.28004
3.64741
-1.4703
0.131882
1.1387
1.94954
3.43595
6.29239
4.44837
1.37695
2.17774
2.61878
2.16287
2.58933
0.621366
-0.0182994
0.142171
0.769814
-0.553925
-0.369409
0.30264
0.777685
1.23978
1.23499
0.321408
0.791669
0.814804
1.26146
1.24758
1.71086
1.71064
1.86252
2.01871
2.37304
2.55102
3.34584
3.57318
2.73566
2.92553
3.11915
3.66353
3.09807
4.29492
4.98917
4.26689
4.9364
4.20016
3.6228
3.04771
-1.14752
-0.926937
-0.184893
-1.81267
-1.54401
-0.706358
-0.147398
0.35242
-0.642323
-0.0915344
-0.0142464
0.46335
0.398719
0.850142
0.900716
1.31955
1.28443
0.549357
0.969579
1.05977
1.43843
1.36987
1.77193
1.74156
1.71406
2.19432
2.2032
1.72328
2.18842
2.18839
2.70146
2.72395
2.91978
3.12756
3.51402
3.75963
4.76813
5.09448
4.01958
4.29241
5.43608
5.79148
4.57666
6.39764
6.82224
8.49629
9.03668
7.26303
7.71854
6.15924
3.80811
4.04917
4.87089
6.53788
5.17363
5.48343
2.17243
2.14835
0.384974
-0.108724
1.00536
0.550265
1.02826
1.47448
1.61732
2.11396
3.03352
2.45087
3.11191
4.28538
4.23873
3.07691
-0.64158
-1.22718
0.0894191
-0.390747
0.192694
0.605524
1.08768
0.721842
1.20797
1.54717
1.95034
1.49266
1.95473
2.44423
2.64118
3.21025
4.3838
3.67406
4.99431
5.90339
7.86277
6.69565
3.45438
4.18173
5.65237
4.72161
2.39625
2.62253
2.39049
2.17557
2.61368
2.37989
2.16823
2.59904
2.36375
2.15627
0.811352
0.503866
0.579029
0.885014
0.428699
0.108139
0.186311
-0.147514
-0.064836
0.264479
0.342646
0.654189
0.0178408
0.100518
0.420813
-0.415115
-0.326426
-0.696359
-0.600155
-0.237737
-0.149048
0.183195
0.887818
1.11983
1.11741
0.658353
0.891386
0.896098
1.12618
1.12263
1.35478
1.35293
0.427318
0.664049
0.19302
0.436123
0.447604
0.681557
0.671657
0.902335
0.910478
1.13708
1.13087
0.694125
0.920905
0.933998
1.15559
1.14519
1.3697
1.36408
1.35701
1.59129
1.59058
1.35998
1.5942
1.59237
1.83076
1.83175
1.4245
1.49662
1.18774
1.6644
1.73923
2.06725
2.14826
1.8149
1.89122
1.56909
1.90882
1.98738
2.15917
2.24246
2.59718
2.69057
2.32754
2.41424
2.78586
2.88287
2.50236
3.08212
3.18778
3.6257
3.74584
3.29547
3.405
2.98143
2.23021
2.31294
1.96802
2.59172
3.08135
2.68215
2.77347
2.86549
3.11631
2.85876
3.38745
3.66863
3.37967
3.65649
3.36471
3.10586
2.84603
3.97387
4.29122
3.96495
4.63647
4.99581
4.6263
4.98
4.60659
4.2773
3.94766
4.25406
3.92128
3.63622
4.95371
4.57661
4.91619
4.53565
4.22079
3.88509
3.60708
3.08845
2.82656
3.34183
3.31033
3.06336
-0.503951
-0.407749
-0.0603597
-0.992942
-0.887723
-1.30657
-1.19083
-0.782504
-0.677285
-0.311546
-1.07509
-0.959356
-0.572066
-1.63893
-1.51117
-1.99173
-1.85045
-1.38342
-1.25566
-0.84362
-0.0462355
0.205909
-0.292145
-0.0282791
-0.006114
0.242405
0.222245
0.462142
-0.546414
-0.268149
-0.810738
-0.515401
-0.478642
-0.20485
-0.239179
0.0206389
0.0523648
0.295714
0.266767
-0.16478
0.0894442
0.132258
0.368893
0.329629
0.558489
0.527914
0.480121
0.709748
0.501918
0.751674
0.728806
0.95014
0.969706
1.18473
1.16863
0.778735
0.993082
1.02064
1.22755
1.20424
1.41492
1.39944
0.594028
0.810374
0.413883
0.634906
0.681506
0.888893
0.846967
1.05278
1.08985
1.2871
1.25505
0.936535
1.13226
1.18038
1.36643
1.3241
1.51477
1.48335
1.43381
1.64212
1.62783
1.45649
1.68131
1.65982
1.86775
1.85521
1.83013
2.07459
2.07785
1.59715
1.83024
1.83147
2.06951
2.07168
2.3242
2.3303
1.37722
1.60161
1.387
1.61657
1.60795
1.8342
1.83881
2.06889
2.06845
1.84569
2.07578
2.07121
2.3071
2.30952
2.31845
2.581
2.5905
2.31343
2.56341
2.57184
2.8464
2.85987
2.41687
2.50589
2.68332
2.77908
3.17016
3.27993
2.87759
2.97866
2.95995
3.06344
3.24816
3.36039
3.79748
3.92765
3.47633
3.59579
4.06163
4.19926
3.7186
4.42307
4.57336
5.13666
5.30926
4.72759
4.88558
4.34035
3.39256
3.50788
3.84457
4.48472
3.97352
4.10527
4.63218
4.78255
4.23964
5.04714
5.21209
5.85068
6.03841
5.38025
5.55145
4.93567
5.48592
5.66645
5.94994
6.14706
6.87466
7.09847
6.34834
6.55361
7.32656
7.55876
6.76268
7.92252
8.17522
9.10524
9.38902
8.43232
8.69364
7.79488
6.22946
6.42366
5.72549
6.97538
8.03474
7.19152
7.41092
6.62083
3.18245
3.28454
3.51619
3.62885
4.11835
4.24594
3.7428
3.85787
3.86811
3.99234
4.37644
5.09133
4.5155
4.65663
5.24935
5.40957
4.79964
5.9022
6.82077
6.08138
6.26287
5.57178
4.37495
4.50519
4.94437
5.73582
5.09062
5.23821
2.39393
2.38584
2.37256
0.695593
0.308495
0.0619367
0.461451
0.222405
-0.194219
-0.461667
-0.023229
1.00249
0.773176
1.00899
1.2372
0.543138
0.310684
0.559688
0.783723
1.02006
0.801904
1.03874
1.25357
1.47276
1.24312
1.47695
1.71057
1.30582
1.54397
1.94017
1.69126
1.78595
2.03316
2.46111
2.19632
2.6426
2.9323
3.45847
3.13651
2.09796
2.36495
2.83003
2.53762
2.86283
3.38442
3.37313
2.85319
3.97041
4.63254
4.61768
3.95739
3.93565
4.59293
4.55755
3.90446
2.83718
3.3543
3.3272
-0.27715
-0.742102
-1.03723
-0.541056
-0.816647
-1.34874
-1.67834
-1.10562
0.0741177
-0.168252
0.108548
0.335192
-0.418128
-0.677214
-0.358005
-0.121953
0.159803
-0.0557591
0.230936
0.428551
0.586935
0.37347
0.627928
0.830758
1.06807
0.873332
1.1111
1.30028
0.685706
0.503491
0.763315
0.932672
1.17086
1.01182
1.25041
1.40168
1.5288
1.34262
1.56933
1.75504
1.95204
1.7119
1.94938
2.19858
1.48566
1.27161
1.50193
1.71773
1.9512
1.7311
1.96053
2.18747
2.45161
2.1908
2.43757
2.71254
2.28701
2.54891
3.02227
2.73595
2.82028
3.10252
3.63494
3.32146
3.8879
4.23997
4.92931
4.53133
3.23548
3.55354
4.15447
3.79732
4.43319
4.83677
5.61215
5.15482
5.26346
5.71469
6.60783
6.09601
7.0407
7.62044
8.76425
8.10925
5.97391
6.49233
7.48903
6.90218
3.02196
3.34713
3.92796
3.56269
3.68979
4.05134
4.72262
4.31414
5.02128
5.48403
6.34729
5.82294
4.17155
4.58426
5.32773
4.86025
2.2858
2.39522
2.28356
2.17677
2.50925
2.62392
2.50685
2.62082
2.50326
2.39235
2.28027
2.17413
2.38832
2.27585
2.17047
2.6164
2.49839
2.61059
2.49214
2.38304
2.2702
2.1657
2.37641
2.26323
2.15973
2.60328
2.48443
2.59439
2.47517
2.36834
2.25486
2.15248
0.905764
0.753561
0.790508
0.942521
0.716615
0.562778
0.600102
0.444607
0.482494
0.637424
0.674747
0.827455
0.525456
0.368833
0.40672
0.330946
0.170385
0.209024
0.045254
0.0848323
0.247663
0.286302
0.12441
0.163988
0.32494
-0.0825465
-0.0418414
-0.213227
-0.171208
-0.00113674
0.0395679
0.203565
0.52038
0.558265
0.712069
0.363578
0.243142
0.402215
0.440853
0.596151
0.282719
0.322296
0.47949
0.0802723
0.120976
-0.0451489
-0.00312929
0.161681
0.202385
0.361873
-0.129188
-0.0871686
-0.347002
-0.303479
-0.484081
-0.438867
-0.259957
-0.216434
-0.393654
-0.34844
-0.172911
-0.624676
-0.577583
-0.768999
-0.719841
-0.530492
-0.4834
-0.303227
0.03889
0.0809097
0.24309
-0.129389
-0.258014
-0.0858662
-0.0423434
0.12293
0.943781
1.05991
1.05869
0.828885
0.945137
0.946636
1.06252
1.06117
1.17731
1.17617
0.713791
0.830506
0.598288
0.7158
0.718145
0.834514
0.832367
0.948326
0.950254
1.06571
1.06402
0.836995
0.952468
0.955015
1.06984
1.06763
1.18282
1.18121
1.1785
1.29491
1.29391
1.17978
1.29709
1.29596
1.41288
1.41209
0.482163
0.600808
0.365207
0.485317
0.488997
0.607189
0.603759
0.720872
0.247207
0.369116
0.12795
0.251994
0.257499
0.37885
0.373648
0.493253
0.498129
0.615674
0.611145
0.384769
0.503674
0.509935
0.626641
0.620823
0.736557
0.731825
0.724029
0.839858
0.727664
0.84692
0.843151
0.957943
0.961299
1.0753
1.07238
0.851213
0.965131
0.969487
1.08248
1.07865
1.19211
1.18927
0.741909
0.856078
0.633173
0.747928
0.754661
0.867711
0.861561
0.974413
0.979957
1.09174
1.08682
0.874575
0.986168
0.993094
1.10348
1.09728
1.20824
1.2034
1.19538
1.30855
1.30585
1.19913
1.31527
1.31167
1.42479
1.42231
1.41371
1.5314
1.53089
1.29837
1.41464
1.4157
1.53258
1.53194
1.65063
1.65049
1.18467
1.29984
1.1868
1.30353
1.30155
1.41695
1.41844
1.53433
1.53336
1.42021
1.53701
1.53553
1.65214
1.65153
1.65083
1.77077
1.77105
1.65111
1.77039
1.77054
1.89198
1.89276
1.21141
1.24671
1.09378
1.32943
1.36508
1.52041
1.55683
1.40083
1.43666
1.28206
1.44802
1.48413
1.56735
1.60405
1.76273
1.80069
1.64098
1.67811
1.8389
1.87732
1.71542
1.96397
2.00347
2.17255
2.21386
2.04323
2.08321
1.91593
1.59337
1.63
1.47255
1.75289
1.95472
1.79048
1.82819
1.66671
1.6876
1.72502
1.80895
1.84721
2.01043
2.05044
1.88582
1.92475
1.93156
1.97079
2.05562
2.09595
2.26492
2.30748
2.13674
2.17796
2.35052
2.39402
2.21961
2.48374
2.52882
2.71356
2.76143
2.57439
2.62044
2.43795
2.09082
2.13153
2.26165
2.48229
2.30406
2.34683
2.52702
2.57211
2.38992
2.66693
2.71384
2.90799
2.95775
2.76115
2.80885
2.61754
2.80981
2.85867
2.95584
3.00678
3.21206
3.26633
3.05823
3.11019
3.32114
3.37646
3.16262
3.48366
3.54155
3.77213
3.8339
3.59998
3.65894
3.43227
3.00793
3.0585
2.8569
3.2155
3.48854
3.26881
3.32253
3.10944
1.99365
2.03271
1.86599
2.12341
2.16379
2.33931
2.38155
2.20433
2.245
2.07187
2.25544
2.29726
2.43331
2.6633
2.47699
2.52092
2.70934
2.75567
2.56509
2.90528
3.16073
2.95397
3.00295
2.80224
2.42397
2.46655
2.60948
2.84904
2.65406
2.6988
2.74369
2.86433
2.74112
2.99057
3.11791
2.98783
3.11431
2.9836
2.86098
2.73722
3.25137
3.38614
3.24844
3.52755
3.67048
3.52442
3.66632
3.5195
3.38226
3.24387
3.37663
3.23758
3.10909
3.66026
3.51271
3.65221
3.50396
3.36916
3.22947
3.10219
2.85617
2.73188
2.97779
2.97032
2.84982
2.72503
3.82058
3.97238
3.81723
4.13192
4.29333
4.12835
4.28858
4.12269
3.96793
3.81195
4.46304
4.63478
4.45923
4.81539
4.9982
4.81133
4.9928
4.8049
4.62971
4.45319
4.6223
4.44484
4.28163
4.98491
4.79601
4.97444
4.78457
4.61245
4.43409
4.27239
3.96144
3.80466
4.11488
4.10481
3.9528
3.79525
3.94194
3.78365
3.64209
4.26079
4.09239
4.24671
4.07754
3.92876
3.76976
3.62979
4.60009
4.42085
4.9613
4.77049
4.94541
4.75367
4.58511
4.40502
4.56743
4.38652
4.23009
4.92666
4.73404
4.90498
4.7115
4.54696
4.36526
4.21082
3.91318
3.75349
3.61524
4.06016
4.04017
3.8951
3.73475
3.59833
2.84182
2.71656
3.09349
2.96108
3.08292
2.95
2.8321
2.7064
3.35976
3.21946
3.49316
3.48022
3.34833
3.20746
3.33479
3.19337
3.07039
3.46505
3.44755
3.31905
3.17711
3.0558
-0.212801
-0.167587
0.00117901
-0.436307
-0.389216
-0.572366
-0.523209
-0.342124
-0.295033
-0.122374
-0.670682
-0.621524
-0.917264
-0.865852
-1.06968
-1.01583
-0.81444
-0.763028
-0.961977
-0.908123
-0.711617
-1.22647
-1.16999
-1.38784
-1.32853
-1.1135
-1.05702
-0.854269
-0.474051
-0.424893
-0.247941
-0.660204
-0.800414
-0.608792
-0.557379
-0.375734
-0.74656
-0.692706
-0.505967
-1.00054
-0.944053
-1.15063
-1.09133
-0.887569
-0.831087
-0.638853
-1.26923
-1.20993
-1.55399
-1.49169
-1.72515
-1.65965
-1.42938
-1.36707
-1.59415
-1.52865
-1.30477
-1.90153
-1.83264
-2.08332
-2.01087
-1.76376
-1.69488
-1.46315
-1.03203
-0.972731
-0.774604
-1.24246
-1.39765
-1.18016
-1.11785
-0.91343
0.00722591
0.133738
-0.115178
0.0141353
0.021956
0.147801
0.140338
0.263769
-0.239472
-0.107022
-0.365873
-0.22995
-0.219328
-0.0876475
-0.0978615
0.0307342
0.0405166
0.165504
0.156175
-0.076334
0.0513506
0.063284
0.18722
0.175837
0.297463
0.287653
0.270853
0.391451
0.278799
0.407305
0.398947
0.516959
-0.494591
-0.354863
-0.62584
-0.48197
-0.468057
-0.329205
-0.342655
-0.207556
-0.759831
-0.611487
-0.896776
-0.743622
-0.725928
-0.578565
-0.595744
-0.452803
-0.436162
-0.298379
-0.314462
-0.559902
-0.418084
-0.398523
-0.262003
-0.280909
-0.148036
-0.164878
-0.194589
-0.0638732
-0.180379
-0.0353181
-0.0502175
0.0763635
0.0906383
0.213331
0.199702
-0.0191276
0.106156
0.122964
0.24422
0.228154
0.347205
0.333099
-0.129808
-0.00159826
-0.241614
-0.110144
-0.0889987
0.0376673
0.0173178
0.141111
0.160642
0.280267
0.261574
0.0594984
0.181608
0.204054
0.321856
0.300346
0.416049
0.39688
0.362506
0.478164
0.46365
0.379048
0.51082
0.493871
0.606382
0.591532
0.524797
0.64047
0.416569
0.533495
0.543099
0.657545
0.648578
0.762158
0.308275
0.426788
0.320138
0.450281
0.43801
0.553657
0.565217
0.678246
0.667419
0.577827
0.702948
0.690073
0.800729
0.789706
0.770467
0.882204
0.779635
0.899937
0.890642
1.00078
1.00928
1.11806
1.11039
0.910134
1.01863
1.02888
1.13589
1.12655
1.23423
1.22664
0.812752
0.921283
0.71692
0.825825
0.839993
0.946633
0.933434
1.04009
1.05229
1.15732
1.14613
0.960926
1.06555
1.07989
1.18274
1.16951
1.27315
1.26204
1.24263
1.34946
1.34202
1.25189
1.3668
1.35771
1.46393
1.45671
0.622427
0.732038
0.529058
0.639711
0.658282
0.765895
0.748347
0.855306
0.436601
0.54863
0.344845
0.458585
0.482047
0.591972
0.569586
0.678187
0.699476
0.804897
0.784729
0.615836
0.722193
0.746388
0.849426
0.826447
0.928935
0.908576
0.871809
0.976362
0.889549
1.01085
0.992987
1.09538
1.11206
1.21254
1.19707
1.03
1.12997
1.14917
1.2471
1.2292
1.32802
1.31264
0.950676
1.05048
0.873881
0.973845
0.998489
1.09563
1.07234
1.1697
1.19161
1.28678
1.26627
1.12039
1.21495
1.23976
1.33199
1.30867
1.4019
1.38148
1.34459
1.44199
1.42677
1.36239
1.47604
1.4584
1.55463
1.53964
1.47194
1.5778
1.57088
1.3768
1.48081
1.49059
1.5941
1.58552
1.69126
1.68471
1.28525
1.38775
1.2984
1.41269
1.3997
1.50131
1.51303
1.61399
1.60357
1.52579
1.63787
1.62541
1.72599
1.71593
1.69862
1.80449
1.79838
1.70683
1.81918
1.81141
1.91766
1.91206
1.89125
2.01445
2.01579
1.77039
1.89061
1.89011
2.01194
2.01315
2.13834
2.14032
1.65298
1.77057
1.53882
1.6541
1.65556
1.77167
1.77098
1.88978
1.8897
2.00997
2.01086
1.77269
1.88989
1.89041
2.00893
2.00931
2.1313
2.13283
2.1364
2.26383
2.26652
2.13454
2.25862
2.26118
2.3911
2.39457
1.42769
1.54101
1.31939
1.43107
1.43497
1.54671
1.54362
1.65738
1.21369
1.32407
1.21981
1.33534
1.32938
1.43943
1.44451
1.55448
1.55031
1.45025
1.56472
1.55927
1.66941
1.6656
1.65963
1.77409
1.66236
1.7782
1.77591
1.8913
1.89262
2.0092
2.00888
1.78101
1.89441
1.89671
2.01116
2.00995
2.12796
2.12828
1.67383
1.78439
1.67892
1.79302
1.78837
1.89958
1.90307
2.01518
2.01289
1.90721
2.02165
2.01809
2.13136
2.12971
2.12806
2.24776
2.24879
2.12863
2.24699
2.24714
2.36877
2.37059
2.38767
2.52033
2.52464
2.25619
2.38433
2.38112
2.51185
2.51605
2.65169
2.65693
2.13
2.25395
2.12898
2.2502
2.25194
2.3781
2.3753
2.50392
2.5078
2.37278
2.4969
2.50027
2.63159
2.63639
2.64649
2.78536
2.79159
2.64137
2.77306
2.77917
2.92152
2.92881
2.18131
2.22285
2.30879
2.35168
2.5276
2.57322
2.39515
2.43917
2.43825
2.48261
2.56986
2.61581
2.7999
2.84907
2.66246
2.70979
2.89895
2.94953
2.75778
3.04314
3.0958
3.30104
3.35747
3.1492
3.2033
3.00079
2.61943
2.66622
2.8064
3.05269
2.85563
2.90546
2.70381
2.75147
2.84025
2.88976
3.08322
3.13644
2.94009
2.99123
2.97938
3.03086
3.12137
3.17494
3.37898
3.43675
3.22946
3.28489
3.49549
3.55515
3.34123
3.65346
3.71571
3.94627
4.01327
3.77893
3.84311
3.61573
3.1905
3.24537
3.39843
3.6772
3.45649
3.51538
3.73953
3.80271
3.57507
3.9082
3.9742
4.22011
4.29091
4.04109
4.10883
3.86671
4.08126
4.15021
4.25888
4.33091
4.59276
4.67009
4.40394
4.47794
4.74843
4.82776
4.5529
4.94937
5.03227
5.33017
5.41891
5.11619
5.20112
4.90806
4.36262
4.43519
4.1774
4.62879
4.9893
4.70559
4.78328
4.50862
3.10521
3.15835
3.25809
3.31355
3.53116
3.59044
3.36964
3.42635
3.41465
3.47256
3.63555
3.9315
3.69679
3.75876
3.99707
4.06339
3.82146
4.24679
4.58287
4.31696
4.3879
4.13044
3.65038
3.71095
3.88484
4.1982
3.94889
4.01359
4.26665
4.33575
4.07892
4.45959
4.532
4.81036
4.88769
4.6051
4.67889
4.40549
4.65792
4.73376
4.86183
4.94122
5.23849
5.3233
5.02143
5.10243
5.40894
5.49538
5.18421
5.64008
5.73057
6.06805
6.1645
5.82191
5.91407
5.58262
4.96573
5.04447
4.75332
5.26674
5.67062
5.35
5.43396
5.12387
5.07147
5.15455
5.28704
5.37391
5.69131
5.78409
5.46173
5.55046
5.5087
5.59951
5.73663
5.8315
6.17022
6.27147
5.92741
6.02437
6.3738
6.47718
6.12234
6.63239
6.74031
7.12462
7.23948
6.84932
6.9594
6.58158
5.87782
5.97248
6.22129
6.68699
6.32122
6.42208
6.79338
6.90072
6.52387
7.07051
7.18264
7.59059
7.70972
7.29577
7.40987
7.00901
7.35545
7.47249
7.64837
7.77044
8.20509
8.33466
7.89364
8.01793
8.46536
8.59717
8.14328
8.79627
8.9336
9.42336
9.56873
9.07208
9.21168
8.73006
7.82986
7.95099
7.52492
8.26969
8.86401
8.39712
8.52555
8.07309
5.75936
5.84882
5.5186
6.00704
6.10078
6.45894
6.5587
6.19528
6.29052
5.93897
6.26182
6.35997
6.62656
7.1182
6.73012
6.83454
7.22829
7.33925
6.93979
7.6409
8.19612
7.75779
7.87555
7.45105
6.65924
6.76052
6.38646
7.04584
7.56367
7.15268
7.26028
6.86252
2.89604
2.94323
3.0522
3.10169
3.31645
3.3689
3.15139
3.2013
3.21234
3.26425
3.37663
3.4311
3.65995
3.71787
3.4859
3.54103
3.77614
3.83474
3.59644
3.96085
4.02249
4.2808
4.34644
4.0845
4.14686
3.89365
3.42158
3.47447
3.65213
3.95285
3.70806
3.76422
3.54526
3.60241
3.7184
3.77835
4.02249
4.08638
3.83875
3.89959
3.89623
3.9591
4.14484
4.47585
4.21135
4.27841
4.54681
4.61833
4.346
4.82839
5.20392
4.90406
4.98032
4.6904
4.15074
4.21556
4.41411
4.763
4.4827
4.55176
4.83609
4.90967
4.62126
5.05714
5.1345
5.4477
5.5301
5.21238
5.29075
4.9837
5.28459
5.36586
5.6039
6.0298
5.68984
5.77639
6.12128
6.21339
5.86353
6.48309
6.96523
6.58039
6.67833
6.30611
5.61303
5.69646
5.36959
5.95124
6.3994
6.0395
6.12827
5.78039
4.01231
4.072
4.20954
4.27252
4.54558
4.61262
4.33578
4.39929
4.41247
4.47886
4.69118
5.05817
4.7615
4.83219
5.13305
5.20832
4.90323
5.44888
5.86477
5.5286
5.60872
5.28395
4.67995
4.74755
4.9746
5.35993
5.04628
5.11824
2.2848
2.5082
2.50521
2.28205
2.27821
2.50099
2.49544
2.27318
2.26689
2.48848
2.48
2.25923
0.848185
0.658481
0.541448
0.732704
0.466284
0.270255
0.147225
0.346735
0.225395
0.0218187
-0.106175
0.102054
0.616609
0.423212
0.303563
0.499689
0.38173
0.182288
0.0591793
0.262523
-0.0234977
-0.236967
-0.37077
-0.151472
-0.282081
-0.507796
-0.648256
-0.415538
0.141856
-0.0659768
-0.193392
0.0195185
1.00122
0.886345
1.00386
1.11859
0.771376
0.656103
0.775263
0.889483
1.00706
0.893575
1.01122
1.12428
1.23607
1.12116
1.23842
1.35384
0.540317
0.423802
0.546438
0.660985
0.306351
0.187749
0.315687
0.43141
0.554666
0.441505
0.565378
0.676297
0.780489
0.66759
0.787434
0.899002
1.0167
0.906145
1.0239
1.13376
0.796477
0.687483
0.807996
0.915383
1.03319
0.927094
1.04496
1.15008
1.25036
1.14088
1.25725
1.36668
1.47206
1.35583
1.47355
1.59091
1.24133
1.12836
1.24518
1.35838
1.4756
1.36187
1.47858
1.59317
1.71058
1.59176
1.71065
1.83123
1.15255
1.27036
1.4605
1.34136
1.38864
1.50758
1.7017
1.58056
1.77697
1.90123
2.10762
1.97934
1.53282
1.65423
1.85299
1.7284
1.62735
1.74813
1.94792
1.82409
1.87009
1.9934
2.20058
2.07336
2.28479
2.41683
2.64363
2.50584
2.02716
2.15496
2.3707
2.23802
2.45813
2.59661
2.83416
2.68896
2.73798
2.88242
3.13469
2.98268
3.24139
3.40189
3.68549
3.51558
2.93197
3.0848
3.35002
3.18862
1.92957
2.05826
2.27149
2.13779
2.18913
2.32236
2.5469
2.4078
2.63682
2.7827
3.03123
2.87765
2.35453
2.49415
2.72771
2.58124
2.74257
2.98938
2.98591
2.73934
3.25011
3.5262
3.52219
3.24637
3.24094
3.51634
3.50859
3.23376
2.73474
2.9809
2.97427
2.72865
3.81914
4.13039
4.12579
3.81484
4.4614
4.81366
4.80842
4.45649
4.44931
4.80077
4.79061
4.43977
3.80856
4.11906
4.11013
3.80022
3.78973
4.0989
4.08527
3.777
4.42779
4.77786
4.76243
4.41326
4.39611
4.74422
4.72314
4.37624
3.76193
4.06917
4.0505
3.74444
2.721
2.96592
2.95578
2.7117
3.22471
3.49882
3.48696
3.21371
3.20068
3.47292
3.4566
3.18551
-0.104704
-0.32328
-0.45585
-0.231021
-0.552053
-0.792364
-0.940332
-0.69184
-0.835114
-1.09237
-1.2487
-0.982083
-0.359648
-0.591318
-0.729894
-0.490794
-0.624675
-0.871791
-1.01722
-0.761502
-1.13296
-1.40952
-1.57505
-1.28796
-1.4473
-1.74551
-1.92109
-1.61117
-0.901487
-1.1664
-1.31954
-1.04484
0.0677846
-0.0537529
0.0813128
0.199058
-0.177075
-0.302396
-0.158375
-0.0377602
0.0984814
-0.0177465
0.119665
0.231824
0.327893
0.213622
0.343352
0.454466
-0.429929
-0.559886
-0.405084
-0.280745
-0.69248
-0.827921
-0.660511
-0.531602
-0.37507
-0.497764
-0.339504
-0.222709
-0.135273
-0.25431
-0.10739
0.00666494
0.145245
0.0358564
0.175603
0.280643
-0.07434
-0.185557
-0.0357435
0.0702113
0.211121
0.11011
0.252183
0.348569
0.413038
0.312027
0.445305
0.542605
0.578953
0.470678
0.595776
0.701531
0.362444
0.254037
0.385545
0.490519
0.616225
0.514368
0.640679
0.73974
0.822375
0.718824
0.839998
0.941665
1.05957
0.959472
1.07742
1.17628
0.861236
0.764656
0.886476
0.980894
1.09889
1.00632
1.12435
1.2154
1.29195
1.19403
1.30947
1.40678
0.66952
0.575615
0.70313
0.793959
0.482729
0.390649
0.525685
0.613776
0.741887
0.657467
0.786172
0.867239
0.916099
0.828027
0.950483
1.03612
1.15418
1.07067
1.18877
1.27048
0.990008
0.911976
1.03505
1.11037
1.2285
1.15558
1.27374
1.34458
1.38518
1.30496
1.41941
1.49847
1.52092
1.42391
1.53754
1.63457
1.33059
1.24075
1.3557
1.44465
1.55775
1.46937
1.58195
1.67007
1.7479
1.65052
1.76304
1.86107
1.95305
1.83038
1.95112
2.0762
1.71127
1.59551
1.71282
1.83007
1.94974
1.83069
1.94929
2.07048
2.20087
2.07307
2.19639
2.32723
1.48289
1.3732
1.4889
1.59917
1.26623
1.16175
1.27766
1.3818
1.49698
1.39287
1.50753
1.61195
1.71568
1.60452
1.72024
1.83262
1.95016
1.83625
1.9527
2.06846
1.72688
1.62184
1.73597
1.84195
1.95732
1.85009
1.96439
2.07319
2.18772
2.06979
2.18769
2.3081
2.45546
2.32126
2.44785
2.58573
2.19245
2.06882
2.18943
2.31582
2.44079
2.31131
2.43464
2.56751
2.71822
2.57635
2.70693
2.85312
2.11825
2.24482
2.46108
2.32976
2.37327
2.50378
2.73085
2.59472
2.828
2.97066
3.22468
3.07457
2.55126
2.68826
2.92781
2.78422
2.63653
2.77171
3.01128
2.86964
2.90947
3.05001
3.3038
3.15594
3.4179
3.574
3.86207
3.69683
3.11641
3.26543
3.53563
3.3783
3.65679
3.82333
4.13001
3.95333
3.99417
4.16949
4.49772
4.31141
4.65
4.84821
5.22244
5.0114
4.26939
4.45712
4.80613
4.60643
3.0301
3.1812
3.4499
3.29037
3.3359
3.49437
3.7812
3.61345
3.90868
4.08664
4.41214
4.22307
3.56649
3.73536
4.03906
3.85992
4.17214
4.36245
4.70701
4.5046
4.55807
4.75917
5.1292
4.91515
5.29578
5.52369
5.94411
5.70142
4.85878
5.0742
5.46548
5.23613
4.96592
5.17851
5.57572
5.34933
5.3971
5.62187
6.04797
5.80854
6.24719
6.50219
6.98602
6.71452
5.75811
5.99922
6.45049
6.19374
6.65768
6.93098
7.44216
7.15139
7.21199
7.5009
8.04831
7.74107
8.30323
8.6297
9.24655
8.89992
7.67634
7.9855
8.56246
8.234
5.63812
5.88232
6.32618
6.06622
6.13353
6.39192
6.86859
6.59358
7.08303
7.37558
7.91436
7.60336
6.52189
6.79853
7.30083
7.00659
2.8194
2.97363
3.23338
3.07047
3.13176
3.29396
3.57234
3.40061
3.68567
3.86786
4.18196
3.98841
3.33591
3.50842
3.80021
3.61718
3.4604
3.63126
3.93
3.74874
3.80672
3.98696
4.30775
4.11627
4.4457
4.64934
5.01319
4.79648
4.05514
4.24769
4.58582
4.38104
4.72791
4.94583
5.3292
5.09722
5.17006
5.40076
5.81352
5.56791
5.99149
6.25293
6.72046
6.44228
5.49044
5.73738
6.17185
5.90902
3.91577
4.11022
4.43993
4.23312
4.31028
4.51612
4.8718
4.65276
5.01731
5.25047
5.65359
5.40539
4.57071
4.79078
5.16426
4.93
