FiniteElementSpace
FiniteElementCollection: H1_2D_P2
VDim: 1
Ordering: 0

1
0.914685
4.58938
-2.92905
-2.54855
-8.09013
4.89301
2.38303
0.980331
-0.543647
-2.76271
-0.621703
-5.15432
-3.70094
2.56467
-0.583134
-1.95655
1.76562
1.72638
0.99304
0.232759
-0.605406
0.232011
-1.24472
-0.842626
3.58897
4.76865
3.34708
2.49189
1.60348
0.95613
0.210986
-0.560631
-1.43492
-2.65874
-1.55306
-2.85474
-1.64681
-3.95966
-3.36522
-6.52662
-5.64364
-2.77077
-2.17633
1.75358
0.232324
-0.279715
3.49077
1.67826
0.227563
-1.49416
-1.60585
-2.4428
-4.42764
-1.4703
1.37695
1.76114
1.36754
0.996879
2.17774
2.16287
2.58933
2.12813
1.74224
1.34768
0.987763
0.616953
0.231794
0.621366
0.609728
0.232884
-0.161287
-0.594659
-0.171557
-0.61466
-0.178778
-0.0182994
-0.922957
-0.73844
-1.58869
-1.3681
-0.553925
4.20016
3.04771
3.5452
2.96231
2.53243
4.83733
4.08898
4.68624
3.92759
3.42497
2.83614
2.44233
1.70529
1.31162
0.970027
2.06778
1.97606
1.64456
1.2536
0.937922
0.593942
0.231225
0.563846
0.221056
-0.154607
-0.551092
-0.153724
-0.571553
-1.00387
-1.52402
-1.04348
-0.966848
-1.46423
-1.95859
-2.60406
-2.04221
-2.71186
-2.12256
-1.07993
-1.62817
-1.10748
-1.58058
-2.81058
-2.19389
-2.89447
-2.25043
-2.02984
-1.80927
-3.4247
-3.15603
-4.53564
-4.20685
-2.88735
-2.61868
-3.87808
-3.5493
-2.35001
-5.81742
-5.41651
-7.28362
-6.79856
-5.01559
-4.61468
-3.22051
-1.14752
-2.08134
-2.89173
-1.81267
1.37319
2.17243
2.14835
1.35928
0.619155
0.61405
-0.166446
-0.175906
-0.450706
-1.04367
3.07691
3.00975
4.15048
4.01492
2.90468
1.33203
2.10151
2.0262
1.28571
0.603265
0.581041
-0.152751
-0.156809
-1.02372
-0.984679
-2.00045
-2.08316
-1.09517
-1.06246
-2.15971
-2.22436
-1.44576
-2.68592
-3.66244
-2.19967
-3.06799
-4.79098
-6.08513
-4.06429
-1.71343
-2.47355
1.18774
1.37526
1.18431
0.998484
1.56909
1.76372
1.56498
1.75779
1.55839
1.37065
1.17958
0.995094
1.96802
2.17557
1.96313
2.16823
1.95459
2.15627
1.94166
1.74843
2.36375
2.5779
2.34132
2.13899
1.92364
1.73492
1.36379
1.17283
0.990626
1.5486
1.53488
1.35394
1.16332
0.984362
0.808552
0.620216
0.811352
0.805395
0.618097
0.426376
0.23201
0.427349
0.231766
0.428699
0.801169
0.615634
0.795156
0.612111
0.422708
0.232952
0.425068
0.232645
0.0361591
-0.169052
0.0334586
0.0385405
-0.163828
-0.368066
-0.588949
-0.376272
-0.600173
-0.384066
0.031156
-0.177571
0.0299643
-0.173872
-0.610264
-0.390731
-0.618502
-0.395554
-0.312871
-0.230192
0.108139
-0.769872
-0.681181
-1.08117
-0.984966
-0.592492
-0.503804
-0.147514
-0.888763
-0.792561
-0.415115
-1.41382
-1.3086
-1.76953
-1.65379
-1.20338
-1.09816
-0.696359
2.82656
3.06336
2.79964
3.02987
2.76455
2.54954
3.31033
3.56837
3.26948
3.51936
3.21856
2.98726
2.72058
2.51324
3.88509
4.17676
3.83838
4.53565
4.86675
4.48298
4.80466
4.4179
4.12125
3.78042
4.05356
3.71051
3.45934
4.72921
4.33968
4.63966
4.2476
3.97296
3.62791
3.38758
2.93482
2.667
2.46828
3.15685
3.08365
2.87182
2.60309
2.41394
1.34041
1.15036
0.975583
1.71653
1.51652
1.69256
1.49281
1.32247
1.13321
0.963572
2.11567
1.8998
2.3119
2.27478
2.08558
1.86943
2.04801
1.8318
1.66229
2.22922
2.17451
2.00224
1.7862
1.62499
1.2994
1.11117
0.947609
1.46302
1.42644
1.27048
1.0835
0.926977
0.786637
0.606811
0.77489
0.599006
0.411946
0.229704
0.418575
0.232215
0.7592
0.587983
0.738848
0.573025
0.388338
0.216511
0.402107
0.22471
0.0365495
-0.152929
0.0394525
0.030451
-0.15328
-0.345527
-0.547062
-0.348183
-0.555644
-0.353306
0.0398773
-0.158918
-0.155047
-0.565965
-0.360174
-0.577305
-0.792285
-1.03365
-0.807826
-0.777042
-1.01376
-1.24247
-1.50915
-1.26718
-1.53868
-1.29145
-0.76281
-0.994152
-0.750308
-0.975548
-1.19461
-1.44945
-1.21804
-1.47916
-1.72458
-2.02139
-1.7603
-1.68914
-1.97949
-2.24461
-2.57636
-2.29316
-2.63155
-2.34125
-1.79556
-2.1031
-1.82965
-2.06283
-2.68554
-2.38815
-2.73762
-2.43314
-0.849028
-1.10174
-0.858564
-0.836916
-1.08788
-1.3358
-1.61742
-1.35444
-1.63799
-1.36978
-0.822942
-1.07143
-1.05312
-1.56705
-1.31456
-1.59354
-1.86185
-2.17722
-1.89144
-2.14147
-2.78707
-2.47551
-2.83317
-2.51454
-1.9177
-2.23799
-1.93992
-2.20963
-2.8752
-2.54951
-2.91245
-2.5797
-1.27357
-1.17737
-1.83469
-1.72948
-2.23247
-2.11674
-1.62426
-1.51904
-2.46396
-2.34821
-3.17207
-3.0443
-3.68716
-3.54587
-2.91654
-2.78878
-3.40459
-3.2633
-2.66102
-4.24242
-4.0861
-4.83953
-4.66669
-3.92979
-3.77348
-3.12202
-2.001
-1.88526
-2.53326
-2.98073
-2.4055
-2.27774
-2.83944
-2.69816
-2.14998
-3.61717
-3.46085
-4.14817
-3.97532
-3.30454
-3.14823
-2.55687
-4.49385
-4.32101
-5.48021
-5.28934
-6.16615
-5.95574
-5.09846
-4.90759
-5.74533
-5.53492
-4.71671
-6.89904
-6.66759
-7.68058
-7.42659
-6.43614
-6.20469
-5.3245
-3.80248
-3.62963
-2.99191
-4.52583
-5.11409
-4.33495
-4.14407
-3.45678
-1.53804
-1.42231
-0.992942
-2.02222
-2.41559
-1.89445
-1.76669
-1.30657
-2.2743
-2.13302
-1.63893
-2.8356
-3.28394
-2.67929
-2.52297
-1.99173
1.18614
1.5673
1.56204
1.18216
1.96599
1.95936
1.94872
2.35336
1.93333
1.1765
1.55394
1.54227
1.16846
0.809953
0.807063
0.426859
0.427933
0.80346
0.798431
0.424065
0.425809
0.034804
0.0374339
-0.372176
-0.380264
0.0303775
0.0322131
-0.387584
-0.393417
-0.0985368
-0.536203
-0.830698
-0.36521
-0.646183
-1.1442
-1.47839
-0.94315
2.81408
2.78316
3.29112
3.24532
2.74372
3.86309
4.51082
4.45204
3.81085
3.747
4.38047
4.29541
3.67084
2.69503
3.1891
3.12173
2.63638
1.15732
1.52632
1.50538
1.14235
1.91249
2.32753
2.29435
1.88547
1.85157
2.2531
2.20305
1.81004
1.12285
1.47872
1.44563
1.09808
0.791255
0.781212
0.415616
0.420911
0.767583
0.749652
0.395758
0.407473
0.0383557
0.0339447
-0.346502
-0.350482
0.0393847
0.0399298
-0.356567
-0.364036
-0.800064
-0.784581
-1.25483
-1.27942
-0.769755
-0.756298
-1.20615
-1.23017
-1.74245
-1.70678
-2.2689
-2.31731
-1.8128
-1.77803
-2.36489
-2.41092
-0.854162
-0.843249
-1.34549
-1.36257
-0.830116
-0.815482
-1.3032
-1.32546
-1.87701
-1.84603
-2.4547
-2.49549
-1.92935
-1.90503
-2.53258
-2.56525
-1.01522
-1.54629
-1.91956
-1.34524
-2.14014
-2.80749
-3.29036
-2.56436
-3.02169
-3.81105
-4.37124
-3.51383
-1.69897
-2.32123
-2.75302
-2.07811
-2.48435
-3.2166
-3.71369
-2.91938
-4.04247
-4.97265
-5.61696
-4.60931
-5.21605
-6.30588
-7.04109
-5.86439
-3.38491
-4.24597
-4.81514
-3.88262
-1.25781
-1.83499
-2.21568
-1.59186
-1.94701
-2.62216
-3.05612
-2.32494
1.09378
1.18697
1.09222
0.999248
1.28206
1.37614
1.28043
1.37428
1.27848
1.18526
1.09051
0.997699
1.47255
1.56825
1.47082
1.66671
1.76475
1.66487
1.76252
1.66242
1.56621
1.46863
1.56359
1.46589
1.37199
1.75957
1.65928
1.7558
1.65535
1.56031
1.46252
1.36917
1.18328
1.08854
0.996015
1.27613
1.27329
1.18093
1.08623
0.994106
1.86599
1.9671
1.86403
2.07187
2.17677
2.06977
2.17413
2.06678
1.96467
1.86131
1.96137
1.85776
2.17047
2.06279
2.1657
2.05773
1.95711
1.85327
1.9518
1.84776
1.75113
2.15973
2.0515
2.15248
2.04401
1.94535
1.84114
1.74547
2.25486
2.35876
2.245
2.14385
2.47517
2.58384
2.46427
2.57152
2.45163
2.34755
2.23354
2.13376
1.93766
1.83331
1.73872
2.03517
2.02489
1.92866
1.82419
1.7308
1.17811
1.08348
0.991884
1.36575
1.26988
1.36163
1.26579
1.17474
1.08021
0.989257
1.55627
1.45841
1.65055
1.64479
1.55139
1.45349
1.54556
1.44766
1.35672
1.63796
1.63
1.53872
1.44084
1.35093
1.17074
1.07633
0.986136
1.26094
1.25524
1.16599
1.07175
0.982431
0.904286
0.810648
0.905764
0.902766
0.809258
0.714071
0.619679
0.715319
0.620775
0.716615
0.901111
0.807824
0.899234
0.806257
0.711358
0.617541
0.71278
0.618631
0.522846
0.427097
0.523637
0.522015
0.426622
0.329868
0.232161
0.32997
0.231884
0.330124
0.524476
0.428289
0.525456
0.427624
0.231751
0.330419
0.23185
0.330946
0.897042
0.804467
0.894447
0.802364
0.707759
0.614881
0.709713
0.616321
0.891361
0.799861
0.887692
0.796866
0.702557
0.610981
0.705403
0.61313
0.518387
0.424605
0.519875
0.516501
0.423436
0.328184
0.232894
0.328975
0.232945
0.329459
0.521055
0.426108
0.425465
0.23278
0.329728
0.232489
0.134393
0.0341247
0.133577
0.135173
0.035486
-0.0643246
-0.167756
-0.0662885
-0.170323
-0.0681966
0.135827
0.0368118
0.136268
0.0380143
-0.0605886
-0.162542
-0.0623951
-0.165133
-0.267032
-0.374232
-0.270373
-0.263724
-0.370117
-0.474481
-0.586048
-0.479426
-0.591823
-0.484312
-0.273655
-0.382195
-0.276791
-0.378287
-0.597446
-0.489048
-0.602831
-0.493548
0.131809
0.0301211
0.131746
0.132194
0.0307263
-0.0714884
-0.17679
-0.0726928
-0.178236
-0.0734813
0.132814
0.0316553
0.0328181
-0.172744
-0.0699597
-0.17493
-0.279691
-0.38921
-0.282264
-0.385866
-0.607887
-0.497719
-0.612525
-0.501474
-0.284422
-0.394558
-0.286073
-0.392137
-0.616655
-0.50472
-0.620186
-0.507367
-0.0339035
0.00567557
0.170385
-0.245369
-0.204663
-0.381308
-0.339287
-0.163957
-0.123252
0.045254
-0.465349
-0.423328
-0.695184
-0.651661
-0.845787
-0.800573
-0.608138
-0.564614
-0.755359
-0.710146
-0.521092
-1.00141
-0.954317
-1.16226
-1.11311
-0.907225
-0.860133
-0.664933
-0.297267
-0.255247
-0.0825465
-0.477569
-0.61972
-0.434046
-0.390524
-0.213227
-0.574507
-0.529294
-0.347002
-0.813042
-0.765951
-0.965632
-0.916474
-0.718859
-0.671767
-0.484081
-1.06395
-1.01479
-1.32856
-1.27715
-1.50052
-1.44667
-1.22574
-1.17433
-1.39281
-1.33896
-1.12291
-1.67835
-1.62186
-1.86225
-1.80295
-1.56538
-1.50889
-1.2851
-0.867316
-0.818158
-0.624676
-1.0715
-1.23125
-1.02009
-0.968677
-0.768999
2.7064
2.82056
2.69444
2.95
3.07039
2.93699
3.0558
2.92195
2.80711
2.68061
2.79166
2.66481
2.55735
3.03907
2.90479
3.0201
2.88543
2.77413
2.64695
2.54124
3.17711
3.30102
3.15858
3.44755
3.57899
3.42765
3.55711
3.40525
3.28061
3.13771
3.25772
3.11438
2.99881
3.53262
3.38025
3.50542
3.35258
3.23227
3.08853
2.9751
2.75442
2.62694
2.5231
2.86377
2.83972
2.73245
2.60469
2.50284
3.73475
3.87443
3.71346
4.04017
4.18881
4.01747
4.16399
3.99197
3.85108
3.68951
4.36526
4.52361
4.34115
4.7115
4.88027
4.68596
4.85245
4.65733
4.49728
4.31409
4.4679
4.28401
4.13624
4.82141
4.62553
4.78708
4.59045
4.43537
4.2508
4.1055
3.82497
3.66283
3.9636
3.93224
3.796
3.63333
3.76409
3.6009
3.47542
4.07167
3.89783
4.03465
3.86026
3.72915
3.56547
3.44253
4.3996
4.21438
4.74936
4.55202
4.70817
4.51014
4.3605
4.17466
4.31798
4.13155
3.99436
4.66341
4.46472
4.61499
4.41568
4.27195
4.08496
3.95071
3.69107
3.52694
3.40666
3.81945
3.7753
3.64979
3.48523
3.36773
2.70811
2.58012
2.48037
2.94889
2.81321
2.92009
2.78412
2.68133
2.55313
2.4556
3.20417
3.06005
3.32213
3.28883
3.17333
3.02887
3.13966
2.99488
2.8886
3.25257
3.21328
3.10307
2.95799
2.85434
2.65202
2.52363
2.42845
2.75238
2.7179
2.62007
2.49153
2.39881
1.16043
1.06637
0.978053
1.34418
1.2486
1.33636
1.24094
1.15396
1.06011
0.972912
1.53075
1.43292
1.72162
1.6208
1.71109
1.61028
1.52159
1.42384
1.51113
1.41348
1.32741
1.69912
1.59835
1.68561
1.58491
1.49928
1.40177
1.31721
1.14649
1.05289
0.966918
1.23215
1.22216
1.13793
1.0446
0.95998
1.91825
1.8137
2.1221
2.01308
2.10881
1.99966
1.90634
1.80173
2.33465
2.22042
2.43718
2.42081
2.31995
2.20553
2.30337
2.18879
2.09378
2.40244
2.38198
2.28482
2.1701
2.07692
1.89285
1.78821
1.98454
1.96761
1.87767
1.77304
1.86073
1.75612
1.67049
2.05815
1.9488
2.03737
1.92801
1.84193
1.73738
1.65365
2.26421
2.14938
2.35933
2.33442
2.24144
2.12654
2.21643
2.10148
2.01449
2.30715
2.27742
2.18909
2.07412
1.98943
1.82118
1.71672
1.63501
1.90516
1.88015
1.79839
1.69404
1.61449
1.12819
1.03516
0.95201
1.30568
1.21087
1.29274
1.19819
1.11718
1.02447
0.942917
1.48596
1.38862
1.56988
1.55317
1.47108
1.37393
1.45454
1.35762
1.27829
1.53469
1.51434
1.43626
1.33959
1.26225
1.10481
1.01246
0.932612
1.18403
1.1683
1.09099
0.999026
0.921005
0.88335
0.793289
0.878246
0.789042
0.695032
0.605122
0.699131
0.608342
0.872288
0.784031
0.86539
0.778168
0.684464
0.59658
0.690173
0.60123
0.507542
0.417179
0.511169
0.503159
0.413876
0.320136
0.228717
0.323059
0.230537
0.325316
0.514126
0.421871
0.419815
0.231781
0.326995
0.232537
0.85746
0.771366
0.848407
0.763532
0.670134
0.584642
0.677814
0.591081
0.838143
0.754578
0.826578
0.744412
0.651326
0.568587
0.661334
0.577173
0.484556
0.399061
0.491755
0.476239
0.392187
0.299976
0.213877
0.306466
0.2189
0.311929
0.497926
0.409815
0.404907
0.222988
0.316456
0.226231
0.132065
0.0389871
0.134057
0.129318
0.0375468
-0.0574178
-0.152757
-0.0565868
-0.153254
-0.0564186
0.125727
0.0353525
0.1212
0.0323144
-0.0614289
-0.153838
-0.0590021
-0.152921
-0.249057
-0.347259
-0.249617
-0.24925
-0.345921
-0.443603
-0.545273
-0.445781
-0.549006
-0.448619
-0.250838
-0.351834
-0.252631
-0.349261
-0.553308
-0.452028
-0.558089
-0.455918
0.1364
0.039001
0.136135
0.0396803
-0.0577145
-0.157826
-0.0589988
-0.160076
0.135384
0.0399642
0.0397628
-0.154325
-0.056824
-0.155878
-0.254905
-0.358332
-0.257573
-0.354888
-0.563261
-0.460197
-0.568732
-0.464778
-0.260542
-0.366036
-0.362079
-0.574415
-0.469569
-0.580215
-0.687415
-0.803953
-0.694193
-0.680666
-0.796171
-0.90658
-1.02869
-0.91542
-1.03859
-0.9242
-0.674036
-0.788418
-0.667617
-0.780786
-0.889071
-1.0088
-0.897767
-1.01873
-1.13273
-1.26101
-1.14386
-1.12162
-1.24865
-1.3666
-1.50166
-1.38025
-1.5166
-1.39384
-1.15493
-1.28546
-1.16585
-1.27332
-1.53138
-1.40728
-1.54591
-1.42047
-0.661497
-0.773361
-0.655766
-0.766234
-0.872392
-0.989378
-0.880584
-0.998987
-0.650512
-0.759494
-0.645827
-0.753232
-0.85726
-0.971139
-0.864588
-0.980065
-1.08935
-1.21206
-1.09984
-1.07924
-1.20033
-1.31311
-1.44215
-1.32613
-1.45681
-1.33945
-1.11063
-1.23631
-1.22408
-1.47168
-1.35296
-1.48666
-1.60894
-1.75138
-1.62534
-1.59255
-1.73352
-1.8605
-2.01093
-1.87988
-2.03182
-1.8992
-1.57628
-1.71567
-1.56021
-1.69793
-1.82187
-1.96902
-1.84113
-1.98997
-2.12202
-2.28104
-2.14462
-2.09944
-2.25675
-2.39426
-2.56247
-2.42029
-2.59023
-2.44626
-2.16714
-2.32931
-2.18951
-2.30526
-2.61784
-2.47205
-2.64519
-2.4976
-1.6738
-1.82128
-1.6894
-1.65787
-1.80422
-1.93727
-2.09318
-1.95584
-2.1129
-1.97398
-1.64168
-1.78683
-1.76919
-2.05255
-1.91836
-2.07304
-2.21162
-2.37657
-2.23339
-2.35311
-2.67219
-2.52281
-2.69877
-2.54758
-2.25474
-2.42211
-2.27556
-2.3996
-2.72482
-2.57183
-2.75025
-2.59547
-0.734926
-0.856458
-0.738705
-0.730455
-0.851681
-0.970545
-1.09855
-0.976376
-1.10471
-0.981425
-0.725385
-0.846214
-0.719806
-0.840146
-0.956902
-1.08398
-0.964024
-1.09161
-1.21498
-1.35006
-1.22308
-1.20618
-1.34073
-1.46897
-1.61174
-1.47958
-1.62291
-1.48941
-1.23041
-1.36629
-1.23686
-1.35861
-1.6332
-1.49837
-1.64253
-1.50636
-0.713807
-0.833568
-0.70748
-0.82657
-0.941214
-1.067
-0.949268
-1.07575
-0.700911
-0.819243
-0.811673
-1.04833
-0.932828
-1.05783
-1.17652
-1.30893
-1.18686
-1.29736
-1.56011
-1.43332
-1.57388
-1.44575
-1.19677
-1.3307
-1.32007
-1.58714
-1.45766
-1.59978
-1.73327
-1.88432
-1.74662
-1.71922
-1.86952
-2.00862
-2.16856
-2.02494
-2.18566
-2.04047
-1.70457
-1.85402
-1.83791
-2.13209
-1.99161
-2.15068
-2.29577
-2.4652
-2.31529
-2.44401
-2.77499
-2.61841
-2.79893
-2.64055
-2.33401
-2.50514
-2.35185
-2.48561
-2.822
-2.66182
-2.84409
-2.68211
-1.7816
-1.93478
-1.79127
-1.77087
-1.92366
-2.0688
-2.23132
-2.08143
-2.24437
-2.09291
-1.75918
-1.91148
-1.89834
-2.20188
-2.05512
-2.21713
-2.36873
-2.54119
-2.38454
-2.52369
-2.86511
-2.70135
-2.88499
-2.71943
-2.39921
-2.57264
-2.41264
-2.55753
-2.90363
-2.73627
-2.92093
-2.75178
-0.936213
-0.891
-1.18977
-1.14268
-1.35889
-1.30974
-1.09559
-1.0485
-1.45721
-1.40805
-1.73986
-1.68844
-1.93135
-1.87749
-1.63703
-1.58562
-1.82364
-1.76979
-1.53421
-2.13021
-2.07373
-2.33666
-2.27736
-2.01725
-1.96076
-1.71593
-1.26058
-1.21142
-1.4828
-1.66208
-1.43139
-1.37997
-2.03906
-1.9852
-2.35615
-2.29966
-2.57387
-2.51457
-2.24318
-2.1867
-2.69248
-2.63317
-3.04937
-2.98706
-3.29717
-3.23167
-2.92475
-2.86244
-3.16616
-3.10066
-2.80014
-3.55469
-3.48581
-3.82214
-3.74969
-3.41692
-3.34804
-3.03516
-2.45526
-2.39596
-2.73783
-2.96966
-2.67552
-2.61321
-2.90416
-2.83866
-2.55091
-3.27916
-3.21028
-3.53234
-3.45989
-3.1414
-3.07251
-2.77316
-3.67724
-3.60479
-4.09974
-4.02354
-4.3877
-4.30755
-3.94733
-3.87112
-4.2274
-4.14725
-3.79491
-4.68624
-4.60195
-4.99555
-4.90694
-4.51766
-4.43338
-4.06709
-3.38744
-3.31499
-3.00363
-3.71871
-3.98694
-3.6425
-3.56629
-3.24254
-1.60823
-1.55437
-1.90428
-1.84779
-2.09946
-2.04015
-1.79131
-1.73483
-2.21806
-2.15876
-2.4886
-2.70766
-2.42629
-2.36398
-2.64216
-2.57666
-2.30168
-2.93475
-3.17008
-2.86587
-2.79699
-2.51116
-1.98085
-1.92155
-2.23937
-2.44566
-2.17707
-2.11476
-2.38016
-2.31466
-2.05245
-2.7281
-2.65922
-2.95273
-2.88028
-2.59034
-2.52146
-2.24916
-3.09763
-3.02518
-3.49008
-3.41388
-3.74649
-3.66634
-3.33767
-3.26146
-3.58618
-3.50603
-3.18525
-4.01196
-3.92768
-4.28672
-4.19811
-3.84339
-3.75911
-3.42588
-2.80783
-2.73538
-2.45258
-3.10905
-3.34573
-3.03284
-2.95663
-2.66293
-3.90679
-3.82664
-4.3491
-4.26481
-4.64114
-4.55253
-4.18053
-4.09625
-4.81834
-4.72974
-5.31586
-5.22275
-5.64738
-5.54958
-5.12964
-5.03653
-5.45177
-5.35396
-4.94342
-5.99033
-5.88764
-6.3449
-6.23714
-5.78494
-5.68225
-5.25615
-4.46393
-4.37532
-4.8503
-5.15834
-4.75719
-4.66408
-5.06053
-4.96272
-4.57096
-5.57956
-5.47686
-5.91384
-5.80608
-5.37417
-5.27148
-4.86491
-6.12937
-6.02161
-6.71132
-6.5983
-7.0898
-6.97133
-6.48527
-6.37225
-6.85285
-6.73438
-6.25922
-7.48054
-7.35644
-7.88377
-7.75384
-7.23233
-7.10822
-6.61591
-5.69831
-5.59055
-5.16878
-6.1462
-6.49743
-6.03317
-5.92015
-5.48278
-3.26557
-3.18542
-2.88042
-3.67482
-3.59054
-3.93229
-3.84369
-3.50625
-3.42196
-3.10527
-4.10951
-4.0209
-4.47785
-4.7671
-4.38473
-4.29162
-4.66929
-4.57148
-4.1985
-5.06609
-5.37501
-4.96339
-4.8607
-4.47367
-3.75508
-3.66647
-3.33768
-4.10539
-4.37586
-4.01227
-3.91916
-3.57786
-1.17739
-1.12354
-0.917264
-1.45241
-1.39592
-1.62504
-1.56574
-1.33944
-1.28296
-1.06968
-1.74365
-1.68434
-1.99014
-2.18365
-1.92784
-1.86553
-2.11815
-2.05265
-1.80322
-2.3837
-2.59048
-2.31481
-2.24593
-1.98715
-1.50644
-1.44714
-1.22647
-1.74091
-1.92165
-1.67861
-1.6163
-1.38784
-1.85615
-1.79065
-1.55399
-2.17705
-2.10817
-2.37313
-2.30068
-2.03929
-1.97041
-1.72515
-2.51803
-2.44558
-2.80421
-3.02511
-2.728
-2.6518
-2.94496
-2.86481
-2.57559
-3.25339
-3.48926
-3.16911
-3.08482
-2.78466
-2.22823
-2.15577
-1.90153
-2.49938
-2.7045
-2.42318
-2.34697
-2.08332
1.09302
1.28128
1.2795
1.09139
1.47174
1.66586
1.66372
1.46979
1.46733
1.66094
1.65742
1.46429
1.08956
1.27736
1.27478
1.08743
1.8651
2.07093
2.06839
1.86277
1.85965
2.06491
2.0604
1.85564
1.85065
2.05476
2.04791
1.84459
2.25012
2.46993
2.45817
2.23947
1.83738
2.03976
2.03021
1.82892
1.08491
1.27166
1.26792
1.08192
1.46056
1.65307
1.64779
1.45606
1.4507
1.64151
1.63413
1.44438
1.07835
1.26346
1.2582
1.07413
0.905024
0.903537
0.714694
0.715955
0.901961
0.900206
0.712091
0.713437
0.523241
0.522441
0.329918
0.330034
0.524942
0.524045
0.330248
0.330647
0.898182
0.895801
0.70878
0.710569
0.892971
0.889605
0.704047
0.706636
0.519175
0.517499
0.328624
0.32925
0.521557
0.520498
0.329615
0.329808
0.133984
0.134793
-0.0653078
-0.0672549
0.135521
0.13608
-0.0614705
-0.0633502
-0.268704
-0.265368
-0.476955
-0.481883
-0.275247
-0.272027
-0.486704
-0.491333
0.131731
0.131966
-0.0721371
-0.0731453
0.132481
0.133183
-0.0691019
-0.070759
-0.281024
-0.278276
-0.49568
-0.499655
-0.285317
-0.283401
-0.503167
-0.506125
0.069054
-0.138656
-0.271531
-0.058418
-0.354211
-0.578951
-0.725526
-0.493454
-0.636836
-0.876827
-1.03307
-0.784569
-0.188853
-0.407958
-0.548147
-0.322462
-0.459459
-0.692312
-0.840662
-0.600054
-0.936865
-1.19446
-1.36121
-1.09393
-1.25599
-1.53354
-1.71166
-1.42325
-0.74446
-0.993412
-1.15077
-0.892888
2.70065
2.94374
2.92973
2.68777
2.67296
2.91364
2.89539
2.65614
3.16813
3.43791
3.41677
3.14844
3.12636
3.39308
3.36675
3.10178
2.63722
2.87489
2.85205
2.6161
3.72443
4.02916
4.00508
3.70182
4.35357
4.69911
4.67204
4.32799
4.29943
4.64183
4.6084
4.2678
3.67652
3.97815
3.9483
3.64844
3.61748
3.91543
3.87944
3.58357
4.233
4.57166
4.53152
4.19494
4.15354
4.48788
4.44066
4.1087
3.5466
3.84027
3.7978
3.50649
2.5927
2.82678
2.79899
2.56693
3.07463
3.33771
3.30584
3.0448
3.01223
3.27108
3.23331
2.9768
2.5387
2.76859
2.73549
2.50791
1.06916
1.25204
1.2449
1.06336
1.43702
1.62556
1.61571
1.42853
1.41882
1.6045
1.59182
1.4078
1.05663
1.23669
1.22731
1.04888
1.81912
2.01918
2.00658
1.80791
2.2272
2.44464
2.42924
2.2132
2.1974
2.41188
2.39248
2.1797
1.79517
1.99232
1.9763
1.78084
1.7648
1.95845
1.93866
1.74699
2.16
2.37093
2.34717
2.13823
2.11429
2.32108
2.2926
2.08809
1.72729
1.91685
1.89293
1.70564
1.04003
1.21668
1.2047
1.02998
1.39538
1.5776
1.56174
1.38147
1.36598
1.54416
1.52476
1.34882
1.01864
1.1913
1.17637
1.00593
0.885611
0.880899
0.697172
0.700922
0.875379
0.868963
0.68743
0.692704
0.509445
0.505451
0.321687
0.324265
0.515381
0.512726
0.326223
0.327646
0.86156
0.853079
0.674109
0.681262
0.843432
0.832529
0.656487
0.66588
0.488289
0.480542
0.303355
0.30932
0.500654
0.494963
0.314304
0.318397
0.13315
0.130792
-0.0569139
-0.0564251
0.127634
0.123586
-0.0601046
-0.05811
-0.249248
-0.249054
-0.444604
-0.447123
-0.251668
-0.25015
-0.450258
-0.453918
0.136378
0.136323
-0.0583132
-0.059761
0.135826
0.134798
-0.0565555
-0.0572143
-0.256195
-0.253714
-0.458015
-0.462455
-0.262112
-0.259025
-0.467153
-0.472015
-0.690806
-0.684031
-0.911002
-0.919823
-0.67733
-0.670795
-0.893399
-0.902164
-1.1383
-1.12716
-1.37343
-1.38706
-1.16041
-1.14941
-1.40059
-1.41391
-0.664515
-0.658577
-0.876445
-0.884796
-0.653073
-0.648093
-0.860858
-0.868436
-1.09455
-1.08424
-1.31958
-1.33276
-1.1161
-1.1052
-1.34618
-1.35977
-1.61714
-1.60074
-1.87019
-1.88956
-1.5844
-1.56821
-1.83148
-1.8508
-2.13332
-2.11072
-2.40728
-2.43329
-2.17835
-2.15589
-2.45918
-2.48486
-1.68165
-1.66587
-1.9466
-1.96497
-1.6498
-1.63353
-1.90881
-1.92785
-2.22256
-2.2006
-2.51025
-2.53525
-2.26522
-2.24413
-2.55977
-2.58373
-0.736908
-0.732771
-0.973553
-0.979005
-0.727989
-0.722653
-0.960532
-0.967365
-1.21912
-1.21066
-1.47437
-1.4846
-1.23375
-1.22685
-1.49401
-1.50249
-0.716853
-0.710679
-0.945288
-0.953143
-0.70422
-0.697565
-0.928538
-0.937057
-1.18173
-1.17122
-1.42694
-1.43959
-1.20154
-1.19187
-1.45177
-1.46339
-1.74004
-1.72633
-2.01688
-2.03281
-1.71197
-1.69704
-1.98287
-2.0002
-2.30562
-2.28575
-2.60703
-2.62958
-2.34305
-2.32475
-2.6513
-2.67209
-1.78657
-1.77636
-2.07525
-2.08732
-1.76514
-1.75301
-2.04791
-2.06209
-2.37677
-2.36042
-2.69187
-2.71054
-2.40608
-2.39202
-2.72801
-2.7442
-0.814216
-1.06134
-1.22547
-0.969086
-1.32167
-1.59655
-1.78208
-1.49603
-1.67687
-1.9747
-2.17461
-1.86441
-1.12927
-1.3955
-1.57165
-1.29498
-1.8873
-2.19528
-2.40608
-2.08499
-2.52183
-2.86827
-3.10819
-2.7467
-2.98042
-3.35753
-3.61652
-3.22319
-2.29034
-2.62514
-2.85266
-2.50358
-2.7249
-3.08886
-3.33395
-2.95452
-3.47523
-3.88536
-4.16426
-3.73674
-4.00795
-4.45344
-4.75311
-4.28905
-3.19266
-3.58813
-3.85163
-3.43952
-1.46643
-1.75412
-1.94313
-1.64383
-2.05887
-2.38201
-2.59714
-2.26045
-2.46938
-2.82019
-3.05137
-2.68585
-1.82739
-2.13889
-2.34162
-2.01733
-2.21386
-2.55152
-2.7688
-2.41718
-2.91009
-3.29091
-3.53901
-3.1423
-3.3827
-3.79588
-4.06175
-3.63149
-2.62752
-2.99369
-3.22638
-2.84507
-3.69532
-4.12466
-4.40743
-3.96027
-4.58027
-5.06348
-5.38477
-4.88182
-5.1939
-5.71719
-6.06094
-5.51674
-4.23459
-4.70015
-5.00303
-4.51848
-4.81215
-5.31628
-5.64012
-5.11582
-5.85053
-6.41625
-6.78332
-6.19551
-6.55187
-7.16236
-7.55359
-6.91982
-5.42971
-5.97476
-6.32041
-5.75402
-3.07007
-3.4671
-3.71606
-3.30271
-3.8889
-4.3368
-4.62127
-4.15513
-4.43039
-4.91537
-5.21929
-4.71491
-3.54321
-3.97346
-4.23951
-3.79178
-1.04555
-1.31296
-1.48018
-1.20266
-1.59592
-1.89577
-2.0861
-1.77421
-1.95833
-2.28285
-2.48623
-2.14851
-1.36444
-1.65264
-1.83057
-1.53108
-1.70281
-2.01418
-2.20366
-1.87984
-2.34495
-2.69646
-2.91375
-2.54785
-2.75744
-3.13832
-3.37036
-2.97393
-2.06238
-2.39924
-2.60113
-2.25063
