FiniteElementSpace
FiniteElementCollection: H1_3D_P1
VDim: 3
Ordering: 1

0 0 0
0.0142587 0.00736316 0.0441643
0.000380006 -0.00309258 0.178634
-0.0491615 -0.0134994 0.343969
-0.124415 -0.0236405 0.495132
-0.210804 -0.028963 0.577615
-0.290809 -0.0219044 0.523348
-0.356784 -0.0138098 0.369423
-0.406159 -0.00597149 0.147497
0 0 0
0.0142587 -0.00736316 0.0441643
0.000380006 0.00309258 0.178634
-0.0491615 0.0134994 0.343969
-0.124415 0.0236405 0.495132
-0.210804 0.028963 0.577615
-0.290809 0.0219044 0.523348
-0.356784 0.0138098 0.369423
-0.406159 0.00597149 0.147497
0 0 0
-0.0606611 -0.0230421 0.0550796
-0.131653 -0.0156518 0.187479
-0.190943 -0.00810356 0.354489
-0.226332 0.00209848 0.509649
-0.221399 0.0119657 0.590953
-0.197257 0.010837 0.527039
-0.187004 0.00841852 0.357341
-0.202107 0.00260611 0.127063
0 0 0
-0.0606611 0.0230421 0.0550796
-0.131653 0.0156518 0.187479
-0.190943 0.00810356 0.354489
-0.226332 -0.00209848 0.509649
-0.221399 -0.0119657 0.590953
-0.197257 -0.010837 0.527039
-0.187004 -0.00841852 0.357341
-0.202107 -0.00260611 0.127063
0.00738169 0.00913004 0.00831441
0.014775 -5.24779e-17 0.0507135
0.00738169 -0.00913004 0.00831441
0 0 0
-0.0241772 -0.0225787 0.0187171
-0.0609356 2.28721e-17 0.062853
-0.0241772 0.0225787 0.0187171
0 0 0
0 0 0
-0.0223095 -0.00762879 0.0471421
-0.0223095 0.00762879 0.0471421
0 0 0
0.0122336 0.00224388 0.104151
0.00173482 -4.89993e-17 0.181778
0.0122336 -0.00224388 0.104151
-0.0971652 -0.0194665 0.113914
-0.132945 2.17272e-17 0.190378
-0.0971652 0.0194665 0.113914
-0.0650876 -0.00928209 0.182
-0.0650876 0.00928209 0.182
-0.0204951 -0.00832278 0.260464
-0.0471913 6.09427e-17 0.34289
-0.0204951 0.00832278 0.260464
-0.163262 -0.011987 0.269544
-0.191881 6.00996e-17 0.353144
-0.163262 0.011987 0.269544
-0.119795 -0.0108966 0.3498
-0.119795 0.0108966 0.3498
-0.0843102 -0.0186747 0.42403
-0.122482 -3.42279e-17 0.488603
-0.0843102 0.0186747 0.42403
-0.212831 -0.00348207 0.436677
-0.227292 -6.21953e-17 0.503959
-0.212831 0.00348207 0.436677
-0.175676 -0.0105852 0.504674
-0.175676 0.0105852 0.504674
-0.167427 -0.0275842 0.549781
-0.211095 -6.95346e-17 0.567051
-0.167427 0.0275842 0.549781
-0.229098 0.0079121 0.564798
-0.22216 -2.49537e-17 0.582263
-0.229098 -0.0079121 0.564798
-0.216819 -0.00763919 0.587904
-0.216819 0.00763919 0.587904
-0.252327 -0.0265905 0.568682
-0.292951 9.11301e-17 0.516081
-0.252327 0.0265905 0.568682
-0.208367 0.0125134 0.57811
-0.197841 -5.04257e-18 0.520577
-0.208367 -0.0125134 0.57811
-0.244449 -0.0047331 0.52864
-0.244449 0.0047331 0.52864
-0.325438 -0.0178594 0.456231
-0.359147 1.9146e-17 0.364617
-0.325438 0.0178594 0.456231
-0.190044 0.00984052 0.452329
-0.187601 3.56427e-18 0.352633
-0.190044 -0.00984052 0.452329
-0.272245 -0.0023644 0.365397
-0.272245 0.0023644 0.365397
-0.385886 -0.0086737 0.254313
-0.408031 -9.45927e-17 0.144813
-0.385886 0.0086737 0.254313
-0.193421 0.00491777 0.236531
-0.202454 -5.26379e-17 0.124081
-0.193421 -0.00491777 0.236531
-0.304439 -0.00158133 0.137586
-0.304439 0.00158133 0.137586
0.00719488 -6.35247e-17 0.0148828
-0.00726736 -0.00575758 0.0100336
-0.0220517 -1.84787e-17 0.0537338
-0.00726736 0.00575758 0.0100336
0 0 0
-0.0230306 -1.81148e-18 0.0252757
0.0132979 -2.79149e-18 0.109111
-0.0418187 -0.00842891 0.107162
-0.0650205 6.77108e-18 0.184987
-0.0418187 0.00842891 0.107162
-0.0983942 -2.38801e-17 0.119246
-0.0188351 9.2139e-17 0.26161
-0.0914337 -0.0101864 0.264762
-0.119267 6.62314e-17 0.348557
-0.0914337 0.0101864 0.264762
-0.164348 5.04819e-17 0.270273
-0.0821682 1.93617e-17 0.420387
-0.148581 -0.0111162 0.431768
-0.17527 -5.34338e-17 0.498697
-0.148581 0.0111162 0.431768
-0.213752 -2.93989e-17 0.433196
-0.166328 -5.87999e-17 0.540553
-0.198818 -0.00930285 0.560371
-0.217435 2.72587e-17 0.5787
-0.198818 0.00930285 0.560371
-0.230023 -1.76337e-17 0.557137
-0.253912 -1.48805e-17 0.559089
-0.231023 -0.00603616 0.57713
-0.245753 -6.80325e-17 0.521836
-0.231023 0.00603616 0.57713
-0.208961 -4.64041e-17 0.569984
-0.327679 4.29337e-17 0.450533
-0.258044 -0.00356646 0.457206
-0.273661 8.25726e-17 0.36068
-0.258044 0.00356646 0.457206
-0.190693 7.59034e-18 0.447049
-0.38806 -4.63665e-17 0.250898
-0.289978 -0.00164099 0.246238
-0.305531 3.82992e-17 0.134697
-0.289978 0.00164099 0.246238
-0.193842 -2.79035e-17 0.23291
-0.00675405 -1.43281e-17 0.0166067
-0.0418476 -2.38304e-17 0.112118
-0.0911158 -3.38764e-17 0.26568
-0.148 6.77384e-17 0.428209
-0.198843 -2.97709e-17 0.552253
-0.232132 -3.16164e-17 0.568553
-0.259406 6.20874e-18 0.451741
-0.291245 -2.04329e-17 0.242698
