FiniteElementSpace
FiniteElementCollection: H1_3D_P1
VDim: 3
Ordering: 1

0 0 0
-0.00196299 -3.07957e-05 0.00449473
-0.0123634 -0.00185301 0.0320424
-0.0273102 -0.00131468 0.0692036
-0.0369479 0.000532766 0.106852
-0.0351289 0.00332621 0.117686
-0.0317508 0.000885096 0.0966828
-0.037447 0.000353278 0.0726308
-0.0268137 0.00508109 0.0552847
0 0 0
-0.00196299 3.07957e-05 0.00449473
-0.0123634 0.00185301 0.0320424
-0.0273102 0.00131468 0.0692036
-0.0369479 -0.000532766 0.106852
-0.0351289 -0.00332621 0.117686
-0.0317508 -0.000885096 0.0966828
-0.037447 -0.000353278 0.0726308
-0.0268137 -0.00508109 0.0552847
0 0 0
-0.0151871 -0.00514726 0.00912636
-0.034629 -0.00277202 0.0352661
-0.0505126 -0.000847592 0.0697651
-0.0534238 0.00387232 0.101621
-0.0377771 0.00447761 0.109975
-0.0258876 0.00523778 0.0920376
-0.012377 0.00659703 0.0649604
-0.0182255 -0.00436594 0.0586588
0 0 0
-0.0151871 0.00514726 0.00912636
-0.034629 0.00277202 0.0352661
-0.0505126 0.000847592 0.0697651
-0.0534238 -0.00387232 0.101621
-0.0377771 -0.00447761 0.109975
-0.0258876 -0.00523778 0.0920376
-0.012377 -0.00659703 0.0649604
-0.0182255 0.00436594 0.0586588
-0.000426218 0.000828384 -0.000644338
-0.00155255 -5.85098e-16 0.00449175
-0.000426218 -0.000828384 -0.000644338
0 0 0
-0.00602921 -0.00526876 0.00363736
-0.0151162 1.05879e-16 0.00921581
-0.00602921 0.00526876 0.00363736
0 0 0
0 0 0
-0.00824206 -0.00251672 0.0062347
-0.00824206 0.00251672 0.0062347
0 0 0
-0.00601867 -0.00127968 0.0161644
-0.0121183 -4.94259e-16 0.0316764
-0.00601867 0.00127968 0.0161644
-0.0251027 -0.00385023 0.0202195
-0.034813 3.16627e-16 0.0348917
-0.0251027 0.00385023 0.0202195
-0.0233117 -0.00245373 0.0333891
-0.0233117 0.00245373 0.0333891
-0.0198786 -0.00180336 0.0499239
-0.0275983 -2.10402e-16 0.0691458
-0.0198786 0.00180336 0.0499239
-0.0433192 -0.00202785 0.052154
-0.0510878 3.81194e-16 0.0699421
-0.0433192 0.00202785 0.052154
-0.0394355 -0.00140749 0.0695336
-0.0394355 0.00140749 0.0695336
-0.0333823 -0.000522038 0.0889428
-0.0375426 -6.89251e-17 0.107121
-0.0333823 0.000522038 0.0889428
-0.0545136 0.00126567 0.0868716
-0.0540965 -5.35393e-16 0.101541
-0.0545136 -0.00126567 0.0868716
-0.0461119 0.00232154 0.104657
-0.0461119 -0.00232154 0.104657
-0.0373334 0.00187585 0.118309
-0.0349939 5.40532e-17 0.120032
-0.0373334 -0.00187585 0.118309
-0.0468639 0.00543878 0.110675
-0.0375384 1.5426e-16 0.110869
-0.0468639 -0.00543878 0.110675
-0.0362803 0.00449729 0.114655
-0.0362803 -0.00449729 0.114655
-0.032644 0.00361224 0.105554
-0.0305586 5.54985e-16 0.0978529
-0.032644 -0.00361224 0.105554
-0.0310764 0.00275431 0.100057
-0.0261769 -4.87265e-17 0.09356
-0.0310764 -0.00275431 0.100057
-0.0276303 0.00286734 0.0950396
-0.0276303 -0.00286734 0.0950396
-0.0318903 -0.00169538 0.0980791
-0.0390361 -6.07116e-17 0.0702557
-0.0318903 0.00169538 0.0980791
-0.0156516 0.0101377 0.0897153
-0.0119405 -3.13825e-16 0.0626956
-0.0156516 -0.0101377 0.0897153
-0.0246457 0.00400849 0.0677389
-0.0246457 -0.00400849 0.0677389
-0.0429012 0.00376308 0.0471763
-0.0273894 -4.63249e-16 0.0564767
-0.0429012 -0.00376308 0.0471763
-0.0226045 -0.00148365 0.0460439
-0.0166516 -5.40696e-16 0.0592121
-0.0226045 0.00148365 0.0460439
-0.022076 0.000179893 0.0557282
-0.022076 -0.000179893 0.0557282
-0.000315606 -4.58309e-16 8.92557e-05
-0.00281247 -0.00187903 0.000951529
-0.00792897 -7.47133e-18 0.00615008
-0.00281247 0.00187903 0.000951529
0 0 0
-0.00565313 -2.42791e-16 0.00403587
-0.00555755 -1.73359e-16 0.0157527
-0.0152576 -0.00255696 0.0176744
-0.0232249 7.45058e-17 0.0330871
-0.0152576 0.00255696 0.0176744
-0.0252482 -1.46262e-16 0.0197934
-0.0199087 3.18581e-16 0.0497291
-0.0317128 -0.00220028 0.0509665
-0.0398868 -1.16457e-16 0.069577
-0.0317128 0.00220028 0.0509665
-0.0436247 -7.4074e-17 0.0521145
-0.0338778 -5.82782e-17 0.0889823
-0.0448159 0.000177955 0.0881052
-0.046895 -1.53792e-16 0.104784
-0.0448159 -0.000177955 0.0881052
-0.0552958 -1.80393e-16 0.0869825
-0.0377861 -5.2116e-16 0.119308
-0.0426624 0.00411855 0.115155
-0.0361058 -5.56697e-17 0.116081
-0.0426624 -0.00411855 0.115155
-0.0470805 3.68553e-16 0.110715
-0.0316093 -1.96451e-16 0.108634
-0.0308466 0.00352797 0.103642
-0.0270064 -1.53065e-16 0.0963642
-0.0308466 -0.00352797 0.103642
-0.0308815 9.12172e-17 0.102107
-0.0320515 -8.03592e-17 0.0958926
-0.0233945 0.00425383 0.0940428
-0.0251837 1.13312e-16 0.0658338
-0.0233945 -0.00425383 0.0940428
-0.0159668 -2.54756e-16 0.0884569
-0.0441511 2.16705e-16 0.0473601
-0.032302 0.00132348 0.0449944
-0.0216128 6.64852e-16 0.0565121
-0.032302 -0.00132348 0.0449944
-0.0213004 -2.37812e-16 0.0456685
-0.00256979 -1.85722e-16 0.00150449
-0.0150381 -1.37718e-16 0.0172744
-0.0318466 -1.4998e-16 0.0508746
-0.0455498 5.40991e-16 0.0881751
-0.0431217 9.22803e-17 0.115671
-0.0301139 -2.42439e-17 0.105877
-0.0235385 3.3136e-16 0.0928217
-0.0323036 -6.15506e-16 0.0449169
