FiniteElementSpace
FiniteElementCollection: H1_3D_P1
VDim: 3
Ordering: 1

-0.124415 -0.0236405 0.495132
-0.210804 -0.028963 0.577615
-0.290809 -0.0219045 0.523348
-0.356785 -0.0138099 0.369423
-0.40616 -0.00597162 0.147497
-0.124415 0.0236404 0.495132
-0.210804 0.028963 0.577615
-0.290809 0.0219044 0.523348
-0.356784 0.0138097 0.369423
-0.406159 0.00597136 0.147497
-0.226332 0.00209857 0.509649
-0.221399 0.0119658 0.590953
-0.197257 0.010837 0.52704
-0.187004 0.00841858 0.357341
-0.202108 0.00260584 0.127064
-0.226332 -0.00209837 0.509649
-0.221399 -0.0119656 0.590953
-0.197257 -0.0108369 0.527039
-0.187004 -0.00841845 0.357341
-0.202107 -0.0026062 0.127063
-0.122482 -2.86331e-08 0.488603
-0.227292 9.69797e-08 0.503959
-0.175676 -0.0105852 0.504674
-0.175676 0.0105852 0.504674
-0.167427 -0.0275842 0.549781
-0.211095 -3.40357e-08 0.567051
-0.167427 0.0275841 0.549781
-0.229098 0.00791226 0.564798
-0.22216 1.01637e-07 0.582263
-0.229098 -0.00791202 0.564798
-0.216819 -0.00763917 0.587904
-0.216819 0.00763917 0.587904
-0.252327 -0.0265905 0.568682
-0.29295 -4.99031e-08 0.516081
-0.252327 0.0265905 0.568682
-0.208367 0.0125135 0.57811
-0.19784 3.56844e-08 0.520577
-0.208367 -0.0125133 0.57811
-0.244448 -0.00473309 0.52864
-0.244448 0.00473303 0.52864
-0.325438 -0.0178596 0.456231
-0.359147 -7.24877e-08 0.364617
-0.325438 0.0178593 0.456231
-0.190044 0.00984039 0.452329
-0.187601 3.88155e-08 0.352633
-0.190044 -0.00984054 0.452329
-0.272245 -0.00236467 0.365397
-0.272245 0.00236445 0.365397
-0.385886 -0.0086737 0.254313
-0.408032 -1.11773e-07 0.144813
-0.385886 0.00867375 0.254313
-0.193421 0.00491755 0.236531
-0.202454 -2.10358e-07 0.124081
-0.193421 -0.00491785 0.236531
-0.304439 -0.00158141 0.137586
-0.304439 0.00158104 0.137586
-0.17527 3.14864e-08 0.498697
-0.166328 -4.59066e-08 0.540553
-0.198818 -0.00930283 0.560371
-0.217435 1.33579e-08 0.5787
-0.198818 0.00930286 0.560371
-0.230023 1.1246e-07 0.557137
-0.253912 2.87403e-08 0.559089
-0.231023 -0.0060361 0.57713
-0.245753 1.58364e-08 0.521836
-0.231023 0.00603619 0.57713
-0.20896 1.15835e-07 0.569984
-0.327679 -1.3169e-07 0.450533
-0.258044 -0.00356657 0.457206
-0.273661 -3.70364e-08 0.36068
-0.258043 0.00356643 0.457206
-0.190692 -4.28033e-08 0.447049
-0.388061 8.25124e-08 0.250898
-0.289978 -0.001641 0.246239
-0.305532 -2.56907e-07 0.134697
-0.289978 0.00164098 0.246238
-0.193842 -1.32711e-07 0.23291
-0.198843 2.07876e-08 0.552253
-0.232132 2.40161e-08 0.568553
-0.259406 -7.09551e-08 0.451741
-0.291245 -6.10688e-08 0.242698
