FiniteElementSpace
FiniteElementCollection: H1_3D_P1
VDim: 3
Ordering: 1

0 0 0
0.0142588 0.00736316 0.0441644
0.000380123 -0.0030926 0.178634
-0.0491614 -0.0134994 0.343969
-0.124415 -0.0236405 0.495132
0 0 0
0.0142588 -0.00736319 0.0441643
0.000380128 0.00309257 0.178634
-0.0491614 0.0134994 0.343969
-0.124415 0.0236404 0.495132
0 0 0
-0.060661 -0.023042 0.0550796
-0.131653 -0.0156517 0.187479
-0.190943 -0.00810354 0.354489
-0.226332 0.00209857 0.509649
0 0 0
-0.060661 0.0230421 0.0550796
-0.131653 0.0156518 0.187479
-0.190943 0.00810358 0.354489
-0.226332 -0.00209837 0.509649
0.00738173 0.00913005 0.00831444
0.0147751 -1.84768e-08 0.0507135
0.00738173 -0.00913007 0.00831443
0 0 0
-0.0241772 -0.0225787 0.0187171
-0.0609355 8.65337e-09 0.062853
-0.0241772 0.0225787 0.0187171
0 0 0
0 0 0
-0.0223094 -0.00762877 0.0471421
-0.0223094 0.00762876 0.0471421
0 0 0
0.0122337 0.00224385 0.104151
0.0017349 -2.02007e-08 0.181778
0.0122337 -0.00224392 0.104151
-0.0971651 -0.0194664 0.113914
-0.132945 2.13043e-08 0.190378
-0.0971651 0.0194664 0.113914
-0.0650875 -0.00928211 0.182
-0.0650875 0.00928209 0.182
-0.020495 -0.00832278 0.260464
-0.0471912 6.29115e-09 0.34289
-0.020495 0.00832278 0.260464
-0.163261 -0.011987 0.269544
-0.191881 2.11807e-08 0.353144
-0.163262 0.0119871 0.269544
-0.119795 -0.0108966 0.3498
-0.119795 0.0108966 0.3498
-0.0843101 -0.0186747 0.42403
-0.122482 -2.86331e-08 0.488603
-0.0843101 0.0186747 0.42403
-0.212831 -0.00348203 0.436677
-0.227292 9.69797e-08 0.503959
-0.212831 0.00348215 0.436677
-0.175676 -0.0105852 0.504674
-0.175676 0.0105852 0.504674
0.00719491 -4.85685e-09 0.0148828
-0.00726734 -0.00575756 0.0100336
-0.0220516 2.42585e-10 0.0537338
-0.00726734 0.00575757 0.0100336
0 0 0
-0.0230305 8.89078e-09 0.0252756
0.013298 -3.25959e-08 0.109111
-0.0418186 -0.0084289 0.107162
-0.0650204 -9.10855e-09 0.184987
-0.0418186 0.00842889 0.107162
-0.0983941 3.00242e-09 0.119246
-0.018835 3.83292e-09 0.26161
-0.0914336 -0.0101864 0.264762
-0.119267 2.96177e-08 0.348557
-0.0914337 0.0101864 0.264762
-0.164348 2.54967e-08 0.270273
-0.0821681 3.4705e-08 0.420387
-0.148581 -0.0111161 0.431768
-0.17527 3.14864e-08 0.498697
-0.148581 0.0111161 0.431767
-0.213752 5.80498e-08 0.433196
-0.00675401 3.96066e-09 0.0166067
-0.0418474 2.17998e-09 0.112118
-0.0911156 1.29124e-08 0.26568
-0.148 1.5698e-08 0.428209
