FiniteElementSpace
FiniteElementCollection: H1_3D_P1
VDim: 3
Ordering: 1

0 0 0
-0.00196299 -3.076e-05 0.00449479
-0.0123633 -0.00185311 0.0320424
-0.0273102 -0.00131486 0.0692035
-0.0369478 0.0005329 0.106852
0 0 0
-0.00196295 3.0681e-05 0.00449472
-0.0123633 0.00185308 0.0320424
-0.0273102 0.00131483 0.0692036
-0.0369479 -0.000532966 0.106852
0 0 0
-0.0151871 -0.00514721 0.00912626
-0.0346291 -0.00277214 0.0352661
-0.0505126 -0.00084779 0.0697651
-0.053424 0.00387233 0.101621
0 0 0
-0.015187 0.00514721 0.00912633
-0.034629 0.00277214 0.0352662
-0.0505126 0.000847707 0.0697652
-0.0534236 -0.00387227 0.101621
-0.000426233 0.000828388 -0.000644302
-0.00155235 -5.20261e-08 0.00449177
-0.000426204 -0.000828404 -0.000644319
0 0 0
-0.00602922 -0.00526876 0.00363736
-0.0151161 -8.35921e-09 0.00921587
-0.00602918 0.00526872 0.0036374
0 0 0
0 0 0
-0.00824187 -0.00251674 0.00623468
-0.00824196 0.00251672 0.00623467
0 0 0
-0.00601862 -0.0012797 0.0161644
-0.0121184 -2.40216e-08 0.0316764
-0.00601865 0.00127968 0.0161643
-0.0251027 -0.00385034 0.0202196
-0.0348131 -1.56882e-08 0.0348917
-0.0251027 0.00385031 0.0202195
-0.0233116 -0.00245367 0.033389
-0.0233117 0.00245368 0.033389
-0.0198785 -0.00180327 0.0499239
-0.0275983 -5.45239e-08 0.0691459
-0.0198784 0.00180326 0.0499239
-0.0433191 -0.00202768 0.0521539
-0.0510878 -3.41524e-08 0.069942
-0.0433191 0.00202776 0.0521539
-0.0394355 -0.00140726 0.0695336
-0.0394355 0.00140727 0.0695336
-0.0333823 -0.000522152 0.0889429
-0.0375429 -3.75093e-08 0.107121
-0.0333823 0.000521923 0.0889428
-0.0545137 0.00126574 0.0868715
-0.0540966 5.80902e-08 0.101541
-0.0545135 -0.00126563 0.0868713
-0.0461119 0.00232151 0.104657
-0.046112 -0.00232156 0.104657
-0.000315576 3.27287e-08 8.92955e-05
-0.00281244 -0.00187902 0.000951555
-0.00792903 2.69628e-08 0.00615011
-0.00281242 0.00187901 0.000951568
0 0 0
-0.00565306 3.5687e-09 0.00403583
-0.00555734 1.42807e-08 0.0157526
-0.0152573 -0.00255708 0.0176744
-0.0232249 -1.28495e-08 0.0330871
-0.0152573 0.002557 0.0176744
-0.025248 1.67891e-08 0.0197933
-0.0199087 2.66246e-08 0.049729
-0.0317128 -0.00220044 0.0509665
-0.0398867 5.06022e-08 0.0695771
-0.0317129 0.00220038 0.0509665
-0.0436247 1.39996e-08 0.0521146
-0.0338779 -2.61607e-08 0.0889823
-0.0448158 0.000178111 0.0881052
-0.0468949 2.20123e-08 0.104784
-0.0448158 -0.000177938 0.0881052
-0.0552957 5.30985e-08 0.0869825
-0.00256973 1.90457e-08 0.0015045
-0.015038 3.53159e-08 0.0172744
-0.0318465 -8.00439e-09 0.0508746
-0.0455497 2.78798e-08 0.0881751
