FiniteElementSpace
FiniteElementCollection: H1_3D_P1
VDim: 3
Ordering: 1

-0.0369478 0.0005329 0.106852
-0.0351289 0.00332635 0.117686
-0.0317508 0.000884795 0.0966831
-0.0374463 0.000353618 0.072631
-0.0268124 0.00508006 0.0552857
-0.0369479 -0.000532966 0.106852
-0.035129 -0.0033263 0.117686
-0.0317508 -0.000885098 0.0966827
-0.0374468 -0.000353536 0.0726304
-0.0268127 -0.00508045 0.0552853
-0.053424 0.00387233 0.101621
-0.0377772 0.00447759 0.109975
-0.0258873 0.00523709 0.0920373
-0.0123771 0.00659781 0.0649605
-0.0182244 -0.00436574 0.0586599
-0.0534236 -0.00387227 0.101621
-0.0377774 -0.0044776 0.109975
-0.0258872 -0.00523758 0.0920378
-0.0123772 -0.00659713 0.0649611
-0.0182257 0.00436658 0.0586578
-0.0375429 -3.75093e-08 0.107121
-0.0540966 5.80902e-08 0.101541
-0.0461119 0.00232151 0.104657
-0.046112 -0.00232156 0.104657
-0.0373334 0.00187573 0.118309
-0.0349938 8.92121e-08 0.120032
-0.0373335 -0.00187569 0.118308
-0.0468639 0.00543885 0.110676
-0.0375381 8.1026e-08 0.110869
-0.0468638 -0.00543886 0.110675
-0.0362804 0.00449728 0.114655
-0.0362802 -0.00449706 0.114655
-0.0326438 0.00361213 0.105554
-0.0305585 -1.7999e-07 0.0978529
-0.0326436 -0.00361254 0.105554
-0.031076 0.0027542 0.100056
-0.0261772 -2.27319e-07 0.0935603
-0.0310761 -0.00275419 0.100056
-0.0276302 0.00286751 0.0950396
-0.0276305 -0.00286741 0.0950395
-0.0318898 -0.00169564 0.0980793
-0.039036 1.79185e-07 0.0702551
-0.0318902 0.0016955 0.0980796
-0.0156516 0.0101378 0.0897157
-0.0119405 -2.00399e-08 0.0626949
-0.0156517 -0.0101375 0.0897154
-0.0246456 0.00400798 0.0677392
-0.0246457 -0.00400804 0.0677392
-0.0429001 0.00376292 0.0471761
-0.0273901 -2.34132e-07 0.0564761
-0.0429006 -0.00376208 0.0471759
-0.0226034 -0.00148493 0.0460441
-0.0166514 1.01736e-08 0.0592116
-0.0226048 0.00148312 0.0460438
-0.0220764 0.000180207 0.0557287
-0.0220761 -0.000180184 0.0557281
-0.0468949 2.20123e-08 0.104784
-0.0377861 1.97157e-08 0.119308
-0.0426624 0.00411858 0.115156
-0.0361058 9.68208e-08 0.116081
-0.0426624 -0.00411855 0.115155
-0.0470805 -1.71578e-07 0.110715
-0.0316093 -8.91224e-09 0.108634
-0.0308469 0.00352828 0.103642
-0.027006 2.64726e-07 0.0963643
-0.0308468 -0.00352805 0.103642
-0.0308813 6.56657e-08 0.102107
-0.0320517 -1.32175e-08 0.0958925
-0.0233943 0.00425378 0.0940425
-0.0251844 3.59194e-07 0.0658331
-0.0233944 -0.00425376 0.0940427
-0.0159669 2.04871e-07 0.0884573
-0.0441507 -1.73051e-08 0.047361
-0.032302 0.0013238 0.0449946
-0.0216129 -5.65773e-07 0.0565118
-0.0323027 -0.00132411 0.0449945
-0.0213002 -7.26962e-07 0.0456685
-0.0431218 -1.06884e-08 0.115671
-0.0301136 -9.85011e-08 0.105877
-0.0235387 -1.57357e-07 0.0928217
-0.0323036 -2.26683e-08 0.0449171
