FiniteElementSpace
FiniteElementCollection: H1_3D_P1
VDim: 3
Ordering: 1

0 0 0
-0.00625 0 0.04375
-0.025 0 0.15
-0.05625 0 0.28125
-0.1 0 0.4
-0.15625 0 0.46875
-0.225 0 0.45
-0.30625 0 0.30625
-0.4 0 0
0 0 0
-0.00625 0 0.04375
-0.025 0 0.15
-0.05625 0 0.28125
-0.1 0 0.4
-0.15625 0 0.46875
-0.225 0 0.45
-0.30625 0 0.30625
-0.4 0 0
0 0 0
-0.00625 0 0.04375
-0.025 0 0.15
-0.05625 0 0.28125
-0.1 0 0.4
-0.15625 0 0.46875
-0.225 0 0.45
-0.30625 0 0.30625
-0.4 0 0
0 0 0
-0.00625 0 0.04375
-0.025 0 0.15
-0.05625 0 0.28125
-0.1 0 0.4
-0.15625 0 0.46875
-0.225 0 0.45
-0.30625 0 0.30625
-0.4 0 0
-0.0015625 0 0.0117188
-0.00625 0 0.04375
-0.0015625 0 0.0117188
0 0 0
-0.0015625 0 0.0117188
-0.00625 0 0.04375
-0.0015625 0 0.0117188
0 0 0
0 0 0
-0.00625 0 0.04375
-0.00625 0 0.04375
0 0 0
-0.0140625 0 0.0914063
-0.025 0 0.15
-0.0140625 0 0.0914063
-0.0140625 0 0.0914063
-0.025 0 0.15
-0.0140625 0 0.0914063
-0.025 0 0.15
-0.025 0 0.15
-0.0390625 0 0.214844
-0.05625 0 0.28125
-0.0390625 0 0.214844
-0.0390625 0 0.214844
-0.05625 0 0.28125
-0.0390625 0 0.214844
-0.05625 0 0.28125
-0.05625 0 0.28125
-0.0765625 0 0.344531
-0.1 0 0.4
-0.0765625 0 0.344531
-0.0765625 0 0.344531
-0.1 0 0.4
-0.0765625 0 0.344531
-0.1 0 0.4
-0.1 0 0.4
-0.126562 0 0.442969
-0.15625 0 0.46875
-0.126562 0 0.442969
-0.126562 0 0.442969
-0.15625 0 0.46875
-0.126562 0 0.442969
-0.15625 0 0.46875
-0.15625 0 0.46875
-0.189063 0 0.472656
-0.225 0 0.45
-0.189063 0 0.472656
-0.189063 0 0.472656
-0.225 0 0.45
-0.189063 0 0.472656
-0.225 0 0.45
-0.225 0 0.45
-0.264063 0 0.396094
-0.30625 0 0.30625
-0.264063 0 0.396094
-0.264063 0 0.396094
-0.30625 0 0.30625
-0.264063 0 0.396094
-0.30625 0 0.30625
-0.30625 0 0.30625
-0.351562 0 0.175781
-0.4 0 0
-0.351562 0 0.175781
-0.351562 0 0.175781
-0.4 0 0
-0.351562 0 0.175781
-0.4 0 0
-0.4 0 0
-0.0015625 0 0.0117188
-0.0015625 0 0.0117188
-0.00625 0 0.04375
-0.0015625 0 0.0117188
0 0 0
-0.0015625 0 0.0117188
-0.0140625 0 0.0914063
-0.0140625 0 0.0914063
-0.025 0 0.15
-0.0140625 0 0.0914063
-0.0140625 0 0.0914063
-0.0390625 0 0.214844
-0.0390625 0 0.214844
-0.05625 0 0.28125
-0.0390625 0 0.214844
-0.0390625 0 0.214844
-0.0765625 0 0.344531
-0.0765625 0 0.344531
-0.1 0 0.4
-0.0765625 0 0.344531
-0.0765625 0 0.344531
-0.126562 0 0.442969
-0.126562 0 0.442969
-0.15625 0 0.46875
-0.126562 0 0.442969
-0.126562 0 0.442969
-0.189063 0 0.472656
-0.189063 0 0.472656
-0.225 0 0.45
-0.189063 0 0.472656
-0.189063 0 0.472656
-0.264063 0 0.396094
-0.264063 0 0.396094
-0.30625 0 0.30625
-0.264063 0 0.396094
-0.264063 0 0.396094
-0.351562 0 0.175781
-0.351562 0 0.175781
-0.4 0 0
-0.351562 0 0.175781
-0.351562 0 0.175781
-0.0015625 0 0.0117188
-0.0140625 0 0.0914063
-0.0390625 0 0.214844
-0.0765625 0 0.344531
-0.126562 0 0.442969
-0.189063 0 0.472656
-0.264063 0 0.396094
-0.351562 0 0.175781
