FiniteElementSpace
FiniteElementCollection: H1_3D_P1
VDim: 3
Ordering: 1

-0.15 0 0.6
-0.234375 0 0.703125
-0.3375 0 0.675
-0.459375 0 0.459375
-0.6 0 0
-0.15 0 0.6
-0.234375 0 0.703125
-0.3375 0 0.675
-0.459375 0 0.459375
-0.6 0 0
-0.15 0 0.6
-0.234375 0 0.703125
-0.3375 0 0.675
-0.459375 0 0.459375
-0.6 0 0
-0.15 0 0.6
-0.234375 0 0.703125
-0.3375 0 0.675
-0.459375 0 0.459375
-0.6 0 0
-0.15 0 0.6
-0.15 0 0.6
-0.15 0 0.6
-0.15 0 0.6
-0.189844 0 0.664453
-0.234375 0 0.703125
-0.189844 0 0.664453
-0.189844 0 0.664453
-0.234375 0 0.703125
-0.189844 0 0.664453
-0.234375 0 0.703125
-0.234375 0 0.703125
-0.283594 0 0.708984
-0.3375 0 0.675
-0.283594 0 0.708984
-0.283594 0 0.708984
-0.3375 0 0.675
-0.283594 0 0.708984
-0.3375 0 0.675
-0.3375 0 0.675
-0.396094 0 0.594141
-0.459375 0 0.459375
-0.396094 0 0.594141
-0.396094 0 0.594141
-0.459375 0 0.459375
-0.396094 0 0.594141
-0.459375 0 0.459375
-0.459375 0 0.459375
-0.527344 0 0.263672
-0.6 0 0
-0.527344 0 0.263672
-0.527344 0 0.263672
-0.6 0 0
-0.527344 0 0.263672
-0.6 0 0
-0.6 0 0
-0.15 0 0.6
-0.189844 0 0.664453
-0.189844 0 0.664453
-0.234375 0 0.703125
-0.189844 0 0.664453
-0.189844 0 0.664453
-0.283594 0 0.708984
-0.283594 0 0.708984
-0.3375 0 0.675
-0.283594 0 0.708984
-0.283594 0 0.708984
-0.396094 0 0.594141
-0.396094 0 0.594141
-0.459375 0 0.459375
-0.396094 0 0.594141
-0.396094 0 0.594141
-0.527344 0 0.263672
-0.527344 0 0.263672
-0.6 0 0
-0.527344 0 0.263672
-0.527344 0 0.263672
-0.189844 0 0.664453
-0.283594 0 0.708984
-0.396094 0 0.594141
-0.527344 0 0.263672
