FiniteElementSpace
FiniteElementCollection: H1_3D_P1
VDim: 3
Ordering: 1

0 0 0
0.0176729 0.0087091 0.038665
0.0145614 -0.000764385 0.145603
-0.0204157 -0.0113709 0.275179
-0.0843159 -0.0227739 0.391029
-0.169706 -0.0315723 0.458314
-0.256741 -0.0265065 0.425637
-0.323033 -0.013664 0.292203
-0.368353 -0.00672235 0.102479
0 0 0
0.0176729 -0.00870908 0.038665
0.0145614 0.000764367 0.145603
-0.0204157 0.0113709 0.275179
-0.0843159 0.0227739 0.391029
-0.169706 0.0315722 0.458314
-0.256741 0.0265064 0.425637
-0.323033 0.0136638 0.292204
-0.368353 0.00672226 0.102479
0 0 0
-0.0488997 -0.0195157 0.0457452
-0.103859 -0.0126853 0.151577
-0.147663 -0.00612808 0.284371
-0.176314 0.000596953 0.407794
-0.180632 0.0088859 0.477784
-0.164682 0.0101472 0.434501
-0.161735 0.00454276 0.286301
-0.171946 0.00315108 0.0849009
0 0 0
-0.0488997 0.0195157 0.0457452
-0.103859 0.0126853 0.151577
-0.147663 0.00612809 0.284371
-0.176314 -0.000596801 0.407794
-0.180632 -0.00888571 0.477784
-0.164682 -0.0101469 0.434501
-0.161735 -0.0045429 0.286301
-0.171945 -0.00315174 0.0849015
0.00828594 0.00972303 0.00869672
0.0178781 9.27326e-09 0.0456887
0.00828593 -0.00972303 0.00869672
0 0 0
-0.0195679 -0.0190674 0.0154543
-0.0493485 3.98111e-09 0.0538445
-0.0195679 0.0190674 0.0154543
0 0 0
0 0 0
-0.015093 -0.00520025 0.0402887
-0.015093 0.00520025 0.0402887
0 0 0
0.0201701 0.00424858 0.0866659
0.0158198 -8.54186e-09 0.148953
0.0201701 -0.00424856 0.0866659
-0.0775306 -0.0162867 0.093031
-0.105171 9.28474e-10 0.154678
-0.0775306 0.0162868 0.093031
-0.0442975 -0.00653615 0.147741
-0.0442975 0.00653616 0.147741
0.000908427 -0.00596658 0.21004
-0.0183021 4.70916e-09 0.274065
0.000908443 0.00596656 0.21004
-0.127339 -0.00928093 0.216852
-0.14833 1.93165e-09 0.28286
-0.127339 0.00928093 0.216852
-0.083507 -0.00863825 0.28027
-0.083507 0.00863824 0.28027
-0.0490121 -0.017019 0.33683
-0.081909 -1.36961e-08 0.3845
-0.0490121 0.017019 0.33683
-0.164329 -0.00296695 0.349648
-0.176827 7.19919e-08 0.402039
-0.164329 0.00296702 0.349648
-0.129922 -0.0108965 0.401291
-0.129922 0.0108966 0.40129
-0.125233 -0.0280629 0.433428
-0.169419 -8.65962e-08 0.446223
-0.125233 0.0280628 0.433428
-0.182119 0.00475031 0.452969
-0.181567 9.06888e-08 0.468287
-0.182119 -0.00475015 0.452969
-0.175562 -0.0108376 0.471031
-0.175562 0.0108376 0.471031
-0.214645 -0.0313774 0.458012
-0.259845 3.48742e-09 0.415022
-0.214645 0.0313774 0.458011
-0.173094 0.0112409 0.473622
-0.165515 1.20696e-07 0.425452
-0.173094 -0.0112406 0.473622
-0.211912 -0.0073682 0.432927
-0.211912 0.00736818 0.432927
-0.293473 -0.019396 0.364674
-0.325648 -1.21805e-07 0.288004
-0.293473 0.0193959 0.364673
-0.161176 0.00680861 0.366132
-0.162302 -3.89931e-08 0.281827
-0.161176 -0.00680862 0.366132
-0.243157 -0.00415248 0.291191
-0.243157 0.00415239 0.291191
-0.346728 -0.009146 0.206806
-0.369927 -3.186e-08 0.100153
-0.346728 0.00914579 0.206806
-0.164427 0.00365869 0.193765
-0.172435 -2.49743e-07 0.0822961
-0.164427 -0.0036582 0.193766
-0.270598 -0.00157571 0.0946009
-0.270597 0.00157548 0.0946013
0.00789337 -2.73245e-09 0.0152767
-0.0048795 -0.0039789 0.00920471
-0.015132 -4.03345e-09 0.0473283
-0.0048795 0.00397891 0.00920471
0 0 0
-0.0187448 3.48693e-09 0.0223332
0.0210032 5.34938e-09 0.0920438
-0.0283448 -0.00580833 0.0883904
-0.0443205 -3.3661e-09 0.150911
-0.0283448 0.00580833 0.0883904
-0.0788195 1.24472e-08 0.0987369
0.00259323 -1.30908e-08 0.211225
-0.0627647 -0.00748282 0.213257
-0.0827708 -9.83187e-09 0.278942
-0.0627647 0.00748282 0.213257
-0.128342 7.75182e-10 0.217551
-0.0465844 -1.89239e-08 0.333175
-0.10614 -0.00987111 0.344427
-0.128976 2.52785e-08 0.395217
-0.10614 0.00987112 0.344427
-0.164809 3.17969e-08 0.346013
-0.123479 -3.45075e-08 0.423843
-0.15359 -0.0113272 0.445714
-0.175925 -1.77259e-08 0.460679
-0.15359 0.0113272 0.445714
-0.182838 8.52936e-08 0.445151
-0.216305 -6.46445e-08 0.445294
-0.1948 -0.00938273 0.468939
-0.213916 -6.11301e-08 0.423408
-0.1948 0.0093827 0.468939
-0.174076 1.10571e-07 0.463496
-0.296766 -5.39062e-08 0.357671
-0.228345 -0.00561025 0.36777
-0.244731 -1.28776e-07 0.286701
-0.228345 0.00561017 0.36777
-0.161831 -1.70265e-08 0.359479
-0.34863 -1.34673e-07 0.204074
-0.256188 -0.0024932 0.201611
-0.271592 -2.10975e-08 0.0920698
-0.256187 0.00249314 0.201611
-0.164924 2.41869e-07 0.19068
-0.00464228 -4.71361e-10 0.0159497
-0.0285567 -4.65558e-09 0.0937263
-0.0624149 -1.19787e-09 0.214182
-0.105156 2.2812e-09 0.340779
-0.153093 1.50647e-08 0.437247
-0.196167 1.25722e-08 0.458032
-0.230325 -2.83289e-08 0.360938
-0.257354 1.93337e-08 0.198589
