FiniteElementSpace
FiniteElementCollection: H1_3D_P1
VDim: 3
Ordering: 1

0 0 0
-0.00486533 -0.00266113 0.00650381
-0.0159994 -0.00280345 0.0340189
-0.0301813 -0.00294242 0.0683758
-0.0432512 -0.00226591 0.101353
-0.0470683 0.00189207 0.120916
-0.0363857 0.00831892 0.0987384
-0.030056 -0.000645466 0.0818077
-0.0488002 -0.00357866 0.0347505
0 0 0
-0.00486531 0.00266112 0.00650383
-0.0159994 0.00280343 0.0340189
-0.0301813 0.00294239 0.0683758
-0.0432513 0.00226581 0.101353
-0.0470683 -0.00189226 0.120917
-0.0363854 -0.00831882 0.0987386
-0.0300559 0.000645452 0.0818077
-0.0487981 0.00357859 0.0347508
0 0 0
-0.00833563 -0.00190544 0.00954257
-0.0209599 -0.00316085 0.0365368
-0.0360464 -0.00310326 0.0704709
-0.0466124 -0.000868842 0.10209
-0.0437572 0.00168224 0.116363
-0.039263 -0.00385738 0.093039
-0.0381615 0.00115392 0.0771191
-0.0420999 0.00327522 0.0256652
0 0 0
-0.00833565 0.00190543 0.00954254
-0.0209599 0.00316085 0.0365368
-0.0360464 0.00310331 0.0704709
-0.0466125 0.000869014 0.10209
-0.0437571 -0.00168216 0.116363
-0.0392628 0.00385764 0.0930389
-0.0381609 -0.00115391 0.0771189
-0.0420991 -0.00327551 0.0256662
-0.00138224 -0.00201435 -0.000120282
-0.00465368 2.80143e-09 0.00555768
-0.00138225 0.00201434 -0.000120275
0 0 0
-0.00318941 -0.00175384 0.00288835
-0.00805803 -5.21159e-09 0.00880118
-0.00318943 0.00175386 0.00288834
0 0 0
0 0 0
-0.00619093 -0.00234034 0.00747207
-0.00619092 0.00234035 0.00747208
0 0 0
-0.00985431 -0.00272967 0.0188056
-0.0160517 3.00236e-09 0.0339739
-0.0098543 0.00272969 0.0188056
-0.0141667 -0.00250915 0.0215471
-0.0207341 1.72559e-08 0.0365089
-0.0141667 0.00250912 0.0215471
-0.0182685 -0.00303818 0.0351287
-0.0182685 0.00303813 0.0351288
-0.0229286 -0.00290901 0.050924
-0.0301802 -1.29878e-10 0.0685031
-0.0229286 0.00290905 0.050924
-0.0285267 -0.00338434 0.0532286
-0.0360141 6.08263e-09 0.0706266
-0.0285267 0.00338431 0.0532286
-0.0331408 -0.0031091 0.0695267
-0.0331408 0.00310913 0.0695267
-0.0372139 -0.00278933 0.085458
-0.0436028 -4.99864e-08 0.101085
-0.0372138 0.00278931 0.0854579
-0.0424916 -0.00229579 0.0871873
-0.0468328 6.55647e-08 0.102298
-0.0424917 0.00229579 0.0871872
-0.0453951 -0.00169884 0.102111
-0.0453951 0.00169889 0.102111
-0.0470545 -0.00091829 0.114398
-0.0483587 -1.23923e-07 0.121624
-0.0470546 0.000918424 0.114398
-0.0470946 0.000884917 0.112982
-0.0436486 2.05556e-08 0.117084
-0.0470946 -0.00088492 0.112982
-0.0462342 0.00189955 0.11909
-0.0462343 -0.00189957 0.11909
-0.0427203 0.00596186 0.115788
-0.0356531 5.44581e-08 0.104265
-0.0427201 -0.00596151 0.115788
-0.0394691 -0.000208813 0.108921
-0.0384733 7.17539e-08 0.0966898
-0.0394689 0.000208923 0.108921
-0.0374435 0.00240289 0.096387
-0.037443 -0.00240314 0.0963872
-0.0320396 0.00476858 0.0850353
-0.0279625 -1.09926e-07 0.0829714
-0.0320392 -0.00476885 0.0850352
-0.0420841 -0.00407422 0.0826792
-0.0386569 2.10535e-07 0.0789166
-0.0420836 0.00407359 0.0826792
-0.0335303 -0.000432366 0.0806733
-0.0335297 0.00043209 0.0806732
-0.0354161 -0.00281837 0.0478374
-0.0488184 6.4516e-08 0.0328434
-0.0354154 0.002818 0.0478374
-0.0353841 0.00400266 0.0394875
-0.0433858 1.08785e-07 0.0243589
-0.035383 -0.00400238 0.0394869
-0.0456072 -0.00019164 0.0302406
-0.0456073 0.000191333 0.0302403
-0.00108138 -1.76087e-08 -0.000877119
-0.00196326 -0.00167834 0.000706331
-0.00591045 -1.97745e-09 0.00666091
-0.00196326 0.00167833 0.000706298
0 0 0
-0.00291833 1.64409e-09 0.00184898
-0.00985309 -2.9989e-08 0.018382
-0.0116903 -0.00268422 0.0198684
-0.018175 -2.9355e-08 0.0350658
-0.0116903 0.00268418 0.0198684
-0.0139011 -3.76706e-08 0.0212248
-0.022948 -2.01552e-08 0.0510412
-0.0256253 -0.00320683 0.052045
-0.0331064 1.008e-08 0.0696513
-0.0256254 0.00320685 0.0520449
-0.0283883 -4.43578e-08 0.0533284
-0.0372898 -7.00358e-08 0.0854422
-0.0400652 -0.00266801 0.0865752
-0.0456939 1.34606e-09 0.102176
-0.0400653 0.00266805 0.0865751
-0.0425906 7.76728e-09 0.0873833
-0.0479123 8.68511e-08 0.114112
-0.0477929 -6.99877e-05 0.114159
-0.0469158 -1.97174e-08 0.119962
-0.0477929 6.97893e-05 0.114159
-0.0472892 8.54595e-08 0.113256
-0.0436058 7.93624e-08 0.118956
-0.0415981 0.00316489 0.112739
-0.0366684 -1.40793e-07 0.100492
-0.041598 -0.00316494 0.112739
-0.0388869 1.47306e-08 0.110868
-0.0297731 -2.39317e-07 0.0898326
-0.0360028 -0.000166424 0.0848297
-0.0326748 -1.65317e-07 0.0821246
-0.0360025 0.000166301 0.0848296
-0.0417552 -2.23722e-07 0.0866836
-0.0347097 4.21403e-07 0.0462883
-0.0352789 0.000380671 0.04426
-0.0462653 5.83006e-08 0.0287422
-0.0352785 -0.000380216 0.0442595
-0.0365353 1.13454e-08 0.0387924
-0.00165376 -2.00701e-09 -0.000190393
-0.0115437 -9.1068e-09 0.0195093
-0.0255552 -7.14074e-09 0.0521203
-0.0401382 3.96268e-08 0.0866846
-0.0483787 -3.87853e-08 0.114341
-0.0418161 8.13862e-08 0.115164
-0.0346222 9.65043e-08 0.0887831
-0.0354774 -1.17473e-07 0.0432997
