FiniteElementSpace
FiniteElementCollection: H1_2D_P2
VDim: 1
Ordering: 0

1
29
-15.6982
18.0233
1.60927
48.7758
14.625
28.797
-7.29478
-6.9268
9.63676
9.46652
32.555
38.6242
1.20724
23.4356
7.76563
14.5591
-5.79766
-14.2293
-3.1406
-3.02906
5.31444
5.22762
16.3455
18.9973
21.6719
28.9202
21.493
-22.9201
-11.4761
-11.2774
-2.86865
-2.63499
5.58492
5.42543
13.7784
13.728
25.1249
27.9511
40.4074
43.6284
30.8306
33.7518
-9.9879
1.09145
12.0363
21.5994
-18.5355
-7.1475
1.37174
9.53965
20.7046
35.5611
26.2046
4.37696
11.1777
14.5948
11.1149
14.5173
-2.39348
-7.88723
-6.55119
-1.06945
-12.1014
-10.7413
-5.21515
-1.02274
3.15673
3.1131
-5.15754
-0.969912
-0.907936
3.25608
3.20337
7.38402
7.34495
8.61874
9.89682
12.8855
14.1853
19.8583
21.2075
15.4919
16.8036
18.1191
21.6395
18.0501
25.2949
28.9652
25.2189
28.8644
25.1042
21.5508
17.9517
-16.3735
-14.9773
-9.38121
-20.7172
-19.2729
-13.5812
-9.30489
-5.08769
-13.4783
-9.21019
-9.09406
-4.89909
-5.00256
-0.833767
-0.744348
3.39187
3.3179
-4.77425
-0.636648
-0.507621
3.58842
3.48102
7.60047
7.53125
7.42606
11.6237
11.5937
7.47413
11.6955
11.6566
15.8871
15.8707
17.1884
18.5181
21.5389
22.9064
28.793
30.2413
24.2882
25.683
31.7048
33.1821
27.0891
36.4226
37.9691
44.5212
46.1835
39.5317
41.1091
34.6717
22.5643
23.9273
28.5052
36.1722
29.9299
31.3615
11.1484
11.0763
-4.46913
-8.64134
1.04421
-3.08942
1.14478
5.26953
6.49543
10.7483
17.6678
13.329
18.0879
25.2614
25.1667
18.0049
-12.8527
-17.1169
-7.2288
-11.3875
-7.04785
-2.95649
1.28188
-2.76249
1.47985
5.49759
9.50161
5.36539
9.58369
13.7517
15.0317
19.357
26.5306
22.0646
29.3849
34.0502
42.0096
37.0862
20.3325
24.8161
32.2867
27.5997
12.8962
14.6105
12.8665
11.1636
14.5777
12.8319
11.1322
14.539
12.7917
11.0963
-0.69607
-3.43061
-2.76766
-0.0346206
-4.09356
-6.84117
-6.17521
-8.93607
-8.26561
-5.50925
-4.8433
-2.10471
-7.59515
-6.92468
-4.17734
-11.0429
-10.3665
-13.1634
-12.4795
-9.68998
-9.01351
-6.25422
-0.0123936
2.0783
2.05646
-2.08112
0.0105962
0.0347297
2.1235
2.10052
4.19137
4.1701
-4.15142
-2.056
-6.22497
-4.12319
-4.09229
-1.99966
-2.02898
0.0603873
0.0879494
2.17324
2.14761
-1.96767
0.117796
0.150309
2.23058
2.20077
4.28396
4.25893
4.21301
6.30598
6.28585
4.2354
6.34772
6.32648
8.42355
8.40512
4.80262
5.43568
2.68775
6.92061
7.5564
10.3235
10.9654
8.19301
8.83028
6.0691
9.04313
9.68265
11.1716
11.8158
14.6096
15.2639
12.4619
13.1095
15.9202
16.5781
13.7586
18.0946
18.7612
21.6381
22.3192
19.4298
20.1003
17.2376
11.6083
12.252
9.46802
14.4089
17.8985
15.0603
15.7125
16.3655
18.1043
16.3348
19.8875
21.6566
19.8557
21.6205
19.8167
18.0699
16.298
23.4739
25.2792
23.441
27.1365
28.9838
27.1023
28.944
27.0586
25.2413
23.3997
25.1941
23.3493
21.5762
28.8937
27.0046
28.8322
26.9397
25.1368
23.2891
21.5231
18.0284
16.2546
19.7698
19.7143
17.9793
-11.7955
-11.1115
-8.33704
-15.2993
-14.6063
-17.4522
-16.7486
-13.9133
-13.2203
-10.4275
-16.0451
-15.3416
-12.5273
-19.6238
-18.9083
-21.8158
-21.0868
-18.1927
-17.4772
-14.6381
-8.3035
-6.19267
-10.3887
-8.26613
-8.22455
-6.11734
-6.15692
-4.05833
-12.4822
-10.3453
-14.5858
-12.4318
-12.3756
-10.2431
-10.2969
-8.17838
-8.12723
-6.0252
-6.07356
-10.1836
-8.07074
-8.00851
-5.91318
-5.97186
-3.88432
-3.93431
-4.02094
-1.93263
-3.97973
-1.85187
-1.89415
0.185866
0.224855
2.29856
2.26305
-1.80538
0.26765
0.314633
2.38023
2.33749
4.40686
4.37197
-3.82936
-1.75433
-5.84877
-3.76906
-3.70304
-1.63697
-1.69831
0.366184
0.422683
2.47862
2.42714
-1.56991
0.48451
0.552046
2.59678
2.53504
4.58439
4.53356
4.44517
6.51218
6.47847
4.48728
6.59021
6.5493
8.61591
8.58395
8.44234
10.5455
10.5293
6.37009
8.46187
8.48252
10.5793
10.562
12.6732
12.6599
4.3109
6.39397
4.3401
6.44778
6.41974
8.50468
8.52871
10.6175
10.5976
8.55501
10.6632
10.6392
12.7338
12.7168
12.6869
14.8081
14.7982
12.7013
14.8294
14.8184
16.9516
16.9457
13.3074
13.9574
15.452
16.1087
18.9388
19.6095
16.7681
17.4302
17.6067
18.2712
19.773
20.4462
23.3224
24.0135
21.1231
21.8035
24.7084
25.407
22.4873
26.948
27.6592
30.6616
31.3951
28.3744
29.0933
26.109
20.2831
20.9594
23.1742
26.8143
23.8641
24.5568
27.5227
28.2341
25.2521
29.8158
30.5417
33.6194
34.368
31.2708
32.003
28.9481
32.1327
32.8742
34.4749
35.2329
38.3996
39.1843
35.9951
36.7614
39.9734
40.7665
37.5314
42.4474
43.2611
46.6302
47.4749
44.0791
44.9014
41.5636
35.12
35.8752
32.7379
38.305
42.3644
39.0821
39.8625
36.6333
18.5606
19.2236
20.7724
21.446
24.3746
25.0631
22.1209
22.7969
23.0025
23.6876
25.9498
29.6647
26.6498
27.3519
30.3837
31.1049
28.0559
33.4756
37.3942
34.2157
34.9582
31.828
25.7531
26.4443
28.7615
32.553
29.4687
30.1773
12.8819
12.8498
12.8125
-1.73146
-5.1334
-7.21921
-3.80487
-5.88317
-9.31462
-11.4213
-7.96806
1.02191
-1.04667
1.06726
3.13473
-3.11597
-5.18768
-3.06058
-0.997278
1.11717
-0.940258
1.17468
3.22878
5.24839
3.17948
5.29142
7.36431
3.74488
5.86114
9.25734
7.13032
7.98122
10.1065
13.5345
11.3916
14.8379
17.0057
20.5319
18.3318
10.537
12.6821
16.1472
13.9767
16.3508
19.8724
19.8371
16.3172
23.4584
27.1205
27.0817
23.4214
23.3756
27.0329
26.9735
23.3205
16.2772
19.7943
19.7432
-10.0612
-13.541
-15.6754
-12.1644
-14.2793
-17.8262
-19.995
-16.4075
-7.26351
-9.34515
-7.19025
-5.12434
-11.4343
-13.5327
-11.3353
-9.26002
-7.10016
-9.15499
-6.99019
-4.95331
-2.99449
-5.04723
-2.91466
-0.872566
1.24285
-0.791153
1.32472
3.35317
-2.81805
-4.83953
-2.7016
-0.692974
1.42332
-0.57499
1.54171
3.53225
5.4598
3.43436
5.53917
7.56415
9.48389
7.40448
9.52007
11.6085
5.33897
3.28566
5.39409
7.44915
9.56073
7.50136
9.6089
11.6751
13.7397
11.6396
13.7645
15.8787
12.2385
14.3785
17.8519
15.6874
16.528
18.6883
22.2208
20.0292
23.5956
25.8258
29.5152
27.2391
19.187
21.3832
24.9841
22.7488
26.3847
28.6664
32.4418
30.1063
30.9712
33.3005
37.1937
34.8038
38.7485
41.2063
45.3501
42.817
33.9254
36.322
40.3187
37.8537
17.461
19.6643
23.2451
21.0017
21.8851
24.1247
27.796
25.5094
29.2166
31.5574
35.4207
33.0182
24.6106
26.9014
30.6449
28.2993
12.0358
12.8892
12.0216
11.1708
13.7592
14.6179
13.7448
14.6028
13.7293
12.8743
12.0063
11.1561
12.8583
11.9898
11.1405
14.5864
13.7124
14.5686
13.6941
12.841
11.9722
11.1237
12.8224
11.9532
11.1057
14.5493
13.6744
14.5284
13.6532
12.8023
11.9328
11.0865
0.152052
-1.21368
-0.882837
0.482704
-1.54452
-2.91188
-2.58066
-3.94968
-3.6179
-2.24945
-1.91823
-0.551996
-3.2431
-4.61324
-4.28146
-4.94502
-6.31911
-5.98657
-7.36386
-7.03039
-5.65404
-5.32151
-6.69692
-6.36345
-4.98898
-8.41129
-8.07669
-9.4616
-9.12569
-7.7421
-7.4075
-6.02998
-3.28612
-2.95434
-1.58701
-4.65645
-5.69651
-4.32392
-3.99138
-2.62256
-5.36304
-5.02957
-3.65885
-7.0729
-6.7383
-8.11795
-7.78204
-6.40371
-6.06911
-4.6961
-8.78978
-8.45386
-10.515
-10.1776
-11.5717
-11.2326
-9.84017
-9.50276
-10.8935
-10.5544
-9.16534
-12.6319
-12.291
-13.6959
-13.3528
-11.95
-11.609
-10.2153
-7.44613
-7.11021
-5.73451
-8.82793
-9.87618
-8.49051
-8.1531
-6.7743
0.493675
1.53914
1.52822
-0.540855
0.504742
0.515952
1.56118
1.55012
2.5956
2.58475
-1.57558
-0.529521
-2.61071
-1.56386
-1.5518
-0.506091
-0.51795
0.527353
0.538992
1.58379
1.57239
-0.493899
0.550916
0.563173
1.60734
1.59542
2.63995
2.62863
2.6065
3.65226
3.64155
2.61749
3.67386
3.66301
4.70928
4.69878
-3.64647
-2.59848
-4.68305
-3.6336
-3.62021
-2.57268
-2.58582
-1.53936
-5.72068
-4.66943
-6.75957
-5.70619
-5.69097
-4.64028
-4.65519
-3.60625
-3.59166
-2.54477
-2.55901
-4.62465
-3.57641
-3.56043
-2.51439
-2.52991
-1.48484
-1.49928
-1.5265
-0.481326
-1.51315
-0.454845
-0.468324
0.575811
0.588877
1.63222
1.61959
-0.440842
0.602419
0.616484
1.65881
1.64528
2.68808
2.67553
-1.46978
-0.426267
-2.49814
-1.45405
-1.4376
-0.395213
-0.411074
0.63112
0.646375
1.6875
1.67287
-0.378639
0.662295
0.678929
1.71865
1.70274
2.74304
2.7285
2.70106
3.74357
3.73117
2.71452
3.76971
3.7564
4.79886
4.78668
4.71982
5.76685
5.75663
3.68485
4.73045
4.74123
5.78745
5.7771
6.82514
6.81528
2.65151
3.69603
2.66335
3.71914
3.70744
4.75219
4.76339
5.80862
5.79794
4.77487
5.83072
5.81952
6.86548
6.85516
6.83504
7.88433
7.87489
6.84503
7.90337
7.8938
8.94459
8.93565
2.90047
3.21625
1.84378
3.95754
4.27366
5.64852
5.96542
4.58989
4.9062
3.53207
5.01518
5.33177
6.07357
6.39075
7.76894
8.08739
6.70815
7.02575
8.40606
8.72496
7.34354
9.47019
9.79016
11.1788
11.5005
10.1104
10.4309
9.04405
6.28243
6.59954
5.22256
7.66148
9.3633
7.97955
8.29773
6.91672
7.13287
7.45076
8.19326
8.512
9.89475
10.2152
8.83108
9.15049
9.25493
9.57464
10.318
10.6388
12.0273
12.3504
10.9601
11.2818
12.6739
12.9979
11.6039
13.7462
14.0717
15.476
15.8043
14.3978
14.7243
13.3223
10.5361
10.8573
11.9264
13.6471
12.2493
12.5726
13.9723
14.2979
12.8961
15.0512
15.3786
16.7923
17.1226
15.7064
16.0346
14.6238
16.1332
16.4625
17.2183
17.5497
18.9745
19.3092
17.8816
18.214
19.6445
19.9803
18.5469
20.7461
21.0845
22.5346
22.8768
21.4234
21.7628
20.3166
17.4532
17.7842
16.3631
18.8803
20.6534
19.2141
19.5483
18.1157
9.68271
10.0022
8.616
10.7515
11.0724
12.4674
12.7901
11.3934
11.7145
10.3219
11.8226
12.1449
13.22
14.95
13.5441
13.8686
15.2765
15.6033
14.1932
16.692
18.4474
17.0211
17.3506
15.9303
13.113
13.4361
14.5181
16.2576
14.8431
15.1683
15.4937
16.3583
15.4791
17.2406
18.1119
17.2258
18.0963
17.2096
16.343
15.4632
19.0014
19.8801
18.9864
20.7776
21.6645
20.7624
21.6483
20.7455
19.8643
18.9699
19.8466
18.9516
18.0791
21.6303
20.7267
21.6102
20.706
19.8272
18.9315
18.0602
16.3262
15.4459
17.1918
17.1723
16.3078
15.427
22.5706
23.4664
22.5552
24.3819
25.2873
24.3664
25.2706
24.3487
23.4499
22.538
26.213
27.1288
26.1972
28.0654
28.9922
28.0493
28.9748
28.0309
27.1117
26.1792
27.0923
26.1588
25.2516
28.9549
28.01
28.9324
27.9866
27.0705
26.1361
25.2304
23.4314
22.5187
24.3289
24.3068
23.4108
22.4973
23.3879
22.4736
21.5881
25.2068
24.2824
25.1807
24.2555
23.3628
22.4478
21.5638
27.0461
26.1108
28.9073
27.9605
28.8794
27.9317
27.0191
26.083
26.9894
26.0525
25.1521
28.8487
27.9
28.815
27.8655
26.957
26.0193
25.1208
23.3352
22.4195
21.5372
24.2262
24.1942
23.3051
22.3887
21.5083
16.2878
15.4066
18.0395
17.1511
18.0169
17.128
16.2661
15.3844
19.8058
18.9095
20.6832
20.6582
19.7823
18.8854
19.7568
18.8594
17.9924
20.631
20.6015
19.729
18.8311
17.9658
-9.53708
-9.19797
-7.81568
-11.268
-10.927
-12.3237
-11.9806
-10.586
-10.2451
-8.85887
-13.0098
-12.6667
-14.7638
-14.4185
-15.8358
-15.4881
-14.0732
-13.7279
-15.1404
-14.7926
-13.3826
-16.9123
-16.5619
-17.9933
-17.6401
-16.2115
-15.8611
-14.4449
-11.6376
-11.2946
-9.90408
-13.0373
-14.0971
-12.692
-12.3467
-10.9515
-13.7494
-13.4016
-12.0014
-15.5108
-15.1604
-16.5805
-16.2273
-14.81
-14.4597
-13.0539
-17.2869
-16.9337
-19.079
-18.7228
-20.1698
-19.8104
-18.3666
-18.0104
-19.451
-19.0917
-17.6543
-21.2658
-20.9031
-22.3672
-22.0009
-20.5403
-20.1775
-18.7323
-15.8741
-15.5209
-14.1093
-17.2981
-18.3729
-16.9419
-16.5857
-15.1677
-7.79993
-6.74407
-8.84197
-7.78331
-7.76578
-6.71059
-6.72777
-5.67499
-9.8859
-8.82411
-10.9319
-9.86667
-9.84634
-8.78532
-8.80524
-7.7473
-7.72781
-6.67348
-6.69252
-8.7643
-7.70727
-7.68563
-6.63235
-6.65344
-5.60247
-5.62199
-5.6582
-4.60826
-5.64055
-4.57299
-4.59105
-3.5437
-11.9803
-10.9112
-13.0312
-11.958
-11.9343
-10.8661
-10.8893
-9.82486
-14.0848
-13.0071
-15.1414
-14.0589
-14.0315
-12.9548
-12.9817
-11.9094
-11.883
-10.8159
-10.8417
-12.9264
-11.8552
-11.826
-10.7601
-10.7887
-9.7265
-9.75306
-9.80219
-8.74213
-9.77827
-8.69415
-8.71876
-7.66284
-7.63885
-6.58682
-6.61015
-8.66825
-7.61363
-7.58711
-6.53651
-6.56228
-5.51389
-5.53771
-9.69857
-8.64101
-10.73
-9.66919
-9.63834
-8.58233
-8.61239
-7.55925
-7.53001
-6.48104
-6.50944
-8.55079
-7.49934
-7.46718
-6.42004
-6.45126
-5.40621
-5.43509
-5.48888
-4.44388
-4.4681
-5.46263
-4.3918
-4.41846
-3.37661
-3.40117
-3.52615
-2.48114
-4.55402
-3.50775
-3.48844
-2.44465
-2.46332
-1.4204
-5.58195
-4.53409
-5.56038
-4.49118
-4.51316
-3.46817
-3.4469
-2.40453
-2.42507
-3.42458
-2.36041
-2.38299
-1.343
-1.36373
-1.40238
-0.361303
-1.38351
-0.324155
-0.343157
0.696324
0.714529
1.75266
1.73528
-0.304246
0.733591
0.753557
1.7899
1.77086
2.80789
2.79058
-1.32126
-0.283384
-2.33673
-1.29848
-1.2746
-0.238615
-0.261523
0.774474
0.79639
1.83076
1.80986
-0.214612
0.819353
0.843409
1.8756
1.85266
2.88564
2.86482
2.82599
3.86217
3.84502
2.84496
3.89893
3.88012
4.91569
4.89876
-3.35085
-2.3119
-4.36386
-3.32386
-3.29558
-2.25862
-2.28588
-1.24958
-5.37595
-4.33458
-6.38734
-5.34426
-5.31108
-4.27181
-4.30391
-3.26596
-3.23497
-2.2002
-2.23008
-4.23824
-3.20254
-3.16863
-2.13625
-2.16894
-1.13711
-1.16718
-1.22336
-0.189467
-1.19591
-0.135559
-0.163132
0.868608
0.894995
1.92482
1.89964
-0.106702
0.922619
0.951527
1.9788
1.95119
2.97935
2.95426
-1.10566
-0.0765115
-2.10209
-1.07278
-1.03843
-0.0119437
-0.0449414
0.981767
1.01339
2.0379
2.00768
0.0225292
1.04643
1.08095
2.10252
2.0695
3.09207
3.06194
3.00563
4.03238
4.00745
3.03315
4.08585
4.0585
5.08407
5.05937
4.93342
5.96862
5.95199
3.91864
4.952
4.97148
6.00434
5.98605
7.02114
7.00488
2.90745
3.9393
2.93031
3.98366
3.96096
4.99191
5.01334
6.04365
6.02352
5.03581
6.08695
6.06478
7.0947
7.07494
7.0382
8.07342
8.0576
7.05612
8.10753
8.09005
9.12565
9.11033
8.95357
10.0061
9.99774
7.91307
8.96264
8.97184
10.023
10.0145
11.0691
11.0613
6.87603
7.92296
5.84224
6.88687
6.89803
7.94349
7.93309
8.98124
8.99086
10.0405
10.0317
7.95422
9.00076
9.01099
10.0589
10.0495
11.1009
11.0927
11.0768
12.1336
12.1266
11.0847
12.1478
12.1407
13.1999
13.1937
4.81148
5.85414
3.78354
4.82457
4.83817
5.87926
5.86646
6.90957
2.75821
3.79794
2.77404
3.82863
3.81295
4.85235
4.86714
5.90646
5.89258
4.8826
5.93612
5.92096
6.96044
6.94692
6.92153
7.96533
6.93397
7.98886
7.97686
9.0216
9.03263
10.0786
10.0685
8.00138
9.04413
9.05614
10.0999
10.089
11.1364
11.127
6.97457
8.01447
6.98937
8.04253
8.02817
9.06872
9.08192
10.1234
10.1114
9.09577
10.1493
10.136
11.1786
11.1673
11.1462
12.1952
12.1865
11.1565
12.2139
12.2043
13.2553
13.2474
13.2062
14.2682
14.2628
12.1551
13.2126
13.2191
14.2792
14.2736
15.3386
15.3342
11.1093
12.1626
11.118
12.1782
12.1703
13.2258
13.2327
14.2906
14.2848
13.2399
14.303
14.2967
15.3574
15.3525
15.3431
16.4114
16.4079
15.3477
16.4185
16.4149
17.4866
17.4841
11.3828
11.7048
12.4493
12.7727
14.1681
14.4942
13.0966
13.4211
13.5178
13.8427
14.5885
14.9149
16.3186
16.6482
15.2421
15.5699
16.9786
17.3096
15.8983
18.0618
18.3949
19.8197
20.1566
18.7288
19.0634
17.6413
14.8209
15.1482
16.2274
17.9737
16.5571
16.8874
15.6615
15.9897
16.737
17.067
18.48
18.8137
17.3978
17.7294
17.8152
18.1471
18.8962
19.2303
20.6539
20.9921
19.5653
19.9012
21.3313
21.6715
20.238
22.4283
22.7711
24.2212
24.5686
23.1148
23.4594
22.0125
19.1482
19.4836
20.5757
22.3544
20.9142
21.2536
22.6973
23.0409
21.5937
23.805
24.1515
25.6169
25.9682
24.4988
24.847
23.3854
24.9171
25.2665
26.0338
26.3863
27.8677
28.2255
26.7398
27.0943
28.5843
28.9441
27.4497
29.7243
30.0876
31.6051
31.9743
30.452
30.8174
29.3048
26.3203
26.6734
25.1961
27.8061
29.6666
28.1633
28.5215
27.0273
18.3067
18.6403
19.3986
19.7346
21.1717
21.5115
20.0711
20.4083
20.4943
20.8326
21.9347
23.7306
22.2764
22.6189
24.0767
24.4235
22.962
25.5459
27.382
25.8966
26.248
24.771
21.8519
22.1929
23.3059
25.1192
23.6504
23.9956
25.4682
25.8177
24.3414
26.6002
26.953
28.4509
28.8087
27.3066
27.6609
26.1679
27.7375
28.0939
28.8805
29.2404
30.7572
31.1225
29.6011
29.9625
31.4886
31.8555
30.3248
32.6588
33.0297
34.5867
34.9637
33.4015
33.7742
32.2232
29.1672
29.5265
28.0158
30.6878
32.5917
31.0515
31.4159
29.8863
30.0292
30.3928
31.1838
31.5512
33.0881
33.4614
31.9195
32.2887
32.3446
32.7158
33.5115
33.8869
35.4451
35.8269
34.2633
34.6407
36.2097
36.5935
35.0191
37.4073
37.7957
39.3995
39.7949
38.1852
38.5757
36.9784
33.8356
34.2107
35.3986
37.3643
35.779
36.1603
37.7511
38.1389
36.5426
38.9673
39.3599
40.9874
41.387
39.7535
40.1481
38.5277
40.1913
40.5888
41.4233
41.8258
43.48
43.8901
42.2295
42.6343
44.3012
44.7135
43.0401
45.5712
45.989
47.6983
48.1241
46.408
46.828
45.1269
41.7876
42.1892
40.5436
43.447
45.5413
43.8549
44.2638
42.5918
32.9609
33.3308
31.7811
34.1476
34.5218
36.0995
36.4798
34.8968
35.2725
33.7014
35.3415
35.7201
36.9257
38.9174
37.3098
37.6947
39.3079
39.6994
38.0804
40.9401
42.9953
41.3374
41.7357
40.0916
36.8608
37.2425
35.6489
38.4669
40.4847
38.8542
39.2423
37.625
16.5851
16.9128
17.6803
18.0103
19.4446
19.7775
18.3404
18.6708
18.7795
19.1119
19.8829
20.2178
21.6662
22.0046
20.5531
20.8887
22.3433
22.6824
21.2246
23.4671
23.8092
25.287
25.6331
24.1517
24.4945
23.0218
20.1106
20.444
21.5607
23.3614
21.8971
22.2338
20.9905
21.3282
22.1027
22.4432
23.9068
24.2512
22.784
23.1254
23.2196
23.563
24.6878
26.5188
25.0347
25.3823
26.8702
27.2222
25.7303
28.3713
30.2468
28.7275
29.0842
27.5747
24.596
24.9413
26.0789
27.9278
26.428
26.7775
28.2814
28.6354
27.1275
29.4415
29.7993
31.332
31.6949
30.1577
30.5165
28.9899
30.608
30.9697
32.1468
34.0727
32.5132
32.8803
34.4447
34.8173
33.2479
36.026
38.0082
36.4038
36.7822
35.1905
32.0583
32.4222
30.8758
33.6161
35.5642
33.9848
34.354
32.7866
23.7014
24.0415
24.8377
25.1811
26.6737
27.0212
25.5248
25.8688
25.9796
26.3265
27.4779
29.3449
27.8287
28.1798
29.7002
30.056
28.5313
31.2356
33.1515
31.5958
31.9564
30.4121
27.369
27.7171
28.8832
30.7685
29.2353
29.5878
12.0288
13.7522
13.7372
12.014
11.9982
13.721
13.7034
11.9812
11.9629
13.6845
13.664
11.9432
-0.365343
-2.06247
-3.09913
-1.40046
-3.76208
-5.46553
-6.50819
-4.80126
-5.84223
-7.55322
-8.60084
-6.8852
-2.43618
-4.137
-5.17628
-3.47273
-4.51032
-6.21718
-7.25991
-5.54916
-7.93038
-9.65126
-10.7047
-8.97798
-10.0282
-11.7614
-12.8214
-11.0813
-6.58945
-8.3047
-9.35175
-7.63142
1.01093
-0.0235785
1.03299
2.06736
-1.05818
-2.09308
-1.03487
-0.0010179
1.05561
0.0224962
1.07919
2.11189
3.12389
2.08934
3.14566
4.18071
-3.1285
-4.16464
-3.10296
-2.06878
-5.20172
-6.23996
-5.17297
-4.13761
-3.07531
-4.1081
-3.04518
-2.01463
-1.01022
-2.04275
-0.983857
0.0473442
1.1041
0.0739065
1.13071
2.16021
-0.955394
-1.98402
-0.924454
0.102564
1.15942
0.133696
1.19061
2.21536
3.21586
2.18674
3.24217
4.27123
5.23798
4.20212
5.25889
6.29589
3.16799
2.13539
3.19126
4.22409
5.28036
4.247
5.30276
6.33698
7.35461
6.31616
7.37409
8.41431
2.37209
3.42894
5.11909
4.06089
4.48628
5.54427
7.23839
6.1782
7.87461
8.93792
10.6443
9.57698
5.75235
6.81282
8.51158
7.44793
6.60309
7.66292
9.36271
8.29984
8.72393
9.7863
11.4935
10.4272
12.1386
13.2097
14.9365
13.8597
10.0029
11.0698
12.7855
11.7138
13.4339
14.5114
16.249
15.1647
15.5918
16.6753
18.4276
17.3365
19.0952
20.1948
21.9784
20.8694
16.9077
17.9996
19.7648
18.6644
9.1491
10.2168
11.9301
10.8573
11.2868
12.359
14.0836
13.0054
14.7345
15.8194
17.5679
16.4753
12.5741
13.6527
15.3863
14.3008
15.4866
17.2334
17.2179
15.4713
18.9941
20.7702
20.7542
18.9784
18.9609
20.7363
20.7166
18.9418
15.4547
17.2009
17.1823
15.4366
22.5631
24.3744
24.3578
22.5468
26.2054
28.0577
28.0404
26.1885
26.1693
28.0208
27.9986
26.1478
22.5286
24.3391
24.3181
22.5082
22.4857
24.2949
24.2693
22.461
26.1238
27.9739
27.9464
26.0973
26.0681
27.9162
27.8831
26.0362
22.4339
24.2412
24.2105
22.4044
15.417
17.1619
17.1398
15.3957
18.9207
20.6948
20.671
18.8977
18.8727
20.6449
20.6166
18.8455
-8.67527
-10.4013
-11.4535
-9.72123
-12.1375
-13.8852
-14.9528
-13.1969
-14.2598
-16.0245
-17.1004
-15.3264
-10.7695
-12.5086
-13.5668
-11.8203
-12.8738
-14.6283
-15.6934
-13.9302
-16.3969
-18.1809
-19.266
-17.4715
-18.5505
-20.3561
-21.4513
-19.634
-14.9899
-16.7622
-17.835
-16.0529
-7.27955
-8.32073
-7.24661
-6.20923
-9.36368
-10.4086
-9.32557
-8.28532
-7.21003
-8.24589
-7.16943
-6.13763
-5.14134
-6.17525
-5.10647
-4.07572
-11.4558
-12.5054
-11.4116
-10.3676
-13.5576
-14.6127
-13.5062
-12.4577
-11.3621
-12.4044
-11.3071
-10.2707
-9.28305
-10.3217
-9.23575
-8.20206
-7.12443
-8.15345
-7.07465
-6.04998
-9.18328
-10.2141
-9.12527
-8.09968
-7.01971
-8.04036
-6.95924
-5.94322
-4.97853
-5.99917
-4.92684
-3.90991
-3.01218
-4.04009
-2.97594
-1.95055
-5.06796
-6.096
-5.02544
-4.00083
-2.93608
-3.95757
-2.8922
-1.87351
-0.890656
-1.91384
-0.853619
0.167683
1.22464
0.204908
1.26192
2.2804
-0.81296
-1.82917
-0.768298
0.245753
1.3028
0.290595
1.34768
2.35836
3.33513
2.31758
3.37207
4.38901
-2.84394
-3.85748
-2.79091
-1.78045
-4.87
-5.88172
-4.80763
-3.7999
-2.73274
-3.73679
-2.66903
-1.66833
-0.719256
-1.72696
-0.665453
0.339814
1.39694
0.393791
1.45095
2.45229
-0.606509
-1.60418
-0.542043
0.452906
1.51009
0.517541
1.57475
2.56522
3.50604
2.50619
3.55969
4.55838
5.44221
4.42557
5.47825
6.49492
3.41261
2.40314
3.45714
4.46573
5.51788
4.50987
5.5615
6.56925
7.5473
6.53029
7.58186
8.59953
9.47518
8.43287
9.49268
10.5374
7.39413
6.35874
7.41511
8.45199
9.51072
8.47203
9.5297
10.5705
11.6011
10.5537
11.6161
12.6665
5.32649
4.29717
5.35192
6.38182
3.27056
2.24646
3.30142
4.32519
5.37943
4.35568
5.4094
6.43345
7.4374
6.4066
7.46138
8.49339
9.54998
8.51644
9.57195
10.6073
7.48744
6.46277
7.51595
8.54156
9.59599
8.56913
9.62248
10.6509
11.6657
10.6281
11.685
12.7251
13.7338
12.68
13.7456
14.8031
11.6315
10.5883
11.6479
12.694
13.758
12.7089
13.7713
14.8238
15.8747
14.8132
15.8828
16.9486
10.8502
11.9158
13.6321
12.5617
12.9833
14.0529
15.78
14.7048
16.4381
17.5198
19.2738
18.1846
14.2832
15.3593
17.0988
16.0162
15.1247
16.1989
17.9385
16.8578
17.2758
18.3553
20.1091
19.0222
20.7842
21.8793
23.6674
22.5631
18.6046
19.6927
21.4629
20.3665
22.145
23.2506
25.0573
23.9415
24.3605
25.4749
27.3031
26.1777
28.0163
29.1536
31.0278
29.8777
25.7576
26.8844
28.7334
27.5946
17.7621
18.8522
20.6209
19.5223
19.946
21.0435
22.8303
21.7235
23.5188
24.6358
26.4613
25.3332
21.2985
22.4064
24.2101
23.0919
24.9041
26.0335
27.8781
26.7366
27.1682
28.3083
30.1784
29.0253
30.9059
32.0729
33.9933
32.8115
28.5908
29.7452
31.6365
30.4681
29.4541
30.6058
32.503
31.3375
31.7634
32.9273
34.8534
33.6749
35.6135
36.8076
38.7914
37.5809
33.2463
34.4265
36.3778
35.182
37.1459
38.3583
40.3694
39.1396
39.5783
40.8063
42.8537
41.6074
43.6696
44.9351
47.052
45.7663
41.1646
42.4128
44.4898
43.2222
32.3701
33.5534
35.4972
34.2982
34.7436
35.9411
37.9178
36.7037
38.6931
39.9248
41.9635
40.7135
36.2539
37.4696
39.4719
38.2386
16.0389
17.1322
18.892
17.79
18.2294
19.3306
21.109
19.9983
21.7833
22.9046
24.7187
23.5861
19.5554
20.667
22.4588
21.3367
20.4361
21.5461
23.3448
22.2245
22.6606
23.7799
25.6007
24.4701
26.2996
27.4423
29.3061
28.1503
24.0309
25.1625
27.0006
25.8568
27.7037
28.8606
30.744
29.573
30.0239
31.1937
33.1065
31.9218
33.8454
35.0459
37.0134
35.7962
31.4662
32.6522
34.5867
33.3848
23.1353
24.2688
26.0985
24.9527
25.4079
26.5528
28.4085
27.2504
29.115
30.2872
32.1903
31.003
26.7902
27.9494
29.8228
28.6495
