FiniteElementSpace
FiniteElementCollection: H1_2D_P2
VDim: 1
Ordering: 0

1
0.722637
28.3974
-27.0477
-26.8593
-46.9228
28.797
14.191
0.884291
-12.795
-26.9774
-12.681
-36.6299
-30.4743
14.4687
-12.7385
-21.3729
7.76563
7.63035
0.945019
-5.89294
-12.7128
-5.79766
-16.9826
-14.2293
21.493
28.6247
21.1551
14.3479
7.41146
0.812085
-6.01074
-12.764
-19.716
-26.9214
-19.7381
-27.0214
-19.7358
-31.7568
-28.8112
-41.6808
-38.4467
-25.8656
-22.9201
7.70557
-5.84536
-9.9879
21.3468
7.53423
-5.94615
-19.7272
-19.7429
-24.2103
-33.5522
-18.5355
4.37696
7.73713
4.31953
0.972869
11.1777
11.1149
14.5173
11.0321
7.67021
4.25165
0.915733
-2.4459
-5.82188
-2.39348
-2.50114
-5.86881
-9.30183
-12.726
-9.26407
-12.698
-9.22328
-7.88723
-14.8216
-13.4615
-19.1658
-17.7697
-12.1014
25.1042
17.9517
21.4252
17.8183
14.4124
28.7173
24.945
28.5183
24.7356
21.257
17.6441
14.2743
7.58526
4.16758
0.849984
10.9238
10.784
7.47654
4.06156
0.769876
-2.56494
-5.91848
-2.64304
-5.97666
-9.39117
-12.7785
-9.34227
-12.7509
-16.2221
-19.733
-16.2137
-16.2331
-19.7213
-23.2545
-26.8908
-23.2901
-26.9505
-23.3224
-16.2021
-19.7412
-16.1816
-19.7416
-27.0013
-23.3457
-27.0372
-23.3543
-21.9581
-20.562
-29.3826
-27.9384
-34.172
-32.6677
-26.4941
-25.0499
-31.1633
-29.659
-23.6056
-39.1323
-37.5559
-44.2771
-42.6164
-35.9794
-34.4029
-28.1546
-16.3735
-22.1614
-26.6503
-20.7172
4.34919
11.1484
11.0763
4.28725
-2.41969
-2.47281
-9.28297
-9.24442
-11.3345
-15.606
18.0049
17.8897
25.0305
24.8469
17.7367
4.212
10.9815
10.8582
4.11768
-2.53161
-2.60184
-9.3653
-9.32135
-16.2179
-16.2269
-23.2723
-23.307
-16.1934
-16.2087
-23.3356
-23.3522
-18.3592
-25.629
-30.284
-22.7916
-27.3384
-35.0911
-40.0637
-32.0132
-19.9542
-24.3928
2.68775
4.36326
2.66031
0.986479
6.0691
7.75172
6.04098
7.72178
6.01037
4.33464
2.63156
0.959079
9.46802
11.1636
9.43913
11.1322
9.40657
11.0963
9.36964
7.68841
12.7917
14.4939
12.7453
11.055
9.32761
7.65089
4.30376
2.6008
0.930601
5.97657
5.93885
4.26991
2.56728
0.900326
-0.722879
-2.40663
-0.69607
-0.750043
-2.43275
-4.14389
-5.83367
-4.11892
-5.80991
-4.09356
-0.778277
-2.45922
-0.8083
-2.48675
-4.19558
-5.88075
-4.16921
-5.85704
-7.57295
-9.27357
-7.55164
-7.59458
-9.29236
-11.016
-12.7323
-11.0002
-12.7195
-10.984
-7.52994
-9.23408
-7.50712
-9.25439
-12.7056
-10.9667
-12.6898
-10.9475
-10.277
-9.60654
-6.84117
-13.7488
-13.0724
-15.8994
-15.2154
-12.3959
-11.7194
-8.93607
-14.5314
-13.8474
-11.0429
-18.0713
-17.3783
-20.2663
-19.5628
-16.6853
-15.9923
-13.1634
16.2546
17.9793
16.2036
17.9219
16.1445
14.4415
19.7143
21.4604
19.6495
21.3874
19.5746
17.8553
16.0766
14.3812
23.2891
25.0688
23.2184
26.9397
28.7588
26.863
28.6727
26.7739
24.9893
23.1364
24.8976
23.0425
21.3033
28.5732
26.6717
28.4597
26.5556
24.793
22.9359
21.2076
17.7788
15.999
14.3123
19.4889
19.3917
17.6918
15.9111
14.2339
4.23237
2.53032
0.867542
7.6085
5.89649
7.56054
5.84878
4.19043
2.48917
0.831529
11.0076
9.27978
12.6919
12.6308
10.9536
9.22541
10.892
9.16378
7.50626
12.5612
12.4825
10.8222
9.09418
7.44497
4.14336
2.44313
0.791564
5.79499
5.73441
4.09044
2.39146
0.74693
-0.840822
-2.51606
-0.87657
-2.54787
-4.25435
-5.93201
-4.22372
-5.90549
-0.916263
-2.5829
-0.960618
-2.62186
-4.32597
-5.99321
-4.28819
-5.96101
-7.66859
-9.35348
-7.64168
-7.69869
-9.37784
-11.0895
-12.7865
-11.0682
-12.771
-11.0493
-7.61725
-9.31146
-9.33159
-12.7573
-11.0321
-12.7447
-14.4791
-16.2159
-14.4706
-14.4878
-16.22
-17.9681
-19.7302
-17.9688
-19.7357
-17.9691
-14.4976
-16.2244
-14.5091
-16.2298
-17.9682
-19.7185
-17.9677
-19.7242
-21.489
-23.2813
-21.5008
-21.4776
-23.2634
-25.0479
-26.8751
-25.0725
-26.9063
-25.0965
-21.512
-23.3149
-21.5221
-23.2987
-26.9362
-25.1194
-26.9643
-25.1404
-14.4398
-16.1879
-14.4253
-14.4517
-16.1981
-17.9654
-19.7424
-17.96
-19.739
-17.9514
-14.4617
-16.2056
-16.2113
-19.7401
-17.9682
-19.7426
-21.5303
-23.3411
-21.5359
-23.3293
-26.9897
-25.1588
-27.0118
-25.1738
-21.5381
-23.3538
-21.5364
-23.3495
-27.0299
-25.1848
-27.0431
-25.191
-17.2674
-16.5834
-20.8433
-20.1503
-23.0804
-22.3768
-19.4573
-18.7643
-24.4874
-23.7839
-28.2104
-27.4948
-30.5647
-29.8356
-26.7793
-26.0637
-29.1065
-28.3775
-25.3482
-32.9592
-32.2151
-35.3955
-34.6349
-31.471
-30.7269
-27.6484
-21.6733
-20.9698
-24.6326
-26.9193
-23.9171
-23.2015
-26.1903
-25.4612
-22.486
-29.9828
-29.2387
-32.3531
-31.5924
-28.4946
-27.7505
-24.7321
-33.8743
-33.1137
-37.8755
-37.0968
-40.4007
-39.6025
-36.3182
-35.5395
-38.8043
-38.0061
-34.7609
-42.9729
-42.1536
-45.5937
-44.7519
-41.3344
-40.5151
-37.2079
-30.8318
-30.0712
-27.0064
-33.9822
-36.4097
-33.2035
-32.4248
-29.3105
-18.8592
-18.1557
-15.2993
-21.7704
-24.003
-21.0549
-20.3393
-17.4522
-23.274
-22.5449
-19.6238
-26.2623
-28.5499
-25.5182
-24.7741
-21.8158
2.67414
6.0553
6.02603
2.64614
9.45398
9.42335
9.3887
12.7693
9.34931
2.61648
5.99392
5.95824
2.58443
-0.709474
-0.736372
-4.13141
-4.10633
-0.763981
-0.79302
-4.18222
-4.15646
-7.5623
-7.58368
-11.0081
-10.9922
-7.51871
-7.54088
-10.9755
-10.9573
-8.55525
-12.0077
-14.1415
-10.6612
-12.7814
-16.2943
-18.4677
-14.9177
16.2301
16.1752
19.6831
19.6133
16.1117
23.2551
26.9028
26.82
23.1789
23.091
26.7245
26.6154
22.9909
16.039
19.5331
19.4417
15.9564
2.54928
5.91829
5.87335
2.51031
9.30447
12.7195
12.6623
9.25345
9.19554
12.5971
12.523
9.13002
2.46681
5.82269
5.76559
2.41804
-0.824203
-0.858248
-4.23868
-4.20938
-0.895879
-0.937813
-4.30654
-4.27082
-7.65478
-7.68319
-11.0785
-11.0585
-7.60574
-7.6292
-11.0405
-11.024
-14.4749
-14.4834
-17.9685
-17.969
-14.4926
-14.5031
-17.9678
-17.9678
-21.4949
-21.4833
-25.0602
-25.0846
-21.5172
-21.5065
-25.1082
-25.1302
-14.4329
-14.446
-17.9631
-17.9562
-14.4569
-14.4663
-17.9688
-17.9671
-21.5334
-21.5265
-25.15
-25.1667
-21.5378
-21.5375
-25.1798
-25.1885
-15.5016
-19.0475
-21.26
-17.6709
-22.6562
-26.3384
-28.6605
-24.9197
-27.2162
-31.0204
-33.4198
-29.5476
-19.8639
-23.501
-25.772
-22.0823
-24.3278
-28.0748
-30.4112
-26.602
-31.9155
-35.8605
-38.3441
-34.3216
-36.7676
-40.8723
-43.4468
-39.2552
-28.9068
-32.7827
-35.1911
-31.2438
-17.0716
-20.6636
-22.8835
-19.2449
-21.4393
-25.1292
-27.4024
-23.6564
1.84378
2.68097
1.83022
0.993245
3.53207
4.37015
3.51843
4.35628
3.50448
2.66726
1.8165
0.979691
5.22256
6.06226
5.20882
6.91672
7.75875
6.90287
7.74452
6.88842
6.04821
5.19463
6.03359
5.17988
4.34198
7.72956
6.87327
7.71379
6.85734
6.0183
5.1645
4.32716
2.65327
1.80252
0.966002
3.49012
3.47528
2.63891
1.78821
0.952089
8.616
9.4611
8.60203
10.3219
11.1708
10.3078
11.1561
10.2928
9.44666
8.58731
9.43136
8.57175
11.1405
10.2768
11.1237
10.2597
9.41509
8.55525
9.39778
8.53774
7.69711
11.1057
10.2415
11.0865
10.222
9.37933
8.51911
7.67945
11.9328
12.7807
11.911
11.0658
13.6532
14.5058
13.6303
14.4815
13.6056
12.7575
11.8875
11.0437
9.35964
8.49929
7.6607
10.2011
10.1789
9.33864
8.47817
7.64078
2.62409
1.77346
0.937861
4.31173
3.45985
4.29561
3.44376
2.60872
1.75818
0.923229
6.00225
5.14839
6.84053
6.82276
5.98536
5.13146
5.96754
5.11363
4.27869
6.80394
6.78397
5.94869
5.0948
4.2609
2.5927
1.7423
0.908103
3.42691
3.4092
2.57596
1.72571
0.892393
0.13857
-0.702776
0.152052
0.125045
-0.716171
-1.57107
-2.41317
-1.55782
-2.40007
-1.54452
0.111386
-0.729609
0.0975043
-0.743179
-1.59779
-2.43931
-1.58436
-2.42622
-3.28171
-4.12517
-3.26892
-3.29455
-4.13765
-4.99411
-5.83952
-4.982
-5.8278
-4.96985
-3.25608
-4.09997
-3.2431
-4.11264
-5.81593
-4.95755
-5.80383
-4.94502
0.0833088
-0.756973
0.0687101
-0.771078
-1.62539
-2.46598
-1.61144
-2.45253
0.0536183
-0.785587
0.0379437
-0.800587
-1.65461
-2.49389
-1.63975
-2.47973
-3.33419
-4.17567
-3.32069
-3.34808
-4.18885
-5.04381
-5.88681
-5.03101
-5.87475
-5.01852
-3.30751
-4.15016
-4.16281
-5.86291
-5.00625
-5.8512
-6.709
-7.55698
-6.69782
-6.72023
-7.56762
-8.42714
-9.27828
-8.4171
-9.26884
-8.40701
-6.73158
-7.5783
-6.74315
-7.5891
-8.44742
-9.29708
-8.43722
-9.28766
-10.1493
-11.0042
-10.1406
-10.158
-11.0121
-11.8761
-12.7354
-11.8691
-12.7292
-11.862
-10.1319
-10.9881
-10.123
-10.9962
-12.7228
-11.8547
-12.7162
-11.8472
-6.66358
-7.51297
-6.65164
-6.67519
-7.52437
-8.38629
-9.2393
-8.37549
-9.22874
-8.36428
-6.68658
-7.53544
-7.54628
-9.25926
-8.39676
-9.24944
-10.1139
-10.9711
-10.1045
-10.9798
-12.7092
-11.8394
-12.7019
-11.8311
-10.0946
-10.9525
-10.0843
-10.9621
-12.694
-11.8223
-12.6855
-11.813
-8.03081
-7.69734
-6.31911
-9.74968
-9.41509
-10.8053
-10.4693
-9.08049
-8.74589
-7.36386
-11.4771
-11.1412
-13.2143
-12.8769
-14.2846
-13.9455
-12.5395
-12.2021
-13.6064
-13.2672
-11.8647
-15.3598
-15.0188
-16.4403
-16.0973
-14.6778
-14.3369
-12.9281
-10.1334
-9.79752
-8.41129
-11.5273
-12.589
-11.1898
-10.8524
-9.4616
-12.2499
-11.9108
-10.515
-13.9959
-13.6549
-15.0681
-14.7251
-13.3139
-12.9729
-11.5717
-15.7542
-15.4112
-17.5262
-17.1809
-18.6178
-18.2701
-16.8356
-16.4903
-17.9223
-17.5746
-16.145
-19.7153
-19.3649
-20.8188
-20.4656
-19.0145
-18.6642
-17.2268
-14.382
-14.0389
-12.6319
-15.7997
-16.8791
-15.4544
-15.1091
-13.6959
15.3844
16.2425
15.3604
17.128
17.9924
17.103
17.9658
17.0759
16.2171
15.3346
16.1897
15.3068
14.4553
17.9371
17.0468
17.9061
17.0154
16.1601
15.2769
14.4272
18.8311
19.699
18.8006
20.6015
21.477
20.5696
21.4431
20.5352
19.6666
18.7677
19.6317
18.7324
17.8728
21.4066
20.4982
21.3674
20.4586
19.5943
18.6945
17.8371
16.1284
15.2449
14.3971
16.9818
16.9457
16.0944
15.2107
14.3648
22.3887
23.2724
22.3555
24.1942
25.0868
24.1595
25.05
24.122
23.2371
22.3195
26.0193
26.9216
25.9832
27.8655
28.7783
27.828
28.7385
27.7873
26.8833
25.9441
26.8419
25.902
25.0103
28.6954
27.7435
28.6491
27.6965
26.7974
25.8568
24.9675
23.199
22.2808
24.0816
24.0383
23.158
22.2393
23.1141
22.1949
21.3254
24.9217
23.9918
24.8727
23.9423
23.0672
22.1475
21.2805
26.7496
25.8084
28.5994
27.646
28.5462
27.5922
26.6985
25.7567
26.644
25.7016
24.8204
28.4894
27.5347
28.429
27.4737
26.586
25.643
24.7647
23.0171
22.097
21.2327
23.8895
23.8333
22.9638
22.0432
21.1817
16.0581
15.1741
14.3304
17.7989
16.9072
17.7581
16.8661
16.0193
15.1351
14.2936
19.5542
18.6541
20.4161
20.3708
19.5113
18.6109
19.4657
18.5649
17.7146
20.3226
20.2713
19.4171
18.516
17.6683
15.978
15.0936
14.2544
16.8224
16.7759
15.9341
15.0495
14.2128
2.5584
1.70833
0.876012
4.24214
3.39057
4.22233
3.3709
2.53992
1.69007
0.85887
5.92872
5.07489
7.61959
6.76277
7.59706
6.74025
5.90756
5.0538
5.8851
5.03145
4.20137
7.57309
6.71632
7.54759
6.69088
5.86125
5.00774
4.17917
2.52045
1.67085
0.840875
3.35011
3.32812
2.49989
1.65055
0.821937
9.31623
8.45567
11.0201
10.1551
10.9948
10.1296
9.29232
8.43171
12.7326
11.8624
13.5792
13.5508
12.7059
11.8355
12.6774
11.8068
10.9678
13.5204
13.488
12.6468
11.7761
10.9389
9.26682
8.40619
10.1025
10.0736
9.23965
8.37901
9.21071
8.3501
7.52046
10.9081
10.0428
10.8754
10.01
9.17991
8.31936
7.49163
12.6142
11.7434
13.4533
13.4164
12.5794
11.7085
12.5424
11.6715
10.8405
13.3771
13.3354
12.5031
11.6321
10.8034
9.14716
8.28669
7.46099
9.97514
9.93813
9.11237
8.25202
7.42846
2.47815
1.62911
0.801966
4.15565
3.30483
4.13071
3.28015
2.45514
1.60643
0.780872
5.83593
4.98259
6.66386
6.63515
5.80905
4.9559
5.78051
4.92758
4.10426
6.60466
6.57232
5.75023
4.89755
4.07621
2.43076
1.58242
0.758566
3.25399
3.22626
2.40494
1.55698
0.734957
0.0216007
-0.816167
0.00449522
-0.832417
-1.68613
-2.52375
-1.67003
-2.50853
-0.0134625
-0.849429
-0.0323624
-0.867292
-1.72071
-2.5563
-1.70299
-2.53965
-3.39304
-4.23111
-3.37741
-3.40943
-4.24642
-5.09987
-5.939
-5.08494
-5.92517
-5.07068
-3.36246
-4.20242
-4.21648
-5.91193
-5.057
-5.89917
-0.0522941
-0.886096
-0.0733476
-0.905931
-1.75904
-2.59224
-1.73936
-2.5738
-0.0956125
-0.926887
-0.119179
-0.949053
-1.80185
-2.6323
-1.77984
-2.61171
-3.46404
-4.29724
-3.44484
-3.48436
-4.31611
-5.16804
-6.00184
-5.14954
-5.98482
-5.13208
-3.42666
-4.26248
-4.27939
-5.96873
-5.11555
-5.95348
-6.80736
-7.64814
-6.79336
-6.82211
-7.66159
-8.51626
-9.35931
-8.50343
-9.3478
-8.49126
-6.8377
-7.67578
-6.85423
-7.69082
-8.54428
-9.3844
-8.52985
-9.37148
-10.2273
-11.0732
-10.2159
-10.2395
-11.0839
-11.9413
-12.7907
-11.9315
-12.7824
-11.9223
-10.2051
-11.0538
-10.1949
-11.0632
-12.7747
-11.9137
-12.7675
-11.9056
-6.75502
-7.60012
-6.76728
-7.61145
-8.46855
-9.31637
-8.45783
-9.30662
-6.78004
-7.62316
-7.63537
-9.33687
-8.47966
-9.32642
-10.1852
-11.0363
-10.1758
-11.0449
-12.7606
-11.8979
-12.7541
-11.8904
-10.1668
-11.02
-11.028
-12.7478
-11.8832
-12.7416
-13.6085
-14.4727
-13.6033
-13.6137
-14.477
-15.3471
-16.2169
-15.3439
-16.2148
-15.3407
-13.6191
-14.4812
-13.6247
-14.4856
-15.3536
-16.221
-15.3503
-16.2189
-17.0926
-17.9686
-17.0918
-17.0935
-17.9683
-18.8459
-19.7287
-18.8476
-19.7316
-18.8492
-17.0908
-17.9691
-17.0897
-17.9689
-19.7344
-18.8506
-19.7369
-18.8518
-13.6306
-14.4902
-13.6369
-14.495
-15.3609
-16.2256
-15.3571
-16.2232
-13.6436
-14.5003
-13.6509
-14.506
-15.3698
-16.2314
-15.3651
-16.2283
-17.0973
-17.9677
-17.0958
-17.0992
-17.968
-18.8405
-19.7172
-18.8415
-19.7199
-18.8428
-17.0945
-17.9679
-17.9677
-19.7227
-18.8443
-19.7257
-20.6077
-21.4978
-20.6121
-20.6033
-21.492
-22.3787
-23.2768
-22.386
-23.2857
-22.3934
-20.599
-21.4861
-20.595
-21.4804
-22.3641
-23.2589
-22.3713
-23.2678
-24.1596
-25.0663
-24.1702
-24.149
-25.0541
-25.9513
-26.8672
-25.9653
-26.8829
-25.9793
-24.1807
-25.0906
-24.1911
-25.0785
-26.8985
-25.993
-26.9139
-26.0066
-20.6245
-21.5197
-20.6281
-20.6206
-21.5147
-22.4074
-23.311
-22.414
-23.3187
-22.4201
-20.6164
-21.5093
-21.5036
-23.2944
-22.4005
-23.3029
-24.2012
-25.1138
-24.211
-25.1024
-26.9289
-26.0198
-26.9435
-26.0326
-24.2203
-25.1354
-24.2291
-25.1249
-26.9575
-26.0448
-26.9709
-26.0564
-13.56
-14.4292
-13.5517
-13.5675
-14.4364
-15.315
-16.1907
-15.3088
-16.1849
-15.3019
-13.5744
-14.443
-13.5809
-14.4489
-15.3254
-16.2002
-15.3205
-16.1958
-17.0789
-17.9617
-17.075
-17.0821
-17.9643
-18.8523
-19.7428
-18.8509
-19.7419
-18.8487
-17.0703
-17.9539
-17.0647
-17.9582
-19.7402
-18.8457
-19.7375
-18.8417
-13.5869
-14.4543
-13.5925
-14.4593
-15.3337
-16.2072
-15.3297
-16.2039
-13.598
-14.464
-14.4685
-16.2125
-15.3373
-16.21
-17.0884
-17.9685
-17.0868
-17.969
-19.7391
-18.8526
-19.7409
-18.8531
-17.0847
-17.9663
-17.9677
-19.7422
-18.853
-19.7428
-20.636
-21.5348
-20.6373
-20.6339
-21.5319
-22.4308
-23.3384
-22.4351
-23.3435
-22.4386
-20.6313
-21.5284
-21.5243
-23.3259
-22.4257
-23.3325
-24.2373
-25.1545
-24.2448
-25.1453
-26.9837
-26.0674
-26.9956
-26.0775
-24.2516
-25.1704
-24.2574
-25.1629
-27.0067
-26.0868
-27.0168
-26.0951
-20.6363
-21.5372
-20.634
-20.6376
-21.5381
-22.4429
-23.3532
-22.4436
-23.3542
-22.4431
-20.6379
-21.5379
-21.5368
-23.3477
-22.4413
-23.351
-24.2623
-25.1825
-24.2661
-25.177
-27.0258
-26.1023
-27.0337
-26.1084
-24.2688
-25.1899
-24.2702
-25.1868
-27.0403
-26.1132
-27.0456
-26.1168
-14.9628
-14.6237
-16.7238
-16.3828
-17.8125
-17.4695
-16.0418
-15.7008
-18.4986
-18.1556
-20.2887
-19.9434
-21.3998
-21.052
-19.5981
-19.2528
-20.7043
-20.3566
-18.9075
-22.5183
-22.1679
-23.6444
-23.2912
-21.8175
-21.4672
-20.0088
-17.1264
-16.7834
-18.5621
-19.6611
-18.2168
-17.8715
-22.0953
-21.7476
-23.9198
-23.5694
-25.0572
-24.704
-23.2191
-22.8687
-25.7636
-25.4104
-27.6279
-27.2717
-28.7953
-28.4359
-26.9155
-26.5592
-28.0765
-27.7171
-26.203
-29.9724
-29.6096
-31.1595
-30.7931
-29.2469
-28.8841
-27.3577
-24.3508
-23.9976
-25.8468
-26.9983
-25.4906
-25.1344
-26.6389
-26.2795
-24.7782
-28.5213
-28.1585
-29.6941
-29.3278
-27.7957
-27.433
-25.9201
-30.4268
-30.0604
-32.3567
-31.9866
-33.5643
-33.1902
-31.6165
-31.2464
-32.8162
-32.4421
-30.8763
-34.7824
-34.4043
-36.0114
-35.6289
-34.0261
-33.6479
-32.0681
-28.9614
-28.5951
-27.0702
-30.5062
-31.6941
-30.1361
-29.766
-28.2287
-19.3133
-18.9656
-21.1168
-20.7664
-22.2316
-21.8784
-20.416
-20.0657
-22.938
-22.5848
-24.422
-25.5607
-24.0658
-23.7096
-25.2013
-24.8419
-23.3534
-26.7074
-27.8624
-26.3447
-25.9819
-24.4825
-21.5252
-21.172
-22.9972
-24.1232
-22.641
-22.2848
-23.7638
-23.4044
-21.9286
-25.6191
-25.2563
-26.7634
-26.397
-24.8936
-24.5308
-23.045
-27.496
-27.1297
-29.3959
-29.0258
-30.5719
-30.1979
-28.6557
-28.2856
-29.8238
-29.4498
-27.9155
-31.757
-31.3789
-32.9514
-32.5689
-31.0007
-30.6225
-29.0758
-26.0307
-25.6643
-24.168
-27.5454
-28.7017
-27.1753
-26.8052
-25.298
-31.32
-30.946
-33.2697
-32.8916
-34.4814
-34.0989
-32.5134
-32.1352
-35.2464
-34.8639
-37.2513
-36.8643
-38.5025
-38.1108
-36.4773
-36.0903
-37.7191
-37.3274
-35.7033
-39.765
-39.3685
-41.0393
-40.6376
-38.9719
-38.5753
-36.9357
-33.7164
-33.3339
-35.3163
-36.544
-34.9293
-34.5423
-36.1523
-35.7606
-34.1553
-38.1787
-37.7821
-39.4326
-39.031
-37.3855
-36.989
-35.3689
-40.236
-39.8343
-42.3253
-41.9184
-43.6234
-43.2111
-41.5115
-41.1046
-42.7987
-42.3863
-40.6977
-44.9338
-44.5158
-46.2567
-45.8328
-44.0978
-43.6798
-41.974
-38.6293
-38.2277
-36.5924
-40.2907
-41.5616
-39.8838
-39.4769
-37.826
-28.3277
-27.9536
-26.4351
-30.2443
-29.8661
-31.4214
-31.0389
-29.488
-29.1098
-27.5796
-32.1864
-31.8039
-33.7683
-34.9772
-33.3813
-32.9943
-34.5855
-34.1938
-32.6073
-36.1958
-37.4243
-35.7992
-35.4026
-33.802
-30.6564
-30.2739
-28.7316
-32.2202
-33.4103
-31.8332
-31.4462
-29.8914
-16.5313
-16.1836
-14.7638
-18.3138
-17.9634
-19.406
-19.0528
-17.613
-17.2626
-15.8358
-20.1124
-19.7592
-21.5724
-22.6856
-21.2162
-20.86
-22.3262
-21.9668
-20.5038
-23.8052
-24.9316
-23.4425
-23.0797
-21.6074
-18.6996
-18.3464
-16.9123
-20.1476
-21.248
-19.7914
-19.4352
-17.9933
-20.8886
-20.5292
-19.079
-22.7169
-22.3541
-23.8326
-23.4663
-21.9914
-21.6286
-20.1698
-24.5653
-24.1989
-26.065
-27.2055
-25.6949
-25.3248
-26.8315
-26.4574
-24.9547
-28.3534
-29.5089
-27.9752
-27.5971
-26.0834
-23.0999
-22.7336
-21.2658
-24.5846
-25.7093
-24.2145
-23.8444
-22.3672
1.83702
3.52529
3.5115
1.82339
5.21575
6.90986
6.89572
5.20179
5.18733
6.88093
6.86541
5.17228
1.80955
3.49735
3.48277
1.79541
8.6091
10.3149
10.3004
8.59477
8.57964
10.2849
10.2684
8.56362
8.54663
10.2507
10.2319
8.52857
11.9221
13.6419
13.6182
11.8995
8.50935
10.2117
10.1902
8.48889
1.78089
3.46764
3.4519
1.76589
5.15654
6.84905
6.83177
5.14003
5.12267
6.81349
6.7941
5.10435
1.75032
3.43543
3.41817
1.7341
0.14531
0.131818
-1.56444
-1.55118
0.118238
0.104479
-1.59105
-1.57771
-3.27532
-3.28812
-4.98806
-4.97594
-3.24961
-3.26251
-4.96372
-4.95132
0.0904513
0.0760654
-1.61837
-1.60458
0.0612314
0.0458595
-1.64711
-1.63252
-3.32739
-3.34108
-5.03737
-5.02474
-3.30101
-3.31407
-5.01237
-5.00017
-6.70341
-6.71461
-8.42212
-8.41207
-6.72588
-6.73733
-8.4423
-8.43217
-10.1449
-10.1536
-11.8726
-11.8655
-10.1275
-10.1363
-11.8584
-11.851
-6.65765
-6.66942
-8.38094
-8.36994
-6.68091
-6.69221
-8.40191
-8.39156
-10.1092
-10.1185
-11.8433
-11.8353
-10.0895
-10.0996
-11.8268
-11.8178
-7.17414
-8.88926
-9.94177
-8.22124
-10.6122
-12.3444
-13.4106
-11.6711
-12.7341
-14.4815
-15.5574
-13.8015
-9.27131
-10.9978
-12.0576
-10.3245
-11.3812
-13.1214
-14.1894
-12.4414
-14.8734
-16.6384
-17.7248
-15.9501
-17.0318
-18.8168
-19.9145
-18.1187
-13.5054
-15.2618
-16.3388
-14.5735
15.3726
17.1157
17.0897
15.3478
15.3209
17.0616
17.0314
15.2921
18.8161
20.5859
20.5528
18.7844
18.7504
20.5171
20.4788
18.7138
15.2612
16.9989
16.964
15.2281
22.3724
24.1772
24.1411
22.3378
26.0016
27.8471
27.808
25.964
25.9234
27.7658
27.7204
25.8798
22.3005
24.1022
24.0603
22.2604
22.2175
24.0154
23.9675
22.1716
25.833
27.6717
27.6195
25.783
25.7296
27.5639
27.5047
25.6727
22.1226
23.9163
23.8618
22.0705
15.1927
16.9268
16.887
15.1549
18.6746
20.4377
20.3938
18.6328
18.5882
20.3471
20.2973
18.5408
15.1147
16.8446
16.7995
15.0719
1.71712
3.40001
3.38087
1.69932
5.08499
6.77353
6.75168
5.0645
5.04279
6.72847
6.7038
5.01977
1.68059
3.36065
3.33927
1.66084
8.4671
10.1672
10.1426
8.44388
11.8752
13.5926
13.5652
11.8492
11.8214
13.5359
13.5045
11.7917
8.41915
10.1163
10.0883
8.39281
8.36478
10.0584
10.0266
8.33496
11.76
13.4709
13.4352
11.7262
11.6903
13.3971
13.3566
11.6521
8.30327
9.99283
9.95691
8.26961
1.63998
3.31664
3.29267
1.61793
4.99535
6.67757
6.64972
4.96944
4.94195
6.62013
6.58873
4.91279
1.59459
3.26726
3.24033
1.56988
0.0298619
0.0131489
-1.678
-1.66224
-0.00437152
-0.0227891
-1.71174
-1.69446
-3.38514
-3.40113
-5.09232
-5.07774
-3.3552
-3.36986
-5.06378
-5.05035
-0.0421937
-0.062675
-1.74906
-1.72991
-0.084323
-0.107227
-1.79069
-1.76929
-3.4543
-3.47405
-5.15866
-5.14069
-3.41793
-3.43563
-5.1237
-5.10761
-6.80027
-6.81463
-8.50976
-8.49727
-6.82979
-6.84584
-8.53695
-8.52296
-10.2215
-10.2333
-11.9363
-11.9268
-10.1999
-10.2104
-11.9179
-11.9096
-6.74904
-6.7611
-8.46315
-8.45259
-6.77359
-6.78662
-8.48539
-8.47405
-10.1804
-10.19
-11.9017
-11.8941
-10.1624
-10.1713
-11.8868
-11.8797
-13.6059
-13.6111
-15.3455
-15.3423
-13.6164
-13.6219
-15.3519
-15.3487
-17.0922
-17.0931
-18.8468
-18.8484
-17.0903
-17.0913
-18.8499
-18.8512
-13.6276
-13.6337
-15.359
-15.3553
-13.6402
-13.6472
-15.3674
-15.3629
-17.0965
-17.0982
-18.8409
-18.8421
-17.094
-17.0951
-18.8435
-18.8451
-20.6099
-20.6055
-22.3824
-22.3897
-20.6012
-20.597
-22.3677
-22.375
-24.1649
-24.1543
-25.9583
-25.9723
-24.1859
-24.1755
-25.9862
-25.9999
-20.6264
-20.6226
-22.4107
-22.4171
-20.6185
-20.6143
-22.397
-22.404
-24.2061
-24.1962
-26.0132
-26.0262
-24.2248
-24.2157
-26.0387
-26.0507
-13.556
-13.5638
-15.312
-15.3055
-13.571
-13.5777
-15.323
-15.3178
-17.077
-17.0805
-18.8517
-18.8499
-17.0676
-17.0727
-18.8473
-18.8438
-13.5839
-13.5897
-15.3318
-15.3276
-13.5953
-13.6006
-15.339
-15.3355
-17.0876
-17.0891
-18.8523
-18.8529
-17.0834
-17.0858
-18.8531
-18.8527
-20.6368
-20.6351
-22.433
-22.4369
-20.6327
-20.6298
-22.423
-22.4283
-24.2412
-24.2333
-26.062
-26.0726
-24.2546
-24.2483
-26.0823
-26.0911
-20.6353
-20.6371
-22.4434
-22.4435
-20.6379
-20.6377
-22.4401
-22.4422
-24.2643
-24.26
-26.0988
-26.1055
-24.2696
-24.2676
-26.111
-26.1152
-14.0871
-15.8416
-16.9254
-15.1616
-17.6094
-19.3917
-20.4968
-18.7033
-19.8038
-21.6091
-22.7286
-20.911
-16.2414
-18.015
-19.1108
-17.3267
-21.1898
-23.0052
-24.1357
-22.3072
-24.8392
-26.6931
-27.8526
-25.9837
-27.137
-29.0216
-30.2002
-28.2994
-23.4321
-25.2743
-26.4215
-24.565
-25.7059
-27.5773
-28.742
-26.8552
-29.4711
-31.3886
-32.5871
-30.6522
-31.843
-33.7959
-35.0152
-33.0438
-28.0129
-29.9158
-31.0989
-29.1794
-18.4178
-20.2129
-21.3216
-19.5148
-22.0251
-23.8556
-24.9904
-23.1463
-24.2748
-26.1331
-27.2839
-25.4109
-20.618
-22.4369
-23.5593
-21.7276
-22.8438
-24.6888
-25.8257
-23.9667
-26.5548
-28.443
-29.6108
-27.7066
-28.8667
-30.7873
-31.9727
-30.0351
-25.0967
-26.9702
-28.1226
-26.2338
-30.3548
-32.2916
-33.494
-31.5394
-34.2546
-36.2452
-37.4861
-35.4758
-36.7075
-38.7382
-40.0016
-37.95
-32.7334
-34.7063
-35.9288
-33.9369
-35.1502
-37.1617
-38.4052
-36.3735
-39.2034
-41.2765
-42.5632
-40.468
-41.744
-43.8619
-45.1728
-43.0316
-37.607
-39.6595
-40.9248
-38.8509
-27.3784
-29.2829
-30.4515
-28.5307
-31.2121
-33.1674
-34.3715
-32.398
-33.5929
-35.5852
-36.8088
-34.797
-29.6908
-31.6285
-32.8142
-30.859
-15.6458
-17.4206
-18.5075
-16.7225
-19.211
-21.0183
-22.1282
-20.3089
-21.4127
-23.2446
-24.3676
-22.5224
-17.8039
-19.5995
-20.6971
-18.8902
-19.9816
-21.8003
-22.9094
-21.0782
-23.6385
-25.4974
-26.6343
-24.761
-25.8902
-27.7785
-28.9302
-27.0264
-22.1804
-24.0246
-25.1462
-23.2883
