FiniteElementSpace
FiniteElementCollection: H1_3D_P1
VDim: 3
Ordering: 1

0 0 0
0.0176729 0.00870909 0.0386651
0.0145614 -0.000764374 0.145603
-0.0204156 -0.0113709 0.275179
-0.0843158 -0.0227739 0.391029
0 0 0
0.0176729 -0.00870909 0.038665
0.0145614 0.000764343 0.145603
-0.0204156 0.0113709 0.275179
-0.0843157 0.0227739 0.391029
0 0 0
-0.0488997 -0.0195157 0.0457452
-0.103859 -0.0126853 0.151577
-0.147663 -0.00612805 0.284371
-0.176313 0.000596916 0.407794
0 0 0
-0.0488997 0.0195157 0.0457452
-0.103859 0.0126853 0.151577
-0.147663 0.00612813 0.284371
-0.176314 -0.000596805 0.407794
0.00828594 0.00972302 0.00869673
0.0178781 1.01898e-09 0.0456887
0.00828593 -0.00972304 0.00869671
0 0 0
-0.0195679 -0.0190674 0.0154543
-0.0493485 1.09032e-08 0.0538445
-0.0195679 0.0190674 0.0154543
0 0 0
0 0 0
-0.015093 -0.00520024 0.0402887
-0.015093 0.00520024 0.0402887
0 0 0
0.0201701 0.00424858 0.0866659
0.0158199 -1.48174e-08 0.148953
0.0201701 -0.0042486 0.0866659
-0.0775305 -0.0162867 0.093031
-0.105171 1.82141e-08 0.154678
-0.0775305 0.0162868 0.093031
-0.0442975 -0.00653613 0.147741
-0.0442975 0.00653615 0.147741
0.000908501 -0.00596657 0.21004
-0.018302 2.54829e-08 0.274065
0.000908486 0.00596655 0.21004
-0.127339 -0.00928093 0.216852
-0.14833 3.49525e-08 0.28286
-0.127339 0.00928097 0.216852
-0.0835069 -0.00863825 0.28027
-0.0835069 0.00863827 0.28027
-0.049012 -0.0170189 0.33683
-0.0819089 1.83899e-08 0.3845
-0.049012 0.017019 0.33683
-0.164329 -0.00296697 0.349648
-0.176827 5.75641e-08 0.402039
-0.164329 0.00296699 0.349648
-0.129922 -0.0108965 0.401291
-0.129922 0.0108966 0.40129
0.00789337 -1.1968e-08 0.0152767
-0.00487951 -0.00397891 0.00920471
-0.015132 -5.62127e-09 0.0473283
-0.0048795 0.0039789 0.00920469
0 0 0
-0.0187448 8.55516e-09 0.0223332
0.0210032 -1.36044e-08 0.0920438
-0.0283448 -0.00580831 0.0883904
-0.0443205 9.37197e-09 0.150911
-0.0283448 0.00580831 0.0883904
-0.0788195 1.60018e-08 0.0987369
0.0025933 -1.1225e-08 0.211225
-0.0627646 -0.00748279 0.213257
-0.0827707 4.75533e-09 0.278942
-0.0627646 0.00748282 0.213257
-0.128341 2.08029e-08 0.217551
-0.0465843 2.03418e-08 0.333175
-0.10614 -0.00987114 0.344427
-0.128976 2.57003e-08 0.395217
-0.10614 0.00987116 0.344427
-0.164809 8.01949e-09 0.346013
-0.00464228 -4.8184e-09 0.0159496
-0.0285566 -1.00302e-08 0.0937263
-0.0624148 1.28194e-08 0.214182
-0.105156 1.81638e-08 0.340779
