FiniteElementSpace
FiniteElementCollection: H1_3D_P1
VDim: 3
Ordering: 1

-0.0843158 -0.0227739 0.391029
-0.169705 -0.0315723 0.458314
-0.256741 -0.0265065 0.425637
-0.323033 -0.013664 0.292203
-0.368353 -0.00672234 0.102479
-0.0843157 0.0227739 0.391029
-0.169705 0.0315722 0.458314
-0.25674 0.0265065 0.425637
-0.323033 0.0136638 0.292204
-0.368353 0.00672227 0.102479
-0.176313 0.000596916 0.407794
-0.180632 0.00888589 0.477784
-0.164682 0.0101472 0.434501
-0.161735 0.00454274 0.286301
-0.171946 0.00315111 0.084901
-0.176314 -0.000596805 0.407794
-0.180631 -0.00888574 0.477784
-0.164682 -0.0101469 0.434501
-0.161735 -0.00454292 0.286301
-0.171945 -0.00315173 0.0849015
-0.0819089 1.83899e-08 0.3845
-0.176827 5.75641e-08 0.402039
-0.129922 -0.0108965 0.401291
-0.129922 0.0108966 0.40129
-0.125233 -0.0280629 0.433428
-0.169419 -5.32203e-08 0.446223
-0.125233 0.0280628 0.433428
-0.182119 0.00475031 0.452969
-0.181566 6.55335e-08 0.468287
-0.182119 -0.00475011 0.452969
-0.175562 -0.0108376 0.471031
-0.175562 0.0108376 0.471031
-0.214645 -0.0313774 0.458011
-0.259845 2.95429e-08 0.415022
-0.214645 0.0313774 0.458011
-0.173094 0.0112408 0.473622
-0.165515 1.14413e-07 0.425452
-0.173094 -0.0112406 0.473622
-0.211912 -0.00736822 0.432927
-0.211912 0.00736822 0.432927
-0.293473 -0.019396 0.364674
-0.325648 -1.13821e-07 0.288004
-0.293473 0.0193959 0.364673
-0.161176 0.00680858 0.366132
-0.162302 -5.2407e-08 0.281827
-0.161176 -0.00680862 0.366132
-0.243157 -0.00415249 0.291191
-0.243157 0.00415239 0.291191
-0.346728 -0.00914598 0.206806
-0.369927 -2.04944e-08 0.100153
-0.346728 0.0091458 0.206806
-0.164427 0.00365868 0.193765
-0.172435 -2.43261e-07 0.0822961
-0.164427 -0.00365821 0.193766
-0.270598 -0.00157569 0.0946009
-0.270597 0.00157547 0.0946013
-0.128976 2.57003e-08 0.395217
-0.123479 -4.43973e-08 0.423843
-0.15359 -0.0113272 0.445714
-0.175925 -6.68763e-09 0.460679
-0.15359 0.0113272 0.445714
-0.182838 1.1825e-07 0.445151
-0.216305 -9.39671e-09 0.445294
-0.1948 -0.00938273 0.468939
-0.213916 -5.42058e-08 0.423408
-0.1948 0.00938273 0.468939
-0.174076 7.9673e-08 0.463496
-0.296766 -2.29738e-08 0.357671
-0.228345 -0.00561027 0.36777
-0.244732 -1.35763e-07 0.286701
-0.228345 0.00561017 0.36777
-0.161831 -3.80576e-08 0.359479
-0.34863 -1.19852e-07 0.204074
-0.256188 -0.00249321 0.201611
-0.271592 -1.43084e-08 0.0920698
-0.256187 0.00249313 0.201611
-0.164924 2.28808e-07 0.19068
-0.153093 2.15419e-08 0.437247
-0.196167 3.25277e-08 0.458032
-0.230325 -3.71023e-08 0.360938
-0.257354 1.08654e-08 0.198589
