FiniteElementSpace
FiniteElementCollection: H1_3D_P1
VDim: 3
Ordering: 1

0 0 0
-0.00486522 -0.0026611 0.00650381
-0.0159992 -0.00280334 0.0340189
-0.0301814 -0.00294223 0.0683758
-0.0432515 -0.00226599 0.101353
0 0 0
-0.00486522 0.00266112 0.00650384
-0.0159992 0.00280337 0.0340189
-0.0301814 0.00294218 0.0683758
-0.0432514 0.00226596 0.101353
0 0 0
-0.0083355 -0.00190545 0.00954261
-0.0209597 -0.00316081 0.0365369
-0.0360465 -0.0031032 0.0704709
-0.0466127 -0.000869031 0.10209
0 0 0
-0.0083355 0.00190544 0.00954254
-0.0209598 0.00316085 0.0365368
-0.0360465 0.0031032 0.0704709
-0.0466129 0.000869148 0.10209
-0.00138219 -0.00201433 -0.000120266
-0.00465365 1.30346e-08 0.00555768
-0.00138219 0.00201434 -0.000120252
0 0 0
-0.00318932 -0.0017538 0.0028883
-0.00805799 3.85948e-09 0.00880113
-0.00318933 0.00175381 0.00288827
0 0 0
0 0 0
-0.00619091 -0.00234031 0.00747211
-0.00619087 0.00234033 0.0074721
0 0 0
-0.00985416 -0.00272975 0.0188056
-0.0160516 1.32551e-08 0.0339739
-0.00985411 0.00272969 0.0188056
-0.0141665 -0.00250911 0.021547
-0.020734 2.18687e-08 0.0365089
-0.0141665 0.00250907 0.0215471
-0.0182684 -0.00303827 0.0351288
-0.0182684 0.0030382 0.0351288
-0.0229286 -0.00290915 0.050924
-0.0301801 1.61405e-08 0.0685029
-0.0229286 0.0029092 0.0509239
-0.0285267 -0.00338448 0.0532287
-0.0360141 6.60889e-09 0.0706267
-0.0285267 0.00338443 0.0532287
-0.0331408 -0.00310937 0.0695267
-0.0331409 0.00310944 0.0695267
-0.0372141 -0.00278934 0.0854579
-0.0436026 -5.65367e-08 0.101085
-0.037214 0.00278958 0.0854579
-0.0424917 -0.00229587 0.0871873
-0.0468328 2.0741e-08 0.102298
-0.0424918 0.00229594 0.0871874
-0.045395 -0.00169882 0.102111
-0.045395 0.00169889 0.102111
-0.00108135 -1.85065e-08 -0.000877081
-0.00196323 -0.00167828 0.000706307
-0.00591026 -1.52351e-08 0.00666094
-0.00196326 0.00167833 0.000706296
0 0 0
-0.00291832 -2.89746e-09 0.00184898
-0.00985308 -5.22637e-08 0.018382
-0.0116903 -0.00268409 0.0198684
-0.0181749 -2.41115e-08 0.0350658
-0.0116903 0.00268415 0.0198684
-0.0139011 -4.2788e-08 0.0212248
-0.0229479 3.49121e-09 0.0510412
-0.0256253 -0.00320679 0.0520449
-0.0331066 -8.77498e-10 0.0696513
-0.0256253 0.00320683 0.0520449
-0.0283883 -4.612e-09 0.0533284
-0.0372896 5.48871e-08 0.0854423
-0.0400652 -0.00266806 0.0865752
-0.0456941 -1.044e-08 0.102176
-0.0400653 0.00266791 0.0865751
-0.0425906 4.69621e-08 0.0873834
-0.00165372 -1.48756e-09 -0.0001904
-0.0115436 -1.08954e-08 0.0195092
-0.0255552 8.19032e-09 0.0521203
-0.0401384 -3.28113e-08 0.0866845
