FiniteElementSpace
FiniteElementCollection: H1_3D_P1
VDim: 3
Ordering: 1

-0.0432515 -0.00226599 0.101353
-0.0470683 0.00189216 0.120916
-0.0363856 0.00831909 0.0987383
-0.0300559 -0.000645408 0.0818075
-0.0488001 -0.00357864 0.0347506
-0.0432514 0.00226596 0.101353
-0.0470682 -0.00189222 0.120917
-0.0363853 -0.00831896 0.0987386
-0.0300559 0.000645419 0.0818077
-0.0487981 0.00357863 0.0347508
-0.0466127 -0.000869031 0.10209
-0.0437571 0.00168228 0.116363
-0.039263 -0.00385735 0.0930391
-0.0381614 0.00115387 0.0771191
-0.0420998 0.0032752 0.0256652
-0.0466129 0.000869148 0.10209
-0.0437569 -0.00168218 0.116363
-0.0392627 0.00385764 0.0930389
-0.0381608 -0.00115392 0.0771189
-0.0420991 -0.0032755 0.0256662
-0.0436026 -5.65367e-08 0.101085
-0.0468328 2.0741e-08 0.102298
-0.045395 -0.00169882 0.102111
-0.045395 0.00169889 0.102111
-0.0470547 -0.000918325 0.114398
-0.0483588 -5.08428e-08 0.121624
-0.0470546 0.000918248 0.114398
-0.0470948 0.000885048 0.112982
-0.0436487 -8.81983e-09 0.117084
-0.0470947 -0.000884949 0.112982
-0.0462342 0.00189958 0.11909
-0.0462343 -0.00189979 0.11909
-0.0427202 0.0059617 0.115788
-0.0356531 2.10984e-08 0.104265
-0.0427201 -0.00596137 0.115788
-0.039469 -0.000208761 0.108921
-0.0384732 6.98614e-08 0.0966898
-0.0394688 0.000208777 0.108921
-0.0374434 0.00240277 0.0963871
-0.0374429 -0.00240297 0.0963872
-0.0320394 0.00476848 0.0850354
-0.0279626 -9.65185e-08 0.0829714
-0.0320391 -0.00476873 0.0850351
-0.0420841 -0.00407419 0.0826791
-0.038657 2.02485e-07 0.0789166
-0.0420836 0.00407368 0.0826793
-0.0335303 -0.000432332 0.0806733
-0.0335298 0.00043217 0.0806732
-0.035416 -0.00281835 0.0478374
-0.0488185 5.15744e-08 0.0328434
-0.0354153 0.00281798 0.0478374
-0.0353841 0.00400268 0.0394875
-0.0433859 5.56337e-08 0.024359
-0.035383 -0.0040024 0.0394869
-0.0456073 -0.000191652 0.0302406
-0.0456073 0.000191318 0.0302403
-0.0456941 -1.044e-08 0.102176
-0.0479123 -2.27344e-08 0.114112
-0.0477929 -6.99311e-05 0.114159
-0.0469156 -5.67298e-08 0.119962
-0.0477928 6.98279e-05 0.114159
-0.0472893 1.59999e-07 0.113256
-0.0436058 8.51863e-08 0.118956
-0.041598 0.00316498 0.112739
-0.0366683 -1.24642e-07 0.100492
-0.041598 -0.00316503 0.112739
-0.0388869 6.65769e-09 0.110868
-0.0297731 -2.04214e-07 0.0898325
-0.0360028 -0.000166394 0.0848297
-0.0326748 -1.6174e-07 0.0821246
-0.0360024 0.000166272 0.0848296
-0.0417551 -2.14362e-07 0.0866836
-0.0347098 4.22033e-07 0.0462883
-0.035279 0.000380617 0.04426
-0.0462653 8.05759e-08 0.0287422
-0.0352785 -0.000380209 0.0442596
-0.0365353 3.92426e-09 0.0387925
-0.0483788 9.17962e-09 0.114341
-0.0418159 8.14777e-08 0.115164
-0.0346221 8.96513e-08 0.088783
-0.0354773 -1.212e-07 0.0432996
