FiniteElementSpace
FiniteElementCollection: H1_2D_P2
VDim: 1
Ordering: 0

1.1293963
1.0000005
0.99999986
1.6180323
0.99999986
1.61803
1.1266736
1.2486069
1.2486028
1.1266725
1.2486008
1.2486005
1.1266724
1.1576318
1.1576302
1.1293107
1.1325607
1.1293105
1.1325603
1.1325598
1.1293098
1.1325589
1.1325589
1.1293098
1.1325596
1.1293104
1.103182
1.1077981
1.1031817
1.1969812
1.4233848
1.4233827
1.1969799
1.1031795
1.1077968
1.1031786
1.1969782
1.4233805
1.4233805
1.1969781
1.1031784
1.1077967
1.1031795
1.1303324
1.1303318
1.130331
1.1303317
1.126006
1.1260058
1.2987417
1.1260047
1.1260039
1.2987387
1.1260037
1.1260046
1.1293933
1.1294932
1.1294931
1.1293932
1.1316563
1.127368
1.128751
1.1294927
1.1294924
1.1293929
1.1273678
1.1316558
1.1428354
1.1428351
1.1316555
1.127367
1.1287501
1.129492
1.129492
1.1293928
1.1273665
1.1316547
1.1428339
1.1428339
1.1316547
1.1273664
1.12875
1.1294923
1.1294927
1.1293931
1.1273668
1.1316554
1.1313732
1.1090177
1.1209866
1.1155807
1.0454093
1.0787068
1.1090176
1.1313729
1.0454092
1.1155805
1.1714903
1.2209235
1.1565636
1.1759177
1.2448193
1.2448185
1.1759172
1.3330029
1.3582159
1.5186841
1.5186831
1.3582149
1.3329998
1.2209211
1.1313721
1.1090165
1.1209854
1.1565624
1.1714871
1.1155791
1.0454078
1.0787056
1.1090161
1.1313713
1.0454074
1.1155782
1.1714857
1.2209193
1.1565611
1.1759155
1.2448162
1.2448161
1.1759155
1.3329977
1.3582123
1.5186808
1.5186808
1.3582122
1.3329976
1.2209192
1.1313712
1.109016
1.1209853
1.156561
1.1714855
1.1155781
1.0454073
1.0787055
1.1090165
1.131372
1.0454078
1.115579
1.1294259
1.1291836
1.1294255
1.1291834
1.1363989
1.1291828
1.1294251
1.1291823
1.1363977
1.1291823
1.1294254
1.1291827
1.1218706
1.0831786
1.1218705
1.0831786
1.1631869
1.1498635
1.2079091
1.2863866
1.4356792
1.2863847
1.1218695
1.1498628
1.163185
1.0831774
1.1218691
1.083177
1.1631837
1.1498616
1.2079068
1.2863825
1.4356762
1.2863824
1.121869
1.1498615
1.1631835
1.0831769
1.1218694
1.0831774
1.129397
1.1293995
1.1293995
1.1293969
1.1293775
1.1293327
1.1294678
1.1298265
1.1298265
1.1294677
1.1293326
1.1293773
1.1294363
1.1287582
1.1291411
1.1309718
1.1301312
1.1322486
1.1293352
1.1285725
1.1265487
1.1280112
1.1293993
1.1293991
1.1293968
1.1293324
1.1294673
1.1298259
1.1298258
1.1294671
1.1293319
1.1293768
1.128758
1.129436
1.1265486
1.1285723
1.1293349
1.1322481
1.1301308
1.1309712
1.1337619
1.1337618
1.130971
1.1370778
1.1394679
1.1497324
1.1497323
1.1394678
1.1370774
1.1322477
1.1294355
1.1287573
1.1291403
1.1301303
1.1293342
1.1285716
1.1265477
1.1280102
1.1293989
1.1293989
1.1293967
1.1293317
1.1294668
1.1298252
1.1298252
1.1294667
1.1293317
1.1293768
1.128757
1.1294351
1.1265474
1.1285711
1.1293335
1.1322468
1.1301297
1.1309702
1.1337608
1.1337608
1.1309702
1.1370763
1.1394666
1.1497309
1.1497309
1.1394666
1.1370763
1.1322468
1.1294351
1.128757
1.1291402
1.1301297
1.1293335
1.1285711
1.1265474
1.1280101
1.1293991
1.1293992
1.1293969
1.1293319
1.1294671
1.1298257
1.1298258
1.1294672
1.1293323
1.1293772
1.1287572
1.1294354
1.1265476
1.1285715
1.1293341
1.1322475
1.1301302
1.1309709
1.1252697
1.1204908
1.1244852
1.1323571
1.125467
1.1293321
1.1156179
1.1166787
1.1066066
1.1157251
1.0982423
1.0775785
1.0963784
1.1213647
1.0970179
1.1093122
1.072865
1.0653183
1.0210458
1.0535184
1.1204907
1.1252695
1.1066066
1.1166786
1.1156178
1.1293318
1.1254668
1.1323567
1.0775785
1.0982423
1.0210458
1.0653182
1.0728648
1.109312
1.0970178
1.1213646
1.1378989
1.1598061
1.139852
1.1361309
1.1669901
1.2090484
1.2342266
1.1909715
1.208553
1.175723
1.1395667
1.1463476
1.1532769
1.1861173
1.1620573
1.1663985
1.191253
1.1912527
1.1663983
1.2200774
1.225783
1.2710696
1.2710692
1.2257826
1.2200763
1.1861164
1.2527906
1.2650098
1.2899813
1.3090188
1.3775174
1.3900526
1.3215646
1.327791
1.3962667
1.3962662
1.3277905
1.4704784
1.4764604
1.5678995
1.567899
1.4764599
1.4704768
1.3900511
1.2650085
1.2527884
1.2085512
1.3215632
1.3775148
1.3090163
1.2899777
1.2342235
1.1252686
1.1204896
1.124484
1.132356
1.125466
1.1293309
1.1156167
1.1166776
1.1066054
1.1157239
1.1463471
1.139566
1.1620567
1.1757218
1.153276
1.1398509
1.1598046
1.1378972
1.1213633
1.1909693
1.2090448
1.1669877
1.1361282
1.1093102
1.0982411
1.0775774
1.0963771
1.0970165
1.072863
1.065317
1.0210448
1.0535173
1.1204894
1.1252682
1.1066052
1.1166772
1.1156161
1.1293301
1.1254653
1.1323552
1.0775772
1.0982407
1.0210446
1.0653166
1.0728624
1.1093093
1.0970159
1.1213625
1.1378961
1.1598033
1.1398498
1.1361271
1.1669863
1.2090431
1.2342216
1.1909678
1.2085494
1.1757203
1.1395649
1.1463459
1.1532747
1.1861147
1.1620552
1.1663967
1.1912508
1.1912508
1.1663966
1.2200743
1.2257803
1.2710666
1.2710665
1.2257802
1.2200743
1.1861147
1.2527864
1.2650062
1.2899756
1.3090142
1.3775127
1.3900487
1.3215607
1.3277877
1.3962634
1.3962634
1.3277877
1.4704746
1.4764572
1.5678967
1.5678967
1.4764572
1.4704746
1.3900486
1.2650061
1.2527862
1.2085493
1.3215607
1.3775126
1.309014
1.2899755
1.2342214
1.1252681
1.1204893
1.1244839
1.1323551
1.1254652
1.12933
1.115616
1.116677
1.1066051
1.1157237
1.1463458
1.1395648
1.1620552
1.1757202
1.1532746
1.1398497
1.1598031
1.137896
1.1213623
1.1909676
1.2090428
1.1669861
1.1361268
1.1093091
1.0982406
1.0775771
1.096377
1.0970157
1.0728622
1.0653165
1.0210445
1.0535172
1.1204895
1.1252685
1.1066053
1.1166775
1.1156166
1.1293308
1.1254658
1.1323559
1.0775773
1.0982411
1.0210448
1.065317
1.072863
1.1093101
1.0970164
1.1213632
1.1293975
1.1293898
1.1296196
1.1293897
1.1291592
1.1300313
1.1299706
1.1279653
1.1293973
1.1293895
1.1296191
1.1293891
1.129159
1.1279651
1.1299702
1.1300308
1.1322374
1.1354279
1.1442777
1.1354276
1.1291584
1.1300305
1.1299696
1.1279643
1.1293971
1.1293889
1.1296185
1.1293889
1.1291582
1.1279641
1.129969
1.1300299
1.1322364
1.1354266
1.1442763
1.1354265
1.1291582
1.1300299
1.1299689
1.127964
1.1293972
1.1293891
1.129619
1.1293894
1.1291583
1.1279642
1.1299695
1.1300304
1.1241962
1.1279457
1.1214858
1.1148697
1.0945379
1.1074127
1.0850808
1.051753
1.1241961
1.1148697
1.1214856
1.1279455
1.0945379
1.0517531
1.0850807
1.1074126
1.1390583
1.1367778
1.1995592
1.1830897
1.1385205
1.1400352
1.1687346
1.1556973
1.1782935
1.2051923
1.2477663
1.2051916
1.2359242
1.2707713
1.3488199
1.2956648
1.3613308
1.4326225
1.5215381
1.4326214
1.2359226
1.2956639
1.3488179
1.2707684
1.1241951
1.1279447
1.1214846
1.1148686
1.1385199
1.155697
1.1687337
1.1400343
1.1390569
1.183088
1.1995563
1.1367757
1.0945368
1.1074115
1.0850792
1.0517521
1.1241949
1.1148683
1.121484
1.127944
1.0945366
1.0517519
1.0850786
1.1074109
1.1390558
1.1367745
1.1995547
1.1830865
1.1385189
1.1400333
1.1687322
1.1556955
1.1782916
1.2051897
1.2477636
1.2051896
1.2359206
1.2707664
1.3488156
1.2956614
1.3613277
1.4326189
1.5215354
1.4326189
1.2359205
1.2956613
1.3488155
1.2707662
1.1241948
1.1279439
1.1214839
1.1148682
1.1385188
1.1556955
1.1687322
1.1400332
1.1390557
1.1830864
1.1995545
1.1367743
1.0945365
1.1074107
1.0850784
1.0517518
1.124195
1.1148685
1.1214845
1.1279446
1.0945367
1.051752
1.0850792
1.1074114
