FiniteElementSpace
FiniteElementCollection: H1_2D_P2
VDim: 1
Ordering: 0

1.1293963
1
1.6180367
1.0000005
1.6180323
1.6180367
1.1266738
1.2486077
1.2486077
1.2486028
1.2486069
1.1266735
1.2486077
1.2486077
1.1576327
1.1576316
1.1576327
1.1293107
1.1325608
1.1325607
1.1325596
1.1325602
1.1293104
1.1325607
1.1325608
1.1077982
1.1031819
1.196982
1.4233875
1.4233874
1.196982
1.103182
1.1031795
1.1969796
1.4233827
1.4233848
1.196981
1.1031817
1.107798
1.103182
1.196982
1.4233874
1.4233875
1.196982
1.1031819
1.1303324
1.1303317
1.1303324
1.126006
1.298744
1.126006
1.1260046
1.2987415
1.1260057
1.1260059
1.298744
1.126006
1.1287513
1.1273681
1.1316564
1.1294932
1.1428361
1.142836
1.1316563
1.1316554
1.1428349
1.1428352
1.1316557
1.1294927
1.1273677
1.1287509
1.1293931
1.129493
1.1294932
1.1293933
1.1273679
1.1316563
1.142836
1.142836
1.1316564
1.1273681
1.1209868
1.1090178
1.1313733
1.0787068
1.045409
1.1155807
1.1714908
1.2209243
1.1565641
1.1759185
1.2448207
1.2448207
1.1759185
1.3330047
1.3582183
1.5186877
1.5186877
1.3582183
1.3330046
1.2209243
1.156564
1.1313732
1.1714908
1.1155807
1.115579
1.1714871
1.2209209
1.1565622
1.131372
1.1759169
1.2448183
1.2448191
1.1759175
1.3329998
1.3582148
1.5186831
1.5186841
1.3582158
1.3330029
1.2209234
1.1313728
1.1090176
1.1209865
1.1565635
1.1714903
1.1155805
1.0454092
1.0787067
1.1090176
1.1313732
1.0454093
1.1155807
1.1714908
1.2209243
1.156564
1.1759185
1.2448207
1.2448207
1.1759185
1.3330046
1.3582183
1.5186877
1.5186877
1.3582183
1.3330047
1.2209243
1.1313733
1.1090178
1.1565641
1.1714908
1.1155807
1.045409
1.1291838
1.1363997
1.1363988
1.1291832
1.1294259
1.1291836
1.1363996
1.1291838
1.1218708
1.0831785
1.1631874
1.1498641
1.2079105
1.2863881
1.4356827
1.2863881
1.149864
1.1631874
1.1631849
1.1498626
1.2079088
1.2863846
1.4356792
1.2863865
1.1218704
1.1498633
1.1631869
1.0831785
1.1218706
1.0831785
1.1631874
1.149864
1.2079104
1.2863881
1.4356827
1.2863881
1.1218708
1.149864
1.1631874
1.0831785
1.1291413
1.1287584
1.1294364
1.1293327
1.1280115
1.1265489
1.1285727
1.1293353
1.1322486
1.1301313
1.1309718
1.1298265
1.1337626
1.1337626
1.1309718
1.1370784
1.1394687
1.1497332
1.1497332
1.1394686
1.1370783
1.1322486
1.1309709
1.1337617
1.1337618
1.1309711
1.1322475
1.1370772
1.1394676
1.1497321
1.1497322
1.1394678
1.1370776
1.132248
1.1293323
1.1294359
1.1287579
1.129141
1.1298258
1.1301307
1.1293348
1.1285722
1.1265485
1.1280111
1.1293969
1.1293994
1.1293995
1.129397
1.1293772
1.1293325
1.1294677
1.1298264
1.1298265
1.1294677
1.1293327
1.1293775
1.1287581
1.1294362
1.1265486
1.1285725
1.1293351
1.1322485
1.1301311
1.1309718
1.1337626
1.1337626
1.1309718
1.1370782
1.1394686
1.1497331
1.1497332
1.1394686
1.1370783
1.1322486
1.1294364
1.1287584
1.1301313
1.1293353
1.1285727
1.1265489
1.1244854
1.1204909
1.1252698
1.1157253
1.1066067
1.1166788
1.115618
1.1293321
1.1254672
1.1323572
1.0963785
1.0775784
1.0982423
1.0535183
1.0210454
1.0653181
1.0728648
1.1093121
1.0970178
1.1213648
1.1378992
1.1598065
1.1398524
1.1361312
1.1669906
1.2090491
1.2342275
1.1909722
1.2085538
1.1757237
1.1395672
1.1463482
1.1532774
1.1861181
1.1620579
1.1663994
1.1912541
1.1912541
1.1663993
1.2200785
1.2257844
1.2710715
1.2710715
1.2257844
1.2200785
1.1861181
1.2527917
1.2650113
1.2899826
1.3090204
1.3775197
1.3900552
1.3215666
1.3277934
1.3962697
1.3962696
1.3277934
1.4704815
1.4764639
1.5679035
1.5679034
1.4764639
1.4704814
1.3900551
1.2650112
1.2527917
1.2085538
1.3215666
1.3775196
1.3090204
1.2899826
1.2342274
1.1463481
1.1395671
1.1323571
1.1620579
1.1757236
1.1532773
1.1398523
1.1293321
1.1598065
1.1378992
1.1213647
1.1909721
1.2090491
1.1669906
1.1361313
1.1093122
1.1213632
1.1378971
1.1598044
1.1398508
1.1093101
1.1361282
1.1669876
1.2090448
1.2342234
1.1909692
1.208551
1.1757216
1.1323559
1.1395658
1.1463469
1.1293308
1.1532758
1.1861161
1.1620564
1.166398
1.1912525
1.1912528
1.1663983
1.2200761
1.2257824
1.271069
1.2710695
1.2257827
1.2200772
1.1861171
1.2527882
1.2650083
1.2899777
1.3090163
1.3775148
1.390051
1.321563
1.3277904
1.3962661
1.3962666
1.3277909
1.4704768
1.4764599
1.567899
1.5678995
1.4764604
1.4704784
1.3900526
1.2650096
1.2527905
1.2085528
1.3215645
1.3775174
1.3090188
1.2899813
1.2342265
1.1252694
1.1204906
1.1244851
1.1323566
1.1254668
1.1293317
1.1156177
1.1166785
1.1066065
1.1157251
1.1463474
1.1395666
1.1620571
1.1757229
1.1532767
1.1398519
1.159806
1.1378988
1.1213645
1.1909714
1.2090484
1.1669901
1.1361309
1.109312
1.0982422
1.0775785
1.0963783
1.0970177
1.0728648
1.0653182
1.0210458
1.0535184
1.1204907
1.1252696
1.1066065
1.1166787
1.1156179
1.129332
1.125467
1.132357
1.0775785
1.0982422
1.0210458
1.0653183
1.072865
1.1093122
1.0970178
1.1213647
1.1378992
1.1598065
1.1398523
1.1361313
1.1669906
1.2090491
1.2342274
1.1909721
1.2085538
1.1757236
1.1395671
1.1463481
1.1532773
1.1861181
1.1620579
1.1663993
1.1912541
1.1912541
1.1663993
1.2200785
1.2257843
1.2710715
1.2710715
1.2257844
1.2200785
1.1861181
1.2527917
1.2650112
1.2899826
1.3090204
1.3775196
1.3900551
1.3215666
1.3277934
1.3962696
1.3962697
1.3277934
1.4704814
1.4764639
1.5679034
1.5679035
1.4764639
1.4704815
1.3900552
1.2650113
1.2527917
1.2085538
1.3215666
1.3775197
1.3090204
1.2899826
1.2342275
1.1252698
1.1204909
1.1323571
1.1254671
1.1293321
1.115618
1.1166788
1.1066067
1.1463482
1.1395672
1.1620579
1.1757237
1.1532774
1.1398524
1.1598065
1.1378992
1.1213648
1.1909722
1.2090491
1.1669906
1.1361312
1.1093121
1.0982423
1.0775784
1.0970178
1.0728648
1.0653181
1.0210454
1.1291594
1.1279655
1.1299707
1.1300314
1.1322381
1.1354285
1.1442785
1.1354284
1.1322373
1.1354274
1.1442775
1.1354277
1.129159
1.1300307
1.1299701
1.127965
1.1293975
1.1293896
1.1296196
1.1293898
1.1291591
1.1279652
1.1299705
1.1300313
1.1322381
1.1354284
1.1442785
1.1354285
1.1291594
1.1300314
1.1299707
1.1279655
1.1241964
1.1148699
1.1214858
1.1279458
1.094538
1.0517528
1.0850807
1.1074127
1.1390586
1.1367781
1.1995598
1.1830904
1.138521
1.1400357
1.1687352
1.155698
1.1782946
1.2051934
1.2477681
1.2051934
1.2359253
1.2707725
1.348822
1.2956667
1.3613337
1.4326255
1.5215421
1.4326255
1.2359253
1.2956667
1.3488219
1.2707725
1.1385209
1.155698
1.1687352
1.1400356
1.1390586
1.1830903
1.1995598
1.1367781
1.1390568
1.1367756
1.1995563
1.1830879
1.1385198
1.1400342
1.1687335
1.1556967
1.1782933
1.2051914
1.2477661
1.2051921
1.2359224
1.2707683
1.3488178
1.2956637
1.3613307
1.4326214
1.5215381
1.4326224
1.2359241
1.2956647
1.3488198
1.2707712
1.124196
1.1279454
1.1214855
1.1148696
1.1385203
1.1556971
1.1687344
1.1400351
1.1390582
1.1830896
1.1995591
1.1367778
1.0945379
1.1074126
1.0850807
1.051753
1.1241961
1.1148697
1.1214857
1.1279457
1.0945379
1.051753
1.0850808
1.1074127
1.1390585
1.1367781
1.1995598
1.1830903
1.1385209
1.1400356
1.1687352
1.155698
1.1782946
1.2051934
1.2477681
1.2051934
1.2359253
1.2707725
1.3488219
1.2956667
1.3613337
1.4326255
1.5215421
1.4326255
1.2359253
1.2956667
1.348822
1.2707725
1.1241964
1.1279458
1.1214858
1.1148699
1.138521
1.155698
1.1687352
1.1400357
1.1390586
1.1830903
1.1995598
1.1367781
1.094538
1.1074127
1.0850807
1.0517528
