FiniteElementSpace
FiniteElementCollection: H1_3D_P1
VDim: 3
Ordering: 1

0 0 0
0.0252609 0.0231992 0.0143886
0.056842 0.115072 0.0137207
0.0759936 0.274426 0.0115469
0.0791038 0.489256 0.00926285
0.0660612 0.747145 0.00697388
0.0384193 1.03618 0.00469521
-0.00114396 1.34509 0.0025024
-0.0487907 1.66379 0.00119482
0 0 0
-0.0248361 0.0208918 -0.0147943
-0.0621633 0.106984 -0.0140187
-0.103554 0.257399 -0.0117219
-0.149616 0.462172 -0.00929818
-0.200411 0.710566 -0.00690147
-0.254723 0.991941 -0.00454779
-0.310365 1.29584 -0.00231132
-0.365263 1.61216 -0.000980655
0 0 0
0.0252609 0.0231992 -0.0143886
0.056842 0.115072 -0.0137207
0.0759936 0.274426 -0.0115469
0.0791038 0.489256 -0.00926285
0.0660612 0.747145 -0.00697388
0.0384193 1.03618 -0.00469521
-0.00114396 1.34509 -0.0025024
-0.0487907 1.66379 -0.00119482
0 0 0
-0.0248361 0.0208918 0.0147943
-0.0621633 0.106984 0.0140187
-0.103554 0.257399 0.0117219
-0.149616 0.462172 0.00929818
-0.200411 0.710566 0.00690147
-0.254723 0.991941 0.00454779
-0.310365 1.29584 0.00231132
-0.365263 1.61216 0.000980655
0.00888323 0.00476665 0.011247
0.000413115 0.0207673 0.000171387
-0.00879383 0.00379084 -0.0117938
0 0 0
0.00888323 0.00476665 -0.011247
0.000413115 0.0207673 -0.000171387
-0.00879383 0.00379084 0.0117938
0 0 0
0 0 0
0.0244 0.0300186 -9.82268e-14
-0.0248022 0.0285992 8.77326e-14
0 0 0
0.0420985 0.0600639 0.0145051
-0.00258143 0.109762 0.000257254
-0.0429605 0.0553931 -0.0148346
0.0420985 0.0600639 -0.0145051
-0.00258143 0.109762 -0.000257254
-0.0429605 0.0553931 0.0148346
0.056224 0.121586 -2.15264e-13
-0.0632435 0.11428 1.55271e-13
0.0683227 0.187029 0.0126681
-0.0136832 0.264821 0.000232563
-0.0823251 0.174732 -0.0129138
0.0683227 0.187029 -0.0126681
-0.0136832 0.264821 -0.000232563
-0.0823251 0.174732 0.0129138
0.0752902 0.27992 -3.40462e-13
-0.105013 0.263357 2.03367e-13
0.0796095 0.375692 0.0104072
-0.0351372 0.474841 0.000190174
-0.125967 0.353661 -0.0105092
0.0796095 0.375692 -0.0104072
-0.0351372 0.474841 -0.000190174
-0.125967 0.353661 0.0105092
0.0783889 0.493669 -4.55365e-13
-0.151094 0.466785 2.25036e-13
0.0745351 0.613576 0.00811788
-0.0670604 0.728205 0.000155389
-0.17447 0.581585 -0.00809511
0.0745351 0.613576 -0.00811788
-0.0670604 0.728205 -0.000155389
-0.17447 0.581585 0.00809511
0.0654723 0.750477 -6.25657e-13
-0.201724 0.713909 2.81654e-13
0.0539205 0.888492 0.00583203
-0.108062 1.01363 0.000130725
-0.227248 0.84779 -0.00571811
0.0539205 0.888492 -0.00583203
-0.108062 1.01363 -0.000130725
-0.227248 0.84779 0.00571811
0.0380587 1.03844 -7.84571e-13
-0.255751 0.994088 3.22117e-13
0.019923 1.18883 0.00357416
-0.1557 1.32023 0.000116121
-0.282535 1.14172 -0.00340116
0.019923 1.18883 -0.00357416
-0.1557 1.32023 -0.000116121
-0.282535 1.14172 0.00340116
-0.00125688 1.34631 -9.03769e-13
-0.311017 1.2969 3.26675e-13
-0.0242768 1.50373 0.00160155
-0.206998 1.63787 0.000114092
-0.337944 1.45303 -0.00139858
-0.0242768 1.50373 -0.00160155
-0.206998 1.63787 -0.000114092
-0.337944 1.45303 0.00139858
-0.0488155 1.66442 -1.0163e-12
-0.365645 1.61268 3.32957e-13
0.000270772 0.00289488 8.63851e-05
0.00812505 0.00975637 -4.6839e-14
1.2855e-05 0.0278056 -8.67269e-15
-0.00833523 0.00934034 4.63423e-14
0 0 0
0.000270772 0.00289488 -8.63851e-05
-0.000312293 0.056425 0.000235173
0.0414283 0.0669463 -1.54784e-13
-0.0034202 0.116573 -3.41415e-14
-0.0435904 0.063177 1.23856e-13
-0.000312293 0.056425 -0.000235173
-0.00692022 0.17969 0.000251109
0.067668 0.193051 -2.77918e-13
-0.0147464 0.270527 -7.29122e-14
-0.0836595 0.181376 1.82038e-13
-0.00692022 0.17969 -0.000251109
-0.0230673 0.363693 0.000210933
0.0788826 0.380646 -3.99211e-13
-0.0362149 0.479351 -1.2229e-13
-0.127465 0.358938 2.18279e-13
-0.0230673 0.363693 -0.000210933
-0.0498475 0.596819 0.000171549
0.0738675 0.617448 -5.32258e-13
-0.0679967 0.731545 -1.74206e-13
-0.175883 0.585554 2.46243e-13
-0.0498475 0.596819 -0.000171549
-0.0865594 0.867599 0.000141774
0.0534364 0.891287 -7.11467e-13
-0.108748 1.01584 -2.3446e-13
-0.228431 0.850525 3.08528e-13
-0.0865594 0.867599 -0.000141774
-0.131233 1.16494 0.000122223
0.0196926 1.19056 -8.46089e-13
-0.156083 1.32139 -2.90673e-13
-0.283385 1.1433 3.2467e-13
-0.131233 1.16494 -0.000122223
-0.181076 1.47824 0.000112313
-0.0243072 1.50452 -9.68211e-13
-0.207203 1.63847 -3.43678e-13
-0.338407 1.45368 3.37655e-13
-0.181076 1.47824 -0.000112313
0.000113003 0.00836893 -2.40076e-15
-0.000952571 0.06358 -1.9391e-14
-0.00790026 0.185979 -5.21708e-14
-0.0241607 0.3688 -9.72917e-14
-0.0508709 0.60074 -1.45956e-13
-0.0873813 0.870369 -2.04612e-13
-0.13177 1.16661 -2.63037e-13
-0.181326 1.47898 -3.17002e-13
