FiniteElementSpace
FiniteElementCollection: H1_3D_P1
VDim: 3
Ordering: 1

0 0 0
-0.000777379 -0.000279003 -0.000279003
-0.00202305 -0.000319648 -0.000319648
-0.00335121 -0.000326938 -0.000326938
-0.00469342 -0.00032797 -0.00032797
-0.00603759 -0.000328096 -0.000328096
-0.00738198 -0.000328104 -0.000328104
-0.00872639 -0.000328105 -0.000328105
-0.0100708 -0.000328093 -0.000328093
0 0 0
-0.000777378 0.000279002 -0.000279002
-0.00202305 0.000319648 -0.000319648
-0.00335121 0.000326938 -0.000326938
-0.00469342 0.00032797 -0.00032797
-0.00603759 0.000328095 -0.000328095
-0.00738198 0.000328104 -0.000328104
-0.00872639 0.000328105 -0.000328105
-0.0100708 0.000328093 -0.000328093
0 0 0
-0.000777378 -0.000279002 0.000279002
-0.00202305 -0.000319648 0.000319648
-0.00335121 -0.000326938 0.000326938
-0.00469342 -0.00032797 0.00032797
-0.00603759 -0.000328095 0.000328095
-0.00738198 -0.000328104 0.000328104
-0.00872639 -0.000328105 0.000328105
-0.0100708 -0.000328093 0.000328093
0 0 0
-0.000777379 0.000279003 0.000279003
-0.00202305 0.000319648 0.000319648
-0.00335121 0.000326938 0.000326938
-0.00469342 0.00032797 0.00032797
-0.00603759 0.000328096 0.000328096
-0.00738198 0.000328104 0.000328104
-0.00872639 0.000328105 0.000328105
-0.0100708 0.000328093 0.000328093
-0.000263698 -0.000212356 -0.000212356
-0.000754428 1.805e-10 -0.000284817
-0.000263698 0.000212356 -0.000212356
0 0 0
-0.000263698 -0.000212356 0.000212356
-0.000754428 -8.04413e-11 0.000284817
-0.000263698 0.000212356 0.000212356
0 0 0
0 0 0
-0.000754428 -0.000284817 1.39051e-10
-0.000754428 0.000284817 -1.21891e-10
0 0 0
-0.00138031 -0.000307136 -0.000307136
-0.00201634 -7.09585e-11 -0.000324316
-0.00138031 0.000307136 -0.000307136
-0.00138031 -0.000307136 0.000307136
-0.00201634 1.62678e-10 0.000324316
-0.00138031 0.000307136 0.000307136
-0.00201634 -0.000324316 -1.24444e-10
-0.00201634 0.000324316 1.09193e-10
-0.00268347 -0.000324891 -0.000324891
-0.00335007 -1.82204e-11 -0.000327741
-0.00268347 0.000324891 -0.000324891
-0.00268347 -0.000324891 0.000324891
-0.00335007 7.69301e-11 0.000327741
-0.00268347 0.000324891 0.000324891
-0.00335007 -0.000327741 -5.25002e-11
-0.00335007 0.000327741 4.26513e-11
-0.0040218 -0.000327697 -0.000327697
-0.00469325 -5.50865e-12 -0.000328068
-0.0040218 0.000327697 -0.000327697
-0.0040218 -0.000327697 0.000327697
-0.00469325 -6.82471e-12 0.000328068
-0.0040218 0.000327697 0.000327697
-0.00469325 -0.000328068 1.97353e-12
-0.00469325 0.000328068 6.58753e-13
-0.00536544 -0.000328065 -0.000328065
-0.00603757 5.02328e-11 -0.000328106
-0.00536544 0.000328065 -0.000328065
-0.00536544 -0.000328065 0.000328065
-0.00603757 -1.25415e-10 0.000328106
-0.00536544 0.000328065 0.000328065
-0.00603757 -0.000328105 9.31357e-11
-0.00603757 0.000328106 -8.25101e-11
-0.00670978 -0.000328103 -0.000328103
-0.00738201 -7.86438e-11 -0.000328108
-0.00670978 0.000328103 -0.000328103
-0.00670978 -0.000328103 0.000328103
-0.00738201 2.60514e-11 0.000328108
-0.00670978 0.000328103 0.000328103
-0.00738201 -0.000328108 -4.73855e-11
-0.00738201 0.000328109 5.73115e-11
-0.00805419 -0.000328104 -0.000328104
-0.00872643 -8.75307e-11 -0.0003281
-0.00805419 0.000328104 -0.000328104
-0.00805419 -0.000328104 0.000328104
-0.00872643 8.8887e-11 0.0003281
-0.00805419 0.000328104 0.000328104
-0.00872643 -0.0003281 -8.70935e-11
-0.00872643 0.0003281 8.93262e-11
-0.00939859 -0.000328104 -0.000328104
-0.0100708 1.76174e-10 -0.000328105
-0.00939859 0.000328104 -0.000328104
-0.00939859 -0.000328104 0.000328104
-0.0100708 -1.68778e-10 0.000328105
-0.00939859 0.000328104 0.000328104
-0.0100708 -0.000328105 1.71504e-10
-0.0100708 0.000328105 -1.73447e-10
-0.000243274 -1.58628e-10 -0.000196614
-0.000243274 -0.000196614 -7.55688e-11
-0.00072938 6.08436e-11 1.1049e-11
-0.000243274 0.000196614 1.4543e-10
0 0 0
-0.000243274 6.23701e-11 0.000196614
-0.00136628 -4.88848e-11 -0.000315145
-0.00136628 -0.000315145 1.077e-11
-0.00200996 5.69449e-11 -9.4484e-12
-0.00136628 0.000315145 1.87671e-11
-0.00136628 -4.08883e-11 0.000315145
-0.00268062 7.79847e-11 -0.000326961
-0.00268062 -0.000326961 1.27643e-10
-0.00334932 3.64724e-11 -6.11369e-12
-0.00268062 0.000326961 -1.10568e-10
-0.00268062 -1.60227e-10 0.000326961
-0.00402134 -7.90341e-13 -0.000327985
-0.00402134 -0.000327985 7.08091e-12
-0.0046932 -7.64957e-12 1.63396e-12
-0.00402134 0.000327985 -2.65917e-12
-0.00402134 -1.05315e-11 0.000327985
-0.00536538 -1.31247e-11 -0.000328096
-0.00536538 -0.000328096 -3.79717e-11
-0.00603756 -4.67393e-11 6.5951e-12
-0.00536538 0.000328096 2.85462e-11
-0.00536538 5.33918e-11 0.000328096
-0.00670979 -4.22341e-11 -0.000328109
-0.00670979 -0.000328109 -7.63267e-11
-0.00738198 -3.2658e-11 6.16203e-12
-0.00670979 0.000328109 6.30386e-11
-0.00670979 9.71296e-11 0.000328109
-0.00805422 1.72844e-10 -0.000328106
-0.00805422 -0.000328106 1.49696e-10
-0.00872639 8.78653e-13 1.38487e-12
-0.00805422 0.000328106 -1.55902e-10
-0.00805422 -1.32757e-10 0.000328106
-0.00939865 -1.08052e-10 -0.000328096
-0.00939865 -0.000328096 -1.01408e-10
-0.0100708 4.47069e-12 -1.18379e-12
-0.00939865 0.000328096 1.0256e-10
-0.00939865 9.59145e-11 0.000328096
-0.000221709 -6.24483e-11 4.45458e-11
-0.00135165 -5.57665e-11 1.84165e-11
-0.00267828 -5.10852e-11 1.061e-11
-0.00402114 -7.00873e-12 2.74672e-12
-0.00536536 2.49903e-11 -5.85761e-12
-0.00670977 3.40588e-11 -8.2562e-12
-0.00805419 2.49185e-11 -3.85317e-12
-0.00939858 -7.5574e-12 7.16443e-13
