FiniteElementSpace
FiniteElementCollection: H1_2D_P2
VDim: 1
Ordering: 0

1
23
0.770649
22.4454
-21.0181
-20.7816
-12.0197
-37.2147
14.2671
1.53159
39.0195
11.625
22.821
11.239
0.908301
-9.73219
-20.9237
-9.6662
-28.761
-23.7809
-5.45552
-5.12638
7.71981
7.58841
25.7988
30.7461
11.4927
-9.69966
-16.5188
1.1684
18.5575
6.26563
11.5711
6.15435
0.957024
-4.36152
-9.68592
-4.29025
-13.0481
-10.8827
-2.22097
-2.12885
4.35597
4.28857
12.9674
15.0583
17.1719
22.9322
17.017
22.6607
16.7031
11.3839
5.95947
0.848096
-4.45531
-9.71317
-15.1457
-20.8558
-15.1918
-20.9797
-15.2136
-24.8075
-22.4497
-32.8922
-30.2459
-20.0919
-17.7341
-8.71723
-8.53796
-1.98785
-1.77362
4.5876
4.44753
10.9418
10.9108
19.8687
22.1339
32.1512
34.8112
24.4525
26.8128
6.21757
-4.32594
-7.56086
1.07203
9.5972
17.1114
16.8828
6.07024
-4.40272
-15.1689
-15.2086
-18.7684
-26.271
-14.2692
-5.32766
1.31348
7.64212
16.3874
28.2439
20.7655
3.62696
6.24313
3.58153
0.978871
8.92774
11.6008
8.87686
11.5353
8.80612
6.18822
3.52566
0.93374
-1.68019
-4.30847
-1.63977
-1.72343
-4.34338
-7.01669
-9.69318
-6.99095
-9.67716
-6.96215
-5.92
-4.87785
-0.609637
-11.3469
-10.2807
-14.7715
-13.6693
-9.21451
-8.14832
-3.8357
-0.572631
2.67749
2.64358
-3.7878
-0.529517
-0.47725
2.75742
2.71443
5.96573
5.93637
6.92969
7.92729
10.2574
11.2768
15.7302
16.7989
12.3028
13.3341
14.3691
17.1455
14.3121
20.0449
22.9712
19.9809
22.8824
19.8782
17.0688
14.2257
16.9552
14.1043
11.4424
22.7473
19.731
22.5603
19.5336
16.799
13.9421
11.3163
6.11527
3.45359
0.879995
8.70977
8.58205
6.01854
3.35957
0.811887
-1.77522
-4.38106
-1.84132
-4.42723
-7.08203
-9.72163
-7.04514
-9.70608
-12.4175
-15.1808
-12.4211
-12.4165
-15.157
-17.9305
-20.8191
-17.9781
-20.8909
-18.0224
-12.4216
-15.2129
-12.4131
-15.2013
-20.9536
-18.0578
-21.0015
-18.0783
-16.976
-15.8738
-22.8931
-21.7428
-26.7629
-25.5525
-20.5924
-19.4421
-24.342
-23.1316
-18.2917
-30.8036
-29.521
-35.0287
-33.662
-28.2384
-26.9558
-21.9211
-12.567
-11.4647
-7.08213
-17.1414
-20.7106
-15.991
-14.8407
-10.3625
-7.01552
-3.72766
-10.2693
-6.93052
-6.82411
-3.55848
-3.65224
-0.41279
-0.333082
2.87379
2.80953
-3.44335
-0.235091
-0.115774
3.05092
2.95324
6.14333
6.08382
5.99806
9.26636
9.24609
6.03641
9.31872
9.28956
12.5907
12.584
13.6213
14.6705
17.0327
18.1197
22.7868
23.9546
19.2211
20.3353
25.1376
26.3344
21.461
28.9163
30.1823
35.515
36.8968
31.4646
32.7615
27.5436
17.8753
18.9578
22.5966
28.7636
23.7408
24.892
3.60519
8.90442
8.84433
3.55526
-1.65998
-1.7011
-7.00384
-6.97729
-3.25561
-8.61353
-11.9654
-6.50819
1.03449
-2.1795
1.11565
4.32077
5.27591
8.5897
14.0093
10.6095
14.3439
20.0174
19.9347
14.2729
14.1697
19.8105
19.6389
14.0287
3.49201
8.7615
8.65019
3.40968
-1.74789
-1.80612
-7.06217
-7.03022
-12.4194
-12.4163
-17.9544
-18.001
-12.4188
-12.4221
-18.0416
-18.0703
-14.1308
-19.8932
-23.6286
-17.6436
-21.2708
-27.516
-31.5691
-25.026
-9.79994
-15.394
-18.913
-13.1444
-5.39924
-8.63832
-5.23772
-2.06598
1.23333
-1.89141
1.41188
4.50998
7.61379
4.39721
7.67645
10.9248
11.9341
15.3203
20.9939
17.467
23.2872
27.0135
33.4729
29.4886
16.113
19.6575
25.6281
21.8802
2.31275
3.61626
2.29131
0.98948
4.9441
6.25472
4.92198
6.23078
4.89738
3.59364
2.26857
0.968083
7.59302
8.91656
7.57013
10.2712
11.6135
10.2475
11.5867
10.2189
8.89122
7.54358
8.86126
7.51265
6.20341
11.554
10.1847
11.5149
10.1443
8.82598
7.47662
6.17189
3.56877
2.2438
0.945607
4.86958
4.83785
3.54092
2.21629
0.921335
-0.340022
-1.64992
-0.319216
-0.361183
-1.67004
-3.00133
-4.31725
-2.98235
-4.29949
-2.963
-0.383415
-1.69051
-0.407436
-1.71204
-3.04101
-4.35232
-3.02064
-4.33462
-5.67067
-6.99744
-5.65537
-5.6863
-7.01023
-8.35403
-9.69647
-8.34423
-9.68969
-8.33402
-5.63966
-6.96995
-5.62285
-6.98426
-9.68177
-8.32267
-9.672
-8.30949
-2.44699
-1.93099
0.195287
-5.10384
-4.58483
-6.73893
-6.21542
-4.06582
-3.54681
-1.41499
-7.78597
-7.26245
-10.5041
-9.97456
-12.1948
-11.6578
-9.44503
-8.91551
-11.1208
-10.5837
-8.38598
-13.9069
-13.3609
-15.6421
-15.0855
-12.8148
-12.2688
-10.0467
-5.6919
-5.16838
-3.0278
-7.85645
-9.50963
-7.32692
-6.79739
-4.64487
0.212659
1.83869
1.8217
-1.39625
0.230793
0.250072
1.87417
1.85605
3.48222
3.46581
-3.00673
-1.37599
-4.62047
-2.98336
-2.95732
-1.32935
-1.35382
0.270874
0.293582
1.9142
1.89342
-1.30222
0.318574
0.346232
1.96183
1.93687
3.5554
3.53522
3.49901
5.12731
5.11203
3.51655
5.15934
5.14295
6.77535
6.76178
3.95809
4.45092
5.60656
6.10211
8.25941
8.76113
6.59849
7.09552
7.25955
7.75883
8.91849
9.42249
11.6065
12.1206
9.92828
10.4357
12.6366
13.1543
10.9445
14.3414
14.8678
17.135
17.6759
15.3962
15.9265
13.6736
9.26379
9.76722
11.4546
14.1942
11.9657
12.4778
12.9905
14.3573
12.9658
15.7625
17.1596
15.7367
17.1295
15.7037
14.3289
12.935
18.5989
20.0322
18.572
21.5115
22.9868
21.4833
22.953
21.4456
20.0003
18.5367
19.9591
18.4923
17.0912
22.9087
21.3976
22.8532
21.3386
19.9078
18.4381
17.0441
14.2934
12.8976
15.6628
15.6133
14.2504
12.8526
14.1989
12.7995
11.4685
16.9874
15.5545
16.9204
15.4856
14.1383
12.7376
11.4142
19.8458
18.3734
22.7858
21.268
22.7057
21.1849
19.7723
18.2974
19.6866
18.2095
16.8423
22.6122
21.0887
22.5047
20.9786
19.588
18.1089
16.7526
14.0678
12.666
11.3513
15.4059
15.3147
13.9868
12.5841
11.2789
3.50938
2.18533
0.894552
6.13551
4.8015
6.09354
4.75979
3.47344
2.15018
0.86454
8.78465
7.43478
10.0969
10.0418
8.73657
7.38641
8.681
7.33079
6.04527
9.97821
9.90551
8.61723
7.26719
5.98997
3.43237
2.11014
0.830576
4.712
4.65742
3.38545
2.06447
0.791941
-0.433957
-1.73535
-0.463705
-1.76115
-3.08778
-4.39158
-3.06314
-4.37107
-0.497397
-1.79018
-0.535752
-1.82314
-3.14739
-4.44078
-3.11562
-4.41458
-5.7423
-7.05334
-5.7214
-5.7664
-7.0717
-8.40351
-9.72661
-8.38816
-9.71718
-8.37528
-5.70297
-7.02333
-7.03746
-9.7095
-8.36414
-9.70284
-11.0574
-12.4203
-11.0549
-11.0601
-12.4184
-13.7867
-15.1749
-13.7934
-15.1864
-13.7997
-11.0639
-12.4168
-11.0694
-12.4162
-13.7748
-15.1512
-13.7803
-15.1629
-16.5479
-17.9663
-16.5656
-16.5305
-17.9424
-19.3471
-20.8004
-19.3776
-20.8376
-19.4077
-16.5829
-18.012
-16.599
-17.9897
-20.8736
-19.4366
-20.9076
-19.4636
-11.0421
-12.4164
-11.0336
-11.048
-12.4205
-13.808
-15.2112
-13.8086
-15.2138
-13.806
-11.052
-12.4221
-12.4218
-15.1968
-13.8048
-15.2053
-16.6132
-18.0501
-16.6248
-18.0323
-20.9391
-19.488
-20.9672
-19.509
-16.633
-18.0749
-16.6372
-18.0645
-20.9912
-19.526
-21.0105
-19.5382
-13.2689
-12.7319
-16.0912
-15.5451
-17.8684
-17.3118
-14.9991
-14.453
-18.9816
-18.425
-21.9508
-21.3822
-23.8453
-23.2632
-20.8136
-20.245
-22.6811
-22.0989
-19.6764
-25.78
-25.1828
-27.7565
-27.1429
-24.5857
-23.9885
-21.5168
-16.7552
-16.1987
-19.1078
-20.9347
-18.5392
-17.9706
-20.3526
-19.7704
-17.402
-23.3914
-22.7942
-25.3018
-24.6881
-22.1971
-21.5999
-19.1883
-26.5292
-25.9155
-29.7767
-29.145
-31.8421
-31.1908
-28.5132
-27.8815
-30.5396
-29.8883
-27.2498
-33.9544
-33.2821
-36.1154
-35.4206
-32.6098
-31.9375
-29.2371
-24.0745
-23.4608
-21.0028
-26.6181
-28.5858
-25.9864
-25.3546
-22.8471
-8.97258
-8.43555
-6.26787
-11.7227
-11.1766
-13.4158
-12.8592
-10.6306
-10.0845
-7.89851
-14.5289
-13.9723
-16.8334
-18.6062
-16.2648
-15.6962
-18.0241
-17.4419
-15.1276
-20.4056
-22.2334
-19.8085
-19.2113
-16.8598
-12.3026
-11.7461
-9.53849
-14.559
-16.2777
-13.9904
-13.4218
-11.1895
-6.23918
-4.59302
-7.86455
-6.20667
-6.16994
-4.52741
-4.56213
-2.92821
-9.49827
-7.82599
-11.142
-9.45269
-9.40137
-7.73356
-7.78246
-6.12862
-6.08233
-4.44497
-4.48848
-7.67893
-6.03069
-5.97332
-4.34266
-4.39649
-2.77362
-2.81875
-2.89567
-1.27203
-2.85931
-1.20098
-1.23841
0.376935
0.411068
2.0201
1.98945
-1.15935
0.449008
0.491136
2.09206
2.05418
3.65888
3.62884
-2.72351
-1.11315
-4.28311
-2.66807
-2.60691
-1.0055
-1.06199
0.537832
0.589476
2.18074
2.13412
-0.943297
0.646448
0.70913
2.28919
2.23231
3.81699
3.77101
3.69233
5.29466
5.26581
3.72958
5.36298
5.32693
6.92887
6.90177
6.78929
8.42777
8.41646
5.17686
6.80396
6.81976
8.45182
8.43943
10.086
10.0775
3.57748
5.19588
3.60183
5.23998
5.2168
6.83706
6.85624
8.48034
8.46533
6.87768
8.51636
8.49722
10.1271
10.115
10.0948
11.7513
11.7463
10.1043
11.7629
11.7568
13.4253
13.4242
10.5848
11.0945
12.2598
12.7763
14.9967
15.5271
13.2955
13.8173
13.945
14.4692
15.6418
16.1748
18.4411
18.992
16.7114
17.2516
19.5467
20.1051
17.7951
21.3167
21.8877
24.2803
24.8737
22.4627
23.0414
20.6669
16.0605
16.5965
18.3418
21.2319
18.8914
19.4439
21.8001
22.3712
19.999
23.6236
24.2093
26.6772
27.2856
24.7982
25.3901
22.945
25.471
26.0723
27.3436
27.9615
30.5183
31.1629
28.5834
29.2094
31.8117
32.4646
29.8392
33.8162
34.4896
37.2489
37.9534
35.1674
35.8495
33.1214
27.8974
28.5123
25.9848
30.4726
33.782
31.1095
31.7496
29.1302
14.716
15.2388
16.4584
16.9917
19.3105
19.8588
17.5264
18.0622
18.2189
18.7638
20.5565
23.5214
21.1163
21.6781
24.1001
24.681
22.2418
26.5822
29.7508
27.1821
27.7843
25.264
20.4085
20.9595
22.8072
25.8487
23.3742
23.9425
2.30215
4.9333
4.91003
2.28015
7.58199
10.2599
10.2338
7.55736
7.5287
10.2025
10.1653
7.49532
2.25648
4.88392
4.85425
2.23044
-0.329619
-0.350514
-2.99184
-2.97277
-0.372121
-0.395157
-3.03065
-3.0109
-5.66302
-5.6784
-8.34914
-8.33922
-5.63144
-5.64761
-8.32853
-8.31636
-1.1247
-3.77293
-5.39892
-2.73829
-6.44107
-9.13986
-10.8138
-8.08719
-9.74761
-12.5068
-14.2204
-11.424
-4.35677
-7.03452
-8.68141
-5.98185
1.01706
-0.591707
1.05269
2.66035
-2.20119
-3.81309
-2.15551
-0.552028
1.09289
-0.504718
1.1407
2.73498
4.30448
2.69539
4.3378
5.95087
3.13512
4.78185
7.42804
5.77056
6.4324
8.08819
10.7661
9.09277
11.7891
13.4873
16.2635
14.533
8.42725
10.1028
12.8179
11.1169
12.9788
15.7504
15.7211
12.9512
18.5864
21.4985
21.4657
18.5554
18.5156
21.4229
21.3695
18.4665
12.9172
15.6843
15.6392
12.8761
12.8272
15.5851
15.5213
12.7697
18.4071
21.3048
21.228
18.3369
18.255
21.1385
21.0354
18.1608
12.703
15.4471
15.3617
12.6264
2.20129
4.8203
4.78136
2.16832
7.45647
10.1215
10.0703
7.41146
7.35955
10.0111
9.94305
7.30003
2.13082
4.7367
4.6856
2.08805
-0.420338
-0.448383
-3.0751
-3.05181
-0.480013
-0.515947
-3.13097
-3.10125
-5.73149
-5.75391
-8.39548
-8.38146
-5.69446
-5.71192
-8.36954
-8.359
-11.0562
-11.0587
-13.79
-13.7966
-11.0619
-11.0664
-13.7774
-13.7834
-16.5568
-16.5391
-19.3624
-19.3928
-16.5911
-16.5744
-19.4223
-19.4504
-11.0382
-11.0453
-13.8087
-13.8078
-11.0502
-11.0536
-13.8024
-13.8067
-16.6193
-16.6064
-19.4761
-19.4989
-16.6357
-16.6294
-19.518
-19.5327
-11.88
-14.6722
-16.4249
-13.5895
-17.5272
-20.4557
-22.318
-19.3308
-21.1676
-24.2181
-26.1577
-23.0392
-15.3227
-18.206
-20.0172
-17.0812
-18.8669
-21.8603
-23.7368
-20.6814
-24.9472
-28.1385
-30.1623
-26.8935
-28.8797
-32.2307
-34.3453
-30.9075
-22.5263
-25.6485
-27.5971
-24.4035
-7.61522
-10.3413
-12.0159
-9.25858
-13.1181
-15.9564
-17.7166
-14.8316
-16.5662
-19.5025
-21.3159
-18.3236
-10.9136
-13.7068
-15.4159
-12.582
-5.4291
-7.05093
-5.36555
-3.75945
-8.68026
-10.3188
-8.59101
-6.97551
-5.28517
-6.88018
-5.18491
-3.60784
-2.09913
-3.69205
-2.02902
-0.446735
1.19916
-0.375031
1.27131
2.83995
-1.94211
-3.50378
-1.83537
-0.286562
1.36021
-0.178288
1.46888
2.99961
4.47705
2.91142
4.54671
6.11188
7.60092
5.98133
7.6274
9.25605
4.37564
2.78215
4.42105
6.0163
7.65835
6.0588
7.69681
9.3032
10.9177
9.2774
10.9328
12.5872
9.75062
11.4211
14.1445
12.4496
13.1011
14.7919
17.5743
15.8522
18.6687
20.4293
23.3687
21.5621
15.1991
16.9258
19.7767
18.011
20.8968
22.709
25.7344
23.8685
24.5443
26.4041
29.5472
27.6268
30.8215
32.8098
36.2037
34.1401
26.9375
28.8646
32.1113
30.1158
13.8512
15.585
18.4158
16.642
17.3362
19.1064
22.0277
20.2106
23.1677
25.0391
28.1523
26.2194
19.5008
21.3221
24.3156
22.4395
1.65628
2.30747
1.64572
0.994746
2.96957
3.62165
2.95893
3.61078
2.94798
2.29676
1.635
0.984193
4.28506
4.93876
4.27433
5.60422
6.26025
5.59337
6.24902
5.58192
4.92771
4.26313
4.91609
4.25138
3.59948
6.23706
5.56977
6.22429
5.55684
4.9038
4.239
3.58766
2.28578
1.62403
0.973505
2.93663
2.92478
2.27442
1.61271
0.962593
6.9285
7.5876
6.91753
8.25937
8.92227
8.24827
8.91062
8.23627
7.57617
6.90581
9.5983
10.2657
9.58705
10.9467
11.6194
10.9353
11.6073
10.9228
10.2538
9.57476
10.2408
9.56134
8.89796
11.5939
10.9089
11.5791
10.8936
10.2265
9.54669
8.88419
7.56386
6.89325
8.22328
8.20922
7.5506
6.87976
7.53628
6.86524
6.21062
8.86922
8.19398
8.85297
8.17749
7.52083
6.84962
6.19595
10.2109
9.53072
11.5628
10.8769
11.5449
10.8587
10.1938
9.51335
10.1752
9.49448
8.83534
11.5253
10.8388
11.504
10.8171
10.155
9.47403
8.81624
7.50415
6.83279
6.1802
8.15965
8.14037
7.48614
6.81467
6.16328
2.2626
1.60096
0.951366
3.57524
2.91236
3.56211
2.89927
2.25022
1.58869
0.939736
4.89076
4.2259
5.54303
5.52827
4.87687
4.21197
4.86204
4.19714
3.5482
5.51244
5.49548
4.84619
4.18131
3.53341
2.23721
1.5758
0.927611
2.88541
2.87071
2.22347
1.56222
0.914903
0.329998
-0.324421
0.34048
0.319474
-0.334815
-0.999786
-1.65496
-0.989535
-1.64486
-0.979236
0.308817
-0.345251
0.297936
-0.355821
-1.0205
-1.6751
-1.01008
-1.66501
-2.33057
-2.9871
-2.32078
-2.34041
-2.99658
-3.66311
-4.3216
-3.65401
-4.31288
-3.64486
-2.31094
-2.96791
-2.30096
-2.97758
-4.30401
-3.63556
-4.29491
-3.62603
0.286742
-0.366613
0.275145
-0.377718
-1.04211
-1.69576
-1.03115
-1.68532
0.263054
-0.389224
0.250381
-0.401224
-1.06532
-1.71767
-1.05346
-1.70652
-2.37104
-3.0256
-2.36055
-2.38193
-3.03578
-3.70081
-4.35688
-3.69102
-4.34783
-3.68153
-2.35037
-3.00609
-3.01574
-4.33899
-3.67226
-4.33028
-4.99815
-5.6592
-4.98997
-5.00638
-5.66684
-6.33644
-7.00065
-6.3294
-6.99421
-6.3223
-5.01473
-5.67452
-5.02329
-5.68232
-6.35071
-7.01344
-6.34351
-7.00703
-7.67871
-8.34669
-7.67305
-7.68441
-8.35158
-9.02573
-9.69807
-9.02167
-9.69484
-9.01755
-7.66733
-8.33665
-7.66146
-8.34174
-9.69146
-9.01328
-9.68785
-9.00878
-4.96473
-5.6272
-4.95579
-4.97335
-5.63559
-6.30759
-6.97367
-6.29979
-6.96611
-6.29158
-4.98173
-5.64367
-5.65151
-6.98763
-6.31506
-6.98081
-7.65536
-8.32565
-7.64893
-8.33131
-9.6839
-9.00395
-9.67953
-8.9987
-7.64208
-8.313
-7.63473
-8.31958
-9.67466
-8.99294
-9.66918
-8.98658
-0.72187
-0.464502
0.597658
-2.04322
-1.78548
-2.85111
-2.59281
-1.52773
-1.26999
-0.207135
-3.36773
-3.10942
-4.69673
-4.43768
-5.51159
-5.25159
-4.17862
-3.91956
-4.99159
-4.73159
-3.6605
-6.32911
-6.06798
-7.14951
-6.88707
-5.80686
-5.54573
-4.4716
-2.3345
-2.07619
-1.01224
-3.40144
-4.2116
-3.14238
-2.88333
-1.81789
-6.03158
-5.77158
-7.3736
-7.11248
-8.19927
-7.93683
-6.85136
-6.59023
-8.72415
-8.46171
-10.0845
-9.8206
-10.9249
-10.6592
-9.55666
-9.29272
-10.3936
-10.128
-9.02877
-11.7702
-11.5027
-12.6208
-12.3512
-11.2352
-10.9677
-9.86234
-7.67439
-7.41195
-8.76483
-9.5967
-8.50089
-8.23695
-9.33107
-9.06544
-7.973
-10.7002
-10.4327
-11.5425
-11.2729
-10.1651
-9.89764
-8.79981
-12.0816
-11.8121
-13.4768
-13.205
-14.3385
-14.0642
-12.9332
-12.6613
-13.79
-13.5157
-12.3895
-15.206
-14.9291
-16.0797
-15.8
-14.6522
-14.3753
-13.2414
-11.0033
-10.7338
-9.63012
-12.1177
-12.9671
-11.8458
-11.574
-10.4642
-3.9516
-3.6916
-2.62427
-5.28461
-5.02348
-6.09975
-5.83731
-4.76236
-4.50123
-3.43161
-6.62463
-6.36219
-7.70906
-8.53417
-7.44512
-7.18118
-8.26854
-8.00291
-6.91723
-9.36261
-10.1946
-9.0951
-8.82759
-7.73727
-5.57487
-5.31243
-4.24011
-6.65329
-7.47164
-6.38935
-6.12541
-5.04999
0.606201
1.41934
1.41084
-0.198421
0.614841
0.623623
1.43652
1.42788
2.24103
2.23261
-1.00324
-0.189515
-1.80846
-0.993945
-0.984316
-0.17094
-0.180371
0.632596
0.641807
1.45427
1.4453
-0.161176
0.651304
0.661133
1.47296
1.46347
2.27567
2.26677
2.2495
3.06292
3.05464
2.25807
3.07967
3.07125
3.88518
3.87711
-2.61431
-1.79866
-3.42099
-2.60387
-2.59291
-1.77771
-1.78843
-0.974306
-4.22871
-3.4098
-5.03769
-4.21664
-4.20385
-3.3855
-3.39798
-2.58137
-2.56921
-1.75466
-1.76647
-3.3723
-2.55639
-2.54284
-1.72913
-1.74223
-0.929491
-0.941506
-0.963866
-0.15103
-0.952948
-0.129404
-0.140455
0.671344
0.681982
1.49299
1.48279
-0.117828
0.693097
0.704735
1.51473
1.50362
2.31409
2.30396
-0.916856
-0.105681
-1.71531
-0.903554
-0.889537
-0.0794818
-0.0929148
0.716943
0.729771
1.53856
1.52636
-0.0653344
0.743264
0.75747
1.56486
1.55138
2.35934
2.34722
2.32464
3.13482
3.12484
2.33567
3.1561
3.14522
3.95534
3.94558
3.89329
4.70798
4.7002
3.08823
3.9015
3.90985
4.72373
4.71581
5.53151
5.52408
2.2848
3.09698
2.29422
3.11524
3.10597
3.91838
3.92715
4.74004
4.7318
3.9362
4.75729
4.74852
5.56214
5.55425
5.53899
6.35594
6.34893
5.54655
6.37012
6.36298
7.18144
7.17493
2.4782
2.72387
3.30051
3.54652
4.6165
4.86327
3.79263
4.03882
4.12339
4.36986
4.94701
5.19407
6.26739
6.51571
5.44136
5.68885
6.76427
7.01305
5.93651
7.59363
7.84349
8.92721
9.17887
8.0936
8.34394
7.26202
5.11017
5.35715
6.18433
7.51116
6.43228
6.68035
5.77155
6.01933
6.59718
6.8458
7.92367
8.17404
7.09477
7.34405
7.42409
7.67368
8.25244
8.50312
9.58673
9.83965
8.75426
9.00585
10.0931
10.3469
9.25785
10.9306
11.186
12.2854
12.5436
11.4419
11.6983
10.6012
8.42477
8.67583
9.51024
10.8559
9.76301
10.0161
11.111
11.3664
10.2696
11.9552
12.2124
13.3212
13.5814
12.4701
12.7282
11.6222
12.8023
13.0616
13.6527
13.914
15.0339
15.2985
14.1758
14.4381
15.5637
15.8294
14.7009
16.4305
16.6987
17.844
18.1161
16.9675
17.2368
16.0955
13.8419
14.1028
12.9866
14.9641
16.3621
15.2278
15.4918
14.3641
7.76044
8.00986
8.59449
8.84522
9.93539
10.188
9.09612
9.34715
9.43081
9.68299
10.5233
11.8783
10.7774
11.0316
12.1347
12.3914
11.2862
13.2453
14.6257
13.5043
13.7637
12.6483
10.4408
10.6937
11.5409
12.9055
11.7958
12.0509
12.3062
12.9848
12.2946
13.6781
14.3634
13.6663
14.3508
13.6531
12.9725
12.2817
15.0639
15.7566
15.0519
16.4651
17.166
16.4529
17.1528
16.439
15.7438
15.0384
15.7291
15.0231
14.3366
17.1378
16.4232
17.1207
16.4055
15.7127
15.006
14.3207
12.9587
12.2674
13.6383
13.6218
12.9433
12.2515
17.8831
18.5929
17.8707
19.3194
20.0388
19.3069
20.0251
19.2922
18.5794
17.8565
20.7755
21.5053
20.7627
22.2529
22.9937
22.2398
22.9793
22.2244
21.4912
20.7477
21.4748
20.7303
20.0091
22.9624
22.2065
22.9429
22.1861
21.456
20.7106
19.9909
18.5639
17.8402
19.2754
19.2563
18.5463
17.8218
18.5264
17.8011
17.1016
19.9703
19.2349
19.9472
19.211
18.5043
17.7783
17.0803
21.4346
20.6883
22.9208
22.163
22.8959
22.1372
21.4106
20.6635
21.3839
20.636
19.9216
22.8682
22.1085
22.8375
22.077
21.3545
20.6058
19.8933
18.4797
17.753
17.0567
19.1847
19.1557
18.4526
17.7252
17.0308
12.9263
12.2341
14.303
13.6036
14.2834
13.5835
12.9076
12.2149
15.6943
14.987
16.3857
16.3637
15.6738
14.966
15.6513
14.9429
14.2619
16.3395
16.313
15.6265
14.9176
14.2383
12.8871
12.1939
13.5615
13.5374
12.8646
12.1711
12.8402
12.1463
11.4808
14.2126
13.5113
14.1846
13.4829
12.8136
12.1194
11.4557
15.5995
14.8901
17.0025
16.2841
16.9716
16.2527
15.5701
14.8602
15.5382
14.8279
14.1543
16.9381
16.2187
16.9019
16.1821
15.5038
14.793
14.1216
12.7849
12.0904
11.4286
13.4523
13.4192
12.7539
12.0592
11.3993
18.4229
17.695
19.8623
19.124
19.8285
19.0895
18.3906
17.662
21.3221
20.5727
22.8038
22.0425
22.767
22.0048
21.2868
20.5366
21.2484
20.4975
19.7917
22.7269
21.964
22.6836
21.92
21.2069
20.4553
19.752
18.3555
17.6263
19.0521
19.0118
18.3175
17.5878
18.2766
17.5464
16.8629
19.7092
18.9683
19.6632
18.9218
18.2327
17.502
16.821
21.1621
20.4099
22.6369
21.8725
22.5867
21.8217
21.114
20.3612
21.0625
20.3091
19.6139
22.5329
21.7672
22.4755
21.7092
21.0075
20.2535
19.5612
18.1856
17.4545
16.7762
18.872
18.8188
18.1353
17.4037
16.7282
12.7206
12.0256
11.3679
14.0864
13.3837
14.0486
13.3456
12.6848
11.9896
11.3341
15.4667
14.7556
16.1426
16.1003
15.4268
14.7154
15.3842
14.6724
14.0081
16.0551
16.0068
15.3386
14.6265
13.9648
12.6465
11.9511
11.2979
13.3049
13.2614
12.6056
11.91
11.2593
2.2089
1.54784
0.901522
3.51765
2.85507
3.50084
2.83841
2.19343
1.53258
0.887381
4.82923
4.1644
6.1451
5.47728
6.12557
5.45776
4.81106
4.14631
4.7916
4.12696
3.48288
6.1046
5.43683
6.08209
5.41439
4.77076
4.10625
3.46368
2.17696
1.51636
0.872386
2.82062
2.80163
2.1594
1.49907
0.856447
7.46673
6.79518
8.79559
8.11957
8.7733
8.09715
7.44583
6.77422
10.1331
9.45191
10.7937
10.7683
10.1094
9.42802
10.0839
9.40228
8.74926
10.7409
10.7115
10.0563
9.37459
8.72341
7.42333
6.75169
8.07302
8.0471
7.39916
6.72752
7.37321
6.70161
6.05797
8.69563
8.01929
8.66586
7.9895
7.34541
6.67386
6.03213
10.0267
9.34487
10.6798
10.6459
9.99493
9.31303
9.96092
9.27897
8.63398
10.6096
10.5709
9.92458
9.24261
8.59992
7.31566
6.6442
6.0045
7.95764
7.92363
7.28387
6.61253
5.97497
2.14066
1.48062
0.839477
3.44316
2.78134
3.42122
2.75966
2.12065
1.46094
0.821383
4.74844
4.08409
5.39036
5.36465
4.72456
4.06041
4.69902
4.03509
3.39777
5.33717
5.30782
4.67174
4.00806
3.37272
2.09927
1.43993
0.802077
2.7365
2.71177
2.07645
1.41749
0.781469
0.237038
-0.413803
0.222933
-0.427053
-1.09084
-1.74153
-1.07774
-1.72931
0.207975
-0.441064
0.192076
-0.455926
-1.11941
-1.76808
-1.1047
-1.75443
-2.4179
-3.06904
-2.40527
-2.43128
-3.08134
-3.74487
-4.39707
-3.73294
-4.38625
-3.72168
-2.39331
-3.04635
-3.0574
-4.376
-3.711
-4.36624
0.175144
-0.47173
0.157091
-0.488565
-1.15174
-1.79802
-1.13506
-1.78258
0.137826
-0.50652
0.11726
-0.525687
-1.18856
-1.83208
-1.16955
-1.81449
-2.47689
-3.12316
-2.46069
-2.49421
-3.13904
-3.80103
-4.44791
-3.78554
-4.43389
-3.77108
-2.44551
-3.09441
-3.10832
-4.4208
-3.75755
-4.40855
-5.0725
-5.72636
-5.06151
-5.08425
-5.7368
-6.40155
-7.05767
-6.39172
-7.04917
-6.38255
-5.09684
-5.748
-5.11037
-5.76004
-6.42357
-7.07676
-6.41214
-7.06684
-7.73276
-8.39174
-7.72431
-7.74195
-8.3994
-9.06687
-9.72932
-9.06004
-9.72405
-9.05388
-7.71653
-8.37831
-7.70932
-8.38474
-9.71935
-9.04829
-9.71513
-9.04317
-5.03216
-5.69034
-5.04143
-5.69866
-6.36584
-7.02673
-6.35812
-7.01998
-5.05118
-5.70738
-5.71658
-7.04124
-6.37395
-7.03379
-7.7026
-8.3668
-7.69626
-8.37236
-9.7113
-9.03845
-9.70777
-9.03403
-7.69023
-8.3565
-8.36155
-9.70445
-9.02982
-9.70124
-10.3782
-11.0555
-10.376
-10.3805
-11.0568
-11.737
-12.4198
-11.7368
-12.4207
-11.7366
-10.3829
-11.058
-10.3854
-11.0594
-11.7374
-12.418
-11.7371
-12.4189
-13.1027
-13.7917
-13.1048
-13.1006
-13.7884
-14.4761
-15.1719
-14.4807
-15.1779
-14.4853
-13.1069
-13.7982
-13.1088
-13.795
-15.1836
-14.4898
-15.1892
-14.4939
-10.3883
-11.061
-10.3916
-11.0628
-11.7388
-12.4165
-11.738
-12.4171
-10.3953
-11.0651
-10.3997
-11.0678
-11.7416
-12.4163
-11.74
-12.4162
-13.0953
-13.7788
-13.0968
-13.0942
-13.7761
-14.4586
-15.1484
-14.4626
-15.1541
-14.467
-13.0986
-13.785
-13.7818
-15.16
-14.4715
-15.1659
-15.858
-16.5612
-15.8654
-15.8506
-16.5524
-17.2491
-17.9603
-17.2595
-17.9722
-17.2698
-15.8434
-16.5435
-15.8363
-16.5348
-17.2285
-17.9364
-17.2388
-17.9484
-18.6502
-19.37
-18.6638
-18.6366
-19.3547
-20.062
-20.791
-20.079
-20.8098
-20.096
-18.6773
-19.4003
-18.6907
-19.3852
-20.8284
-20.1128
-20.8467
-20.1293
-15.8868
-16.5951
-15.8934
-15.8799
-16.587
-17.2899
-18.0066
-17.2994
-18.0173
-17.3086
-15.8727
-16.5787
-16.57
-17.984
-17.28
-17.9954
-18.7038
-19.4295
-18.7166
-19.4151
-20.8647
-20.1455
-20.8823
-20.1613
-18.7289
-19.4571
-18.7407
-19.4435
-20.8993
-20.1766
-20.9158
-20.1912
-10.3537
-11.036
-10.3485
-10.3582
-11.0402
-11.7289
-12.4177
-11.7257
-12.4148
-11.7218
-10.3622
-11.0438
-10.3656
-11.0467
-11.7333
-12.4211
-11.7314
-12.4197
-13.1129
-13.8088
-13.112
-13.1131
-13.8084
-14.5065
-15.21
-14.5081
-15.2122
-14.5089
-13.1103
-13.807
-13.1078
-13.8083
-15.2135
-14.5089
-15.2138
-14.5078
-10.3686
-11.0491
-10.3713
-11.0511
-11.7356
-12.4221
-11.7346
-12.4219
-10.3737
-11.0528
-11.0543
-12.4215
-11.7362
-12.422
-13.1104
-13.8036
-13.1118
-13.8011
-15.1944
-14.4978
-15.1991
-14.5012
-13.1127
-13.8074
-13.8058
-15.2034
-14.5041
-15.207
-15.9103
-16.6221
-15.9147
-15.9053
-16.6163
-17.3252
-18.0459
-17.3325
-18.054
-17.3391
-15.8996
-16.6098
-16.6027
-18.0275
-17.3172
-18.0371
-18.7519
-19.4821
-18.7625
-19.4699
-20.9315
-20.2051
-20.9464
-20.2183
-18.7722
-19.5041
-18.781
-19.4936
-20.9605
-20.2305
-20.9736
-20.2418
-15.9226
-16.6366
-15.9233
-15.9209
-16.6345
-17.3494
-18.0727
-17.353
-18.0768
-17.3555
-15.9182
-16.6313
-16.6272
-18.0613
-17.3447
-18.0675
-18.7889
-19.5221
-18.7957
-19.5136
-20.9856
-20.2521
-20.9965
-20.2612
-18.8014
-19.5356
-18.8058
-19.5295
-21.0061
-20.269
-21.0144
-20.2755
-11.4561
-11.1905
-12.8403
-12.5727
-13.6991
-13.4295
-12.3052
-12.0377
-14.2383
-13.9687
-15.6515
-15.3796
-16.5327
-16.2584
-15.1078
-14.836
-15.9841
-15.7099
-14.5641
-17.4213
-17.1444
-18.3174
-18.0377
-16.8675
-16.5906
-15.4356
-13.1599
-12.8904
-14.2923
-15.1613
-14.0205
-13.7486
-17.0812
-16.807
-18.5289
-18.252
-19.4363
-19.1566
-17.9751
-17.6982
-19.9958
-19.7161
-21.4832
-21.2005
-22.4208
-22.1348
-20.9178
-20.635
-21.8489
-21.563
-20.3523
-23.368
-23.0787
-24.3252
-24.0323
-22.7894
-22.5001
-21.2771
-18.8769
-18.5972
-20.0696
-20.9911
-19.7869
-19.5041
-20.7052
-20.4193
-19.2214
-22.2108
-21.9215
-23.1537
-22.8608
-21.6322
-21.3429
-20.1334
-23.7394
-23.4465
-25.2925
-24.9958
-26.2701
-25.9696
-24.6992
-24.4026
-25.669
-25.3684
-24.1059
-27.2584
-26.9537
-28.2574
-27.9484
-26.649
-26.3443
-25.0678
-22.5679
-22.275
-21.0536
-23.8093
-24.7673
-23.5127
-23.2161
-21.9822
-14.887
-14.6128
-16.3137
-16.0368
-17.1986
-16.9188
-15.7598
-15.4829
-17.758
-17.4783
-18.9387
-19.8474
-18.6559
-18.3732
-19.5615
-19.2756
-18.0905
-20.7643
-21.6893
-20.475
-20.1857
-18.9897
-16.6391
-16.3594
-17.8078
-18.7038
-17.525
-17.2423
-18.4179
-18.1319
-16.9596
-19.8964
-19.6071
-20.8107
-20.5178
-19.3178
-19.0285
-17.846
-21.3964
-21.1036
-22.9194
-22.6228
-23.8656
-23.565
-22.3262
-22.0296
-23.2644
-22.9639
-21.7329
-24.8208
-24.5161
-25.7852
-25.4762
-24.2114
-23.9067
-22.6633
-20.225
-19.9321
-18.7392
-21.4363
-22.3627
-21.1397
-20.8431
-19.6392
-24.4667
-24.1661
-26.0396
-25.7349
-27.0213
-26.7123
-25.4302
-25.1255
-27.6394
-27.3303
-29.2674
-28.9539
-30.2887
-29.9705
-28.6404
-28.3269
-29.6522
-29.334
-28.0133
-31.3214
-30.9983
-32.3657
-32.0375
-30.6752
-30.352
-29.0158
-26.4033
-26.0943
-27.6998
-28.6976
-27.3863
-27.0727
-28.3793
-28.0611
-26.7592
-30.0289
-29.7058
-31.0529
-30.7248
-29.3827
-29.0596
-27.7429
-31.7093
-31.3811
-33.4218
-33.0884
-34.49
-34.1511
-32.7549
-32.4215
-33.8122
-33.4733
-32.088
-35.5705
-35.226
-36.6634
-36.3131
-34.8814
-34.5369
-33.1345
-30.3966
-30.0684
-28.7365
-31.7546
-32.7956
-31.4212
-31.0877
-29.7402
-22.0621
-21.7616
-20.5464
-23.6019
-23.2972
-24.5491
-24.2401
-22.9925
-22.6878
-21.461
-25.1672
-24.8582
-26.4457
-27.4247
-26.1321
-25.8186
-27.1064
-26.7882
-25.5051
-28.4134
-29.412
-28.0902
-27.7671
-26.47
-23.9311
-23.622
-22.3831
-25.1915
-26.1517
-24.878
-24.5644
-23.313
-7.20601
-6.94038
-5.86147
-8.56008
-8.29257
-9.38586
-9.11629
-8.02506
-7.75755
-6.67475
-9.92502
-9.65544
-11.3022
-11.0303
-12.1443
-11.87
-10.7585
-10.4867
-11.5958
-11.3215
-10.2148
-12.9908
-12.7139
-13.8419
-13.5622
-12.437
-12.1601
-11.0472
-8.84671
-8.57714
-7.49004
-9.94301
-10.7729
-9.67118
-9.39935
-8.30756
-12.6929
-12.4186
-14.0984
-13.8215
-14.9608
-14.6811
-13.5446
-13.2677
-15.5202
-15.2405
-16.6769
-17.5601
-16.3941
-16.1114
-17.2742
-16.9882
-15.8287
-18.4498
-19.3463
-18.1605
-17.8712
-16.7023
-14.4013
-14.1216
-15.546
-16.4164
-15.2632
-14.9805
-16.1305
-15.8446
-14.6978
-17.5819
-17.2926
-18.4677
-18.1749
-17.0033
-16.714
-15.5587
-19.0535
-18.7606
-20.2498
-21.1604
-19.9532
-19.6565
-20.8598
-20.5593
-19.3599
-22.0784
-23.004
-21.7737
-21.469
-20.2587
-17.882
-17.5891
-16.4247
-19.0633
-19.9581
-18.7667
-18.47
-17.2963
-10.4987
-10.2244
-9.12752
-11.8832
-11.6063
-12.723
-12.4433
-11.3294
-11.0525
-9.95014
-13.2825
-13.0027
-14.415
-15.2727
-14.1323
-13.8496
-14.9868
-14.7009
-13.5669
-16.1354
-17.0034
-15.8462
-15.5569
-14.415
-12.1636
-11.8839
-10.7756
-13.2842
-14.1291
-13.0014
-12.7187
-11.6042
-5.84814
-5.02462
-6.66027
-5.83395
-5.81885
-4.996
-5.01074
-4.1903
-7.47429
-6.64484
-8.29042
-7.45749
-7.43959
-6.6109
-6.6284
-5.80279
-5.78573
-4.96373
-4.98034
-6.59231
-5.76761
-5.7484
-4.92746
-4.94612
-4.12749
-4.14458
-4.17594
-3.35833
-4.16071
-3.32792
-3.34355
-2.52853
-9.10887
-8.27213
-9.92984
-9.08897
-9.06777
-8.23191
-8.25264
-7.42054
-10.7536
-9.90821
-11.5802
-10.7301
-10.7051
-9.86072
-9.88518
-9.04523
-9.02131
-8.18652
-8.20989
-9.83478
-8.99595
-8.96911
-8.13558
-8.16177
-7.33189
-7.35601
-7.40029
-6.57256
-7.3788
-6.52944
-6.55163
-5.72804
-5.70648
-4.88678
-4.90769
-6.50597
-5.68368
-5.65959
-4.84133
-4.86467
-4.04861
-4.07
-7.30638
-6.48116
-8.10791
-7.27943
-7.25101
-6.42733
-6.45496
-5.63416
-5.60735
-4.79072
-4.81669
-6.39822
-5.5791
-5.54937
-4.73457
-4.76336
-3.95065
-3.97709
-4.02603
-3.21337
-3.23516
-4.00221
-3.16615
-3.19038
-2.38086
-2.40299
-2.51342
-1.70074
-3.31137
-2.49744
-2.48055
-1.6691
-1.68535
-0.874758
-4.10939
-3.29387
-4.09025
-3.25581
-3.27537
-2.46271
-2.44387
-1.63384
-1.65194
-2.42398
-1.59457
-1.61473
-0.807064
-0.825369
-0.859169
-0.0504258
-0.842722
-0.0181323
-0.0347076
0.772438
0.788216
1.59401
1.57906
-0.000650601
0.80485
0.822389
1.6264
1.60978
2.41447
2.3996
-0.787756
0.0177832
-1.57331
-0.767401
-0.74595
0.0576973
0.0372167
0.840878
0.860367
1.6624
1.64392
0.0792728
0.880902
0.902531
1.70239
1.68187
2.48252
2.46413
2.43015
3.23399
3.21927
2.44669
3.2659
3.24952
4.05275
4.03825
-2.35753
-1.55091
-3.14063
-2.33297
-2.30711
-1.50249
-1.52732
-0.723356
-3.92281
-3.11377
-4.70429
-3.89355
-3.8628
-3.05587
-3.08554
-2.27993
-2.25136
-1.44893
-1.47638
-3.02472
-2.22136
-2.18988
-1.38983
-1.42009
-0.620598
-0.648239
-0.699571
0.101991
-0.674548
0.151043
0.125898
0.925301
0.949261
1.74675
1.724
0.177473
0.974457
1.00094
1.79587
1.77069
2.56652
2.54386
-0.591575
0.205236
-1.3581
-0.561124
-0.529197
0.264949
0.234379
1.02875
1.05794
1.85012
1.82233
0.296994
1.08856
1.12065
1.90989
1.87929
2.66953
2.64183
2.59037
3.38478
3.36228
2.61546
3.4334
3.40847
4.20171
4.17944
4.06805
4.87091
4.85671
3.28318
4.0842
4.10126
4.90178
4.88592
5.68867
5.67484
2.5019
3.30141
2.52233
3.34091
3.32064
4.11926
4.13826
4.93624
4.91853
4.15831
4.97468
4.95494
5.75252
5.73519
5.70331
6.50619
6.49279
5.7188
6.53544
6.52039
7.32365
7.31076
7.18799
8.00819
8.00225
6.3774
7.19463
7.20141
8.02025
8.01418
8.83637
8.83107
5.57027
6.38486
4.76638
5.57867
5.58741
6.40053
6.39256
7.20837
7.21557
8.03285
8.02646
6.40884
7.22304
7.23085
8.04638
8.03948
8.85847
8.85272
8.84172
9.66616
9.66156
8.84715
9.67552
9.67079
10.4977
10.4939
3.96553
4.77585
3.1675
3.97619
3.98737
4.79612
4.78575
5.59652
2.37208
3.17947
2.38548
3.20531
3.19206
3.99912
4.01148
4.81846
4.80701
4.02451
4.84327
4.83054
5.63768
5.62659
5.60606
6.41752
5.61606
6.4362
6.42662
7.23903
7.24763
8.06122
8.05361
6.44629
7.2567
7.26628
8.07774
8.06924
8.88427
8.87731
5.64939
6.45695
5.66176
6.48015
6.46822
7.27644
7.2872
8.09633
8.08675
7.29863
8.11737
8.10652
8.9168
8.90787
8.89165
9.70835
9.70211
8.8995
9.72216
9.71502
10.5337
10.5282
10.5016
11.3312
11.3283
9.68037
10.5055
10.5096
11.3373
11.3342
12.1669
12.1649
8.86446
9.68541
8.87072
9.69623
9.69069
10.5139
10.5183
11.344
11.3406
10.5231
11.3515
11.3476
12.1759
12.1734
12.169
13.0049
13.0038
12.1711
13.0071
13.0059
13.8453
13.8453
9.08242
9.33431
9.91419
10.1674
11.258
11.514
10.4213
10.6756
10.7479
11.0027
11.5839
11.8402
12.9389
13.1984
12.0972
12.3548
13.4587
13.7196
12.6132
14.3071
14.5701
15.69
15.9568
14.8339
15.0984
13.9812
11.7705
12.0277
12.8722
14.2435
13.1318
13.3919
12.4221
12.6801
13.2628
13.5227
14.6308
14.8944
13.7834
14.0449
14.1062
14.3681
14.9525
15.2165
16.3351
16.6033
15.4813
15.7471
16.8724
17.1424
16.0138
17.7346
18.0072
19.1524
19.4298
18.2808
18.5553
17.4133
15.1588
15.424
16.2814
17.6851
16.5498
16.819
17.9578
18.2314
17.0891
18.8308
19.1071
20.2677
20.5489
19.3844
19.6625
18.5057
19.7081
19.9874
20.5901
20.8724
22.0489
22.3366
21.1558
21.4402
22.6253
22.915
21.7255
23.5305
23.8238
25.0364
25.3355
24.1181
24.4134
23.2057
20.8309
21.1138
19.9414
22.0117
23.4973
22.2989
22.5869
21.3976
14.5063
14.7698
15.3635
15.6293
16.7616
17.0312
15.8958
16.1628
16.2244
16.4926
17.3599
18.7809
17.6315
17.9038
19.0568
19.3335
18.1769
20.2211
21.6822
20.5017
20.783
19.6109
17.3015
17.5724
18.4506
19.889
18.725
19.0001
20.1678
20.4472
19.2758
21.065
21.3478
22.5408
22.8285
21.6312
21.9154
20.7273
21.9676
22.2538
22.8758
23.1656
24.3775
24.6727
23.4561
23.7475
24.9687
25.2655
24.0396
25.9041
26.2049
27.4571
27.7639
26.5066
26.8092
25.563
23.1169
23.406
22.2002
24.3325
25.8614
24.6261
24.9204
23.6957
23.7898
24.0832
24.7096
25.0069
26.2389
26.542
25.305
25.6041
25.6356
25.9368
26.5678
26.873
28.1264
28.438
27.1793
27.4866
28.7507
29.0644
27.7949
29.7136
30.0319
31.3308
31.656
30.3512
30.6716
29.3792
26.8461
27.1511
28.1042
29.6949
28.4145
28.7257
30.0117
30.3294
29.0379
30.9931
31.3156
32.6382
32.9677
31.6391
31.9635
30.648
31.9823
32.3097
32.9796
33.312
34.6613
35.0012
33.6455
33.9802
35.3423
35.6844
34.3159
36.3775
36.7252
38.1296
38.4853
37.074
37.4239
36.0277
33.2982
33.6297
32.2889
34.6527
36.372
34.9904
35.3292
33.9621
26.1605
26.4603
25.2154
27.1125
27.4166
28.6894
28.9995
27.7214
28.027
26.7608
28.0715
28.3801
29.3509
30.9676
29.6649
29.9796
31.288
31.6093
30.2952
32.6153
34.2955
32.9425
33.2706
31.9315
29.3104
29.622
28.3333
30.6116
32.2545
30.9288
31.2468
29.9344
13.1628
13.4204
14.0233
14.2831
15.4125
15.6753
14.5432
14.8034
14.8877
15.15
15.7563
16.0211
17.1646
17.4329
16.2863
16.5518
17.7015
17.9705
16.8175
18.5905
18.8625
20.0355
20.3115
19.1349
19.4076
18.2397
15.9384
16.2016
17.0836
18.5093
17.3499
17.6164
16.6292
16.8967
17.5067
17.777
18.9358
19.21
18.0477
18.3189
18.3888
18.662
19.552
21.008
19.8289
20.1063
21.2894
21.5712
20.3843
22.4856
23.9861
22.7716
23.0582
21.8537
19.4847
19.7599
20.6627
22.1366
20.9417
21.2211
22.4201
22.704
21.5009
23.3454
23.6331
24.861
25.1537
23.9213
24.2101
22.9884
24.2771
24.5688
25.5111
27.062
25.8074
26.1043
27.3638
27.6663
26.4018
28.6403
30.2474
28.9479
29.2562
27.9694
25.447
25.7408
24.4993
26.6999
28.273
26.9985
27.2976
26.0351
18.7791
19.0492
19.6806
19.954
21.1417
21.4191
20.2276
20.5014
20.5879
20.8646
21.7812
23.2732
22.0619
22.3429
23.5584
23.8441
22.6243
24.7889
26.3298
25.079
25.3695
24.13
21.6967
21.9747
22.906
24.4164
23.1881
23.4704
1.65102
2.96429
2.9535
1.64039
4.27975
5.59886
5.58773
4.26879
4.25733
5.57594
5.56341
4.24528
1.62955
2.94236
2.93077
1.61842
6.9231
8.25393
8.24239
6.91177
9.5928
10.9412
10.9292
9.58105
9.5682
10.916
10.9014
9.55417
6.89964
8.22991
8.21639
6.88662
6.87263
8.20175
8.1859
6.85757
9.53888
10.8855
10.868
9.52222
9.50411
10.8489
10.8282
9.48446
6.84136
8.16875
8.1502
6.8239
1.6069
2.91865
2.9059
1.5949
4.23255
5.55005
5.53578
4.21904
4.20467
5.52049
5.50411
4.18935
1.58233
2.89244
2.87817
1.5691
0.335238
0.324747
-0.994661
-0.984398
0.314168
0.30341
-1.01527
-1.00492
-2.32568
-2.33548
-3.65856
-3.64945
-2.30598
-2.31587
-3.64023
-3.63083
0.292384
0.280999
-1.03658
-1.02579
0.269167
0.256796
-1.05932
-1.04773
-2.36575
-2.37643
-3.69587
-3.68624
-2.34537
-2.35543
-3.67687
-3.66768
-4.99406
-5.00226
-6.33292
-6.32586
-5.01053
-5.01898
-6.34709
-6.33997
-7.67588
-7.68155
-9.0237
-9.01962
-7.66442
-7.6702
-9.01544
-9.01107
-4.96031
-4.96907
-6.30374
-6.29574
-4.97756
-4.98586
-6.31871
-6.31136
-7.65219
-7.65844
-9.00641
-9.00138
-7.63847
-7.64556
-8.99589
-8.98984
-0.0619624
-1.38223
-2.18899
-0.867169
-2.70499
-4.03158
-4.84434
-3.51427
-4.32533
-5.65946
-6.47718
-5.13839
-1.67299
-2.99695
-3.80632
-2.47963
-5.36334
-6.70161
-7.52421
-6.18054
-8.04773
-9.40303
-10.2393
-8.87669
-9.7098
-11.0804
-11.9263
-10.5473
-7.00069
-8.35036
-9.18027
-7.82402
-8.65074
-10.0142
-10.8522
-9.48106
-11.3893
-12.7774
-13.6339
-12.2361
-13.0879
-14.496
-15.3638
-13.9448
-10.3152
-11.6947
-12.5418
-11.1533
-3.28731
-4.61731
-5.43014
-4.09624
-5.95366
-7.29769
-8.12121
-6.77135
-7.59169
-8.94796
-9.77815
-8.41487
-4.90662
-6.24502
-7.06216
-5.71868
1.0085
0.203902
1.0257
1.83017
-0.600792
-1.40579
-0.582336
0.221607
1.04347
0.240266
1.0622
1.86499
2.65194
1.8473
2.66885
3.47399
-2.2113
-3.01753
-2.19061
-1.38634
-3.82471
-4.63303
-3.8008
-2.99536
-2.16781
-2.9707
-2.14254
-1.3419
-0.562544
-1.36517
-0.541034
0.260259
1.08225
0.281966
1.10401
1.9036
-0.517427
-1.31614
-0.491341
0.305768
1.12787
0.332046
1.15419
1.94904
2.72449
1.92528
2.74594
3.54509
4.2965
3.49054
4.31256
5.11965
2.68632
1.88363
2.70474
3.50766
4.32917
3.52572
4.34672
5.15103
5.9436
5.13506
5.95823
6.76854
2.0672
2.8893
4.20445
3.38101
3.71187
4.5351
5.85422
5.02879
6.3502
7.17874
8.51014
7.67757
4.69747
5.52317
6.84693
6.01805
5.35916
6.18422
7.50902
6.6809
7.01047
7.83807
9.17025
8.33874
9.67517
10.5115
11.8633
11.0212
8.00897
8.84105
10.1818
9.34482
10.6899
11.5327
12.8953
12.0458
12.3784
13.2271
14.6044
13.7481
15.1318
15.9966
17.4052
16.531
13.4138
14.2709
15.6611
14.7954
7.34422
8.17719
9.51542
8.67744
9.01235
9.84988
11.1994
10.356
11.71
12.5602
13.9337
13.0759
10.0192
10.8631
12.2216
11.3709
12.3006
13.6724
13.6599
12.2883
15.0581
16.4592
16.4462
15.0454
15.0309
16.4313
16.4146
15.0148
12.2747
13.6459
13.6303
12.2596
17.8771
19.3134
19.2998
17.8638
20.7694
22.2467
22.2324
20.7555
20.7393
22.2158
22.1966
20.7208
17.8486
19.2841
19.2661
17.8312
17.8117
19.2459
19.2233
17.79
20.6998
22.1749
22.1504
20.6763
20.6501
22.1232
22.0931
20.6212
17.7659
19.1982
19.1705
17.7394
12.243
13.6129
13.5938
12.2247
14.9967
16.3958
16.375
14.9767
14.9547
16.3519
16.3266
14.9305
12.2046
13.5727
13.5497
12.1828
12.159
13.5246
13.4974
12.1331
14.9041
16.2989
16.2688
14.8754
14.8444
16.2361
16.2008
14.8108
12.1052
13.4679
13.436
12.0751
17.7104
19.1402
19.1071
17.6788
20.5896
22.0601
22.024
20.555
20.5174
21.9848
21.9424
20.4768
17.6445
19.0712
19.0323
17.6074
17.5675
18.9904
18.9455
17.5246
20.433
21.8967
21.8475
20.386
20.3355
21.7949
21.7387
20.2817
17.4786
18.8973
18.8458
17.4295
12.0427
13.4018
13.365
12.0079
14.7746
16.1627
16.1218
14.7358
14.6942
16.0781
16.0313
14.6498
11.9707
13.3256
13.2835
11.9309
1.55513
2.86302
2.84688
1.54033
4.173
5.48654
5.46769
4.15551
4.1368
5.44748
5.4258
4.11678
1.5246
2.82966
2.81128
1.50785
6.80511
8.13017
8.10857
6.78489
9.46319
10.8056
10.7812
9.44019
9.41539
10.7549
10.7265
9.38869
6.76316
8.08531
8.06029
6.73982
6.71479
8.03343
8.00465
6.68797
9.35999
10.6959
10.6632
9.32922
9.29628
10.6281
10.5906
9.26108
6.65928
7.97384
7.94091
6.62862
1.48999
2.79165
2.77068
1.47094
4.09536
5.40258
5.37772
4.07245
4.04796
5.35114
5.32273
4.0218
1.45061
2.74827
2.72434
1.42889
0.243799
0.230086
-1.0842
-1.07145
0.215566
0.200149
-1.11195
-1.09767
-2.41149
-2.42449
-3.73882
-3.72724
-2.38756
-2.39921
-3.71628
-3.70585
0.183745
0.166264
-1.14327
-1.12712
0.147616
0.127712
-1.17889
-1.1605
-2.46865
-2.4854
-3.79315
-3.77819
-2.43829
-2.45298
-3.7642
-3.75111
-5.06692
-5.07828
-6.39655
-6.38706
-5.09044
-5.10349
-6.41774
-6.40674
-7.72845
-7.73725
-9.06337
-9.05689
-7.71286
-7.72035
-9.05102
-9.04568
-5.02768
-5.03674
-6.36194
-6.35439
-5.04624
-5.05627
-6.37819
-6.36984
-7.69939
-7.70591
-9.04077
-9.03621
-7.6873
-7.69321
-9.0319
-9.02776
-10.3771
-10.3793
-11.7369
-11.7367
-10.3816
-10.3841
-11.7373
-11.737
-13.1037
-13.1016
-14.4784
-14.4831
-13.1078
-13.1058
-14.4876
-14.4919
-10.3868
-10.3899
-11.7383
-11.7377
-10.3934
-10.3974
-11.7407
-11.7393
-13.096
-13.0947
-14.4606
-14.4648
-13.0995
-13.0976
-14.4692
-14.4738
-15.8617
-15.8543
-17.2543
-17.2647
-15.847
-15.8398
-17.2336
-17.2439
-18.657
-18.6434
-20.0705
-20.0875
-18.684
-18.6706
-20.1044
-20.1211
-15.8902
-15.8834
-17.2947
-17.3041
-15.8764
-15.8691
-17.2749
-17.285
-18.7102
-18.6973
-20.1375
-20.1535
-18.7349
-18.7228
-20.169
-20.184
-10.3512
-10.3561
-11.7274
-11.7239
-10.3603
-10.3639
-11.7324
-11.7302
-13.1125
-13.1131
-14.5074
-14.5086
-13.1092
-13.1113
-14.509
-14.5085
-10.3671
-10.37
-11.7351
-11.734
-10.3725
-10.3749
-11.7364
-11.7359
-13.1112
-13.1096
-14.4959
-14.4996
-13.113
-13.1123
-14.5028
-14.5054
-15.9126
-15.9079
-17.329
-17.3359
-15.9025
-15.8966
-17.313
-17.3213
-18.7573
-18.7464
-20.1983
-20.2118
-18.7767
-18.7674
-20.2245
-20.2363
-15.9231
-15.9219
-17.3514
-17.3544
-15.9197
-15.9166
-17.342
-17.3472
-18.7924
-18.7851
-20.2471
-20.2568
-18.8038
-18.7987
-20.2652
-20.2724
-10.7689
-12.1465
-13.0004
-11.6134
-13.5374
-14.9429
-15.8181
-14.4015
-15.2721
-16.7005
-17.5901
-16.1493
-12.4634
-13.8602
-14.726
-13.3188
-16.3642
-17.8028
-18.7033
-17.2516
-19.2599
-20.7369
-21.6665
-20.1744
-21.0979
-22.6055
-23.5542
-22.0304
-18.1467
-19.612
-20.5293
-19.0496
-19.9607
-21.4552
-22.39
-20.88
-22.9721
-24.5128
-25.4814
-23.9233
-24.8843
-26.4603
-27.4497
-25.8551
-21.8079
-23.3339
-24.2871
-22.7444
-14.18
-15.5982
-16.4769
-15.0471
-17.0335
-18.4872
-19.3921
-17.9248
-18.8235
-20.3048
-21.2257
-19.7297
-15.9204
-17.3624
-18.2549
-16.8
-17.6863
-19.1545
-20.0615
-18.5793
-20.6436
-22.155
-23.0928
-21.5655
-22.4957
-24.0394
-24.995
-23.4342
-19.4794
-20.9761
-21.8985
-20.3866
-23.69
-25.2499
-26.2223
-24.6446
-26.836
-28.4498
-29.4608
-27.8273
-28.8291
-30.4829
-31.5164
-29.8417
-25.6087
-27.2048
-28.1974
-26.5823
-27.5657
-29.2004
-30.2139
-28.5591
-30.8652
-32.5615
-33.6183
-31.8999
-32.946
-34.687
-35.768
-34.0037
-29.5627
-31.2383
-32.2737
-30.5767
-21.3014
-22.8289
-23.7676
-22.2237
-24.3813
-25.9598
-26.934
-25.3373
-26.3022
-27.9178
-28.9114
-27.2765
-23.1539
-24.7147
-25.6705
-24.0922
-6.53263
-7.88177
-8.70407
-7.34867
-9.24111
-10.612
-11.4497
-10.0706
-10.9036
-12.2914
-13.1375
-11.7403
-8.16703
-9.52926
-10.3576
-8.9879
-11.9957
-13.3937
-14.2506
-12.8426
-14.8072
-16.2376
-17.1177
-15.6752
-16.5491
-18.0041
-18.8972
-17.429
-13.6941
-15.1128
-15.9805
-14.5504
-15.4119
-16.8538
-17.733
-16.2786
-18.3151
-19.7972
-20.7042
-19.2077
-20.107
-21.6185
-22.5402
-21.0132
-17.1509
-18.6183
-19.5099
-18.0288
-9.81151
-11.1892
-12.0243
-10.6381
-12.5809
-13.988
-14.8433
-13.4256
-14.2747
-15.7035
-16.5688
-15.1283
-11.4678
-12.8632
-13.7061
-12.3009
-5.44272
-6.25398
-5.41463
-4.60716
-7.06703
-7.88208
-7.03377
-6.22343
-5.3829
-6.18886
-5.34715
-4.54527
-3.77403
-4.57803
-3.74401
-2.94317
-8.69934
-9.51903
-8.65994
-7.84587
-10.3413
-11.1665
-10.2948
-9.47618
-8.61536
-9.42777
-8.56523
-7.7587
-6.99611
-7.80487
-6.95366
-6.14988
-5.30701
-6.10612
-5.26209
-4.46732
-6.90605
-7.70699
-6.85289
-6.05721
-5.21201
-6.00274
-5.15638
-4.37027
-3.63064
-4.42137
-3.58381
-2.79678
-2.1144
-2.9124
-2.08301
-1.28753
-3.71036
-4.50849
-3.67269
-2.878
-2.048
-2.83958
-2.00898
-1.2202
-0.462397
-1.25568
-0.430215
0.361179
1.18338
0.393549
1.21579
2.00437
-0.39441
-1.18071
-0.354604
0.429539
1.25182
0.469525
1.29185
2.07262
2.82434
2.03669
2.85642
3.64345
-1.96558
-2.74921
-1.9174
-1.13685
-3.53182
-4.31363
-3.4743
-2.69648
-1.86408
-2.63823
-1.80523
-1.03444
-0.310417
-1.08822
-0.261469
0.513889
1.33625
0.563011
1.3854
2.15684
-0.20738
-0.975138
-0.147769
0.617272
1.43969
0.677052
1.4995
2.26006
2.97583
2.20588
3.02462
3.7934
4.46189
3.67515
4.49307
5.27983
2.89211
2.11254
2.93178
3.71046
4.52785
3.74975
4.56661
5.34446
6.09745
5.31034
6.12716
6.91492
7.59465
6.78225
7.60729
8.42209
5.97342
5.16793
5.98953
6.79651
7.62048
6.8117
7.6346
8.44551
9.25105
8.43353
9.26114
10.0817
4.36559
3.56618
4.38616
5.18616
2.76948
1.97528
2.79548
3.58934
4.40882
3.61498
4.43394
5.22808
6.00697
5.20608
6.0261
6.8282
7.65002
6.84639
7.66714
8.47262
6.0473
5.25254
6.07096
6.86665
7.68632
6.88937
7.70796
8.50648
9.29617
8.48852
9.31071
10.1208
10.9142
10.0903
10.9212
11.7488
9.27177
8.45841
9.28332
10.0994
10.9287
10.1095
10.9371
11.7597
12.5856
11.754
12.5889
13.4248
8.66722
9.49807
10.8393
10.0037
10.3308
11.1656
12.5177
11.6773
13.0356
13.8825
15.2615
14.4071
11.3502
12.1915
13.5561
12.7082
12.0027
12.8421
14.2067
13.3608
13.6842
14.529
15.9078
15.0557
16.4426
17.303
18.7161
17.8466
14.7325
15.5859
16.9811
16.1194
17.5229
18.3938
19.8254
18.9445
19.2689
20.1485
21.6017
20.7111
22.1747
23.0772
24.5765
23.6611
20.3855
21.2776
22.7516
21.8476
14.0791
14.9345
16.3282
15.4643
15.7935
16.6562
18.0681
17.196
18.6163
19.4985
20.949
20.0556
16.8655
17.7386
19.1673
18.2839
19.7211
20.6157
22.0853
21.1786
21.5156
22.421
23.9161
22.9977
24.5034
25.4356
26.981
26.034
22.6578
23.5775
25.0938
24.1601
23.3321
24.249
25.7712
24.8405
25.1718
26.1009
27.652
26.7083
28.2719
29.2312
30.8401
29.8643
26.3743
27.3197
28.8959
27.9349
29.5238
30.5014
32.1376
31.1426
31.4867
32.4799
34.1524
33.1408
34.828
35.8588
37.6006
36.5497
32.7925
33.806
35.5079
34.4752
25.6871
26.6356
28.2045
27.2402
27.5911
28.5538
30.1555
29.1762
30.7906
31.7875
33.4512
32.4359
28.8209
29.8018
31.4291
30.4306
12.734
13.5926
14.9773
14.1101
14.455
15.3215
16.7249
15.8488
17.2589
18.1454
19.5845
18.6866
15.5006
16.3774
17.7942
16.9068
16.1922
17.0674
18.4911
17.6056
17.9471
18.8316
20.2774
19.3817
20.8361
21.744
23.2329
22.3119
19.037
19.9338
21.3969
20.4879
21.9597
22.8819
24.3903
23.454
23.8105
24.7455
26.2832
25.3333
26.8819
27.8476
29.4402
28.4577
24.9723
25.9235
27.483
26.5158
18.3304
19.2292
20.6839
19.7728
20.1335
21.0436
22.5243
21.601
23.0905
24.028
25.5561
24.6036
21.2354
22.1597
23.6582
22.7196
