FiniteElementSpace
FiniteElementCollection: H1_2D_P2
VDim: 1
Ordering: 0

1
11
0.866673
10.5414
-8.95873
-8.62623
-4.6626
-17.7983
6.75465
1.37623
19.5071
5.625
10.869
5.33503
0.956321
-3.6065
-8.81638
-3.63653
-13.0232
-10.3943
-1.77699
-1.52552
3.88591
3.8322
12.2863
14.9898
5.54067
-3.62198
-6.81065
1.09072
8.80126
3.26563
5.59512
3.20237
0.981034
-1.29867
-3.63224
-1.27541
-5.17918
-4.1893
-0.381709
-0.328426
2.43902
2.41046
6.21116
7.18017
8.17188
10.9562
8.06496
10.7327
7.79909
5.45589
3.05548
0.920118
-1.34444
-3.61148
-6.00519
-8.72441
-6.09931
-8.89641
-6.16907
-10.909
-9.72671
-15.3152
-13.8444
-8.54448
-7.36226
-3.19943
-3.059
-0.226265
-0.0508678
2.59297
2.49174
5.26861
5.2765
9.35623
10.4996
15.6387
17.1769
11.6962
12.9346
3.24158
-1.2871
-2.70676
1.03319
4.71909
8.13542
7.95477
3.14225
-1.31587
-6.05242
-6.14011
-7.88467
-11.7088
-5.73661
-1.68797
1.19696
3.84707
7.75312
13.6096
9.88743
2.12696
3.25514
2.10554
0.990876
4.42774
5.61277
4.40087
5.57133
4.35413
3.22423
2.07367
0.969755
-0.148761
-1.28163
-0.132351
-0.167989
-1.29254
-2.44642
-3.6275
-2.44469
-3.63549
-2.4399
-1.98553
-1.53117
0.309994
-4.3976
-3.91919
-5.98297
-5.46849
-3.44078
-2.96238
-1.07681
0.327579
1.71902
1.70453
-1.04833
0.351273
0.384121
1.76011
1.73653
3.12915
3.11921
3.55158
3.98824
5.00115
5.4596
7.47396
7.98177
5.92472
6.39505
6.86914
8.15754
6.83607
9.54493
10.9832
9.50489
10.9184
9.42616
8.1048
6.77371
8.01519
6.67631
5.50243
10.8073
9.30298
10.6442
9.1296
7.88297
6.53814
5.40033
3.17528
2.02561
0.940016
4.28177
4.17805
3.10256
1.95559
0.89591
-0.195777
-1.3062
-0.237876
-1.32837
-2.46375
-3.60794
-2.45086
-3.6164
-4.80843
-6.07627
-4.83603
-4.7834
-6.02849
-7.28256
-8.67574
-7.35418
-8.77153
-7.42252
-4.86048
-6.15643
-4.87602
-6.12083
-8.85825
-7.48185
-8.93014
-7.5264
-7.01191
-6.49744
-9.91418
-9.35161
-11.9447
-11.3221
-8.78904
-8.22648
-10.6994
-10.0767
-7.66392
-14.1461
-13.4513
-16.532
-15.753
-12.7565
-12.0617
-9.45404
-4.95401
-4.43954
-2.48397
-7.10135
-8.83137
-6.53879
-5.97624
-3.92508
-2.43677
-1.00761
-3.85133
-2.3712
-2.2842
-0.87726
-0.951599
0.429164
0.489451
1.83763
1.7928
-0.781544
0.568022
0.66792
1.97593
1.89766
3.22907
3.18898
3.14206
4.55167
4.55083
3.16099
4.56519
4.55545
5.99786
6.01064
6.48694
6.9752
8.02024
8.54632
10.7744
11.3812
9.08675
9.64005
12.0032
12.6391
10.2048
13.9039
14.6089
17.5025
18.3234
15.3302
16.0662
13.2874
8.49717
9.0187
10.7795
13.9465
11.3627
11.953
2.11719
4.41643
4.38034
2.09127
-0.140562
-0.157664
-2.44558
-2.44303
-0.828559
-3.17164
-4.68424
-2.24188
1.01507
-0.359656
1.05739
2.42324
2.83685
4.27254
6.6921
5.1704
6.85591
9.52939
9.47072
6.80891
6.72975
9.37048
9.22292
6.61268
2.05203
4.32151
4.23419
1.9937
-0.180453
-0.214678
-2.45589
-2.44795
-4.82227
-4.79523
-7.31842
-7.38912
-4.86972
-4.84901
-7.45367
-7.50633
-5.67412
-8.4217
-10.3178
-7.34766
-9.1356
-12.366
-14.5798
-11.0515
-3.69437
-6.27363
-7.95337
-5.1996
-1.74013
-3.13994
-1.61744
-0.284978
1.13623
-0.149242
1.27594
2.53477
3.83816
2.46084
3.86197
5.2711
5.73881
7.24695
9.92049
8.2717
11.0919
12.9401
16.3995
14.2933
7.67391
9.34032
12.3109
10.4411
1.56275
2.12227
1.55331
0.995483
2.6941
3.26072
2.68398
3.24879
2.67139
2.11165
1.54258
0.98609
3.84302
4.42257
3.83213
5.02124
5.61952
5.00948
5.60467
4.99289
4.40922
3.81758
4.39127
3.79866
3.23342
5.58404
4.97074
5.5569
4.94232
4.36799
3.77463
3.21391
2.09878
1.52982
0.975619
2.65559
2.63587
2.08293
1.51431
0.963353
0.425691
-0.136502
0.434493
0.416535
-0.144618
-0.716191
-1.28441
-0.709221
-1.27866
-0.701874
0.406308
-0.153079
0.394292
-0.162604
-0.731863
-1.29547
-0.723499
-1.28978
-1.86612
-2.44518
-1.86281
-1.86974
-2.44596
-3.03006
-3.62479
-3.03226
-3.63001
-3.03405
-1.85912
-2.4417
-1.85431
-2.444
-3.6341
-3.03471
-3.63633
-3.03353
-0.47976
-0.25765
0.655103
-1.62919
-1.40407
-2.34465
-2.11503
-1.17896
-0.953843
-0.0355398
-2.8039
-2.57428
-4.01461
-3.77897
-4.78572
-4.54257
-3.54334
-3.3077
-4.29942
-4.05628
-3.07207
-5.57819
-5.32603
-6.39371
-6.13103
-5.07386
-4.8217
-3.81313
-1.88541
-1.65578
-0.728727
-2.83643
-3.56998
-2.6008
-2.36516
-1.42616
0.662763
1.35945
1.35217
-0.0265173
0.671188
0.680756
1.37551
1.3671
2.06393
2.05723
-0.717365
-0.0159649
-1.41148
-0.703706
-0.687369
0.0112527
-0.00350171
0.691848
0.704846
1.39612
1.38506
0.0286787
0.720129
0.738077
1.42433
1.40909
2.09827
2.0878
2.07101
2.76996
2.7644
2.07884
2.78258
2.7759
3.47895
3.47509
2.26904
2.48139
2.97845
3.19353
4.13131
4.35255
3.40943
3.62599
3.69239
3.91119
4.41227
4.6358
5.60029
5.83391
4.86112
5.08805
6.06943
6.30669
5.31641
6.83523
7.08113
8.12881
8.38919
7.32905
7.57882
6.54548
4.57474
4.7977
5.54601
6.78564
5.77668
6.00823
6.24048
6.8633
6.22776
7.51245
8.16563
7.49868
8.14749
7.47771
6.84686
6.20903
8.84888
9.53823
8.83395
10.2615
10.9928
10.2453
10.971
10.2196
9.5183
8.81066
9.48906
8.77827
8.12122
10.9387
10.1836
10.8952
10.1366
9.44979
8.73609
8.08608
6.82345
6.18356
7.44883
7.41132
6.79236
6.15064
6.75287
6.10955
5.52254
8.04137
7.36447
7.98636
7.30756
6.70426
6.05958
5.48024
9.39976
8.68338
10.8398
10.078
10.7717
10.0069
9.33826
8.61942
9.26456
8.54351
7.92034
10.6902
9.92268
10.5947
9.8246
9.17796
8.45491
7.84259
6.64582
6
5.42928
7.23985
7.16065
6.57682
5.93009
5.36894
2.0634
1.49535
0.948573
3.18952
2.61152
3.15956
2.5818
2.03946
1.4722
0.930561
4.33866
3.74479
4.9069
4.86377
4.30258
3.70842
4.25901
3.6648
3.12328
4.81222
4.75151
4.20724
3.6132
3.07999
2.01039
1.44416
0.908598
2.54601
2.50343
1.97547
1.41049
0.881965
0.379772
-0.173909
0.362026
-0.187713
-0.754627
-1.31072
-0.741999
-1.30221
0.340335
-0.204735
0.313981
-0.225695
-0.790238
-1.33592
-0.770468
-1.32172
-1.88973
-2.45307
-1.88083
-1.90183
-2.45942
-3.03152
-3.60691
-3.02818
-3.60949
-3.0273
-1.87441
-2.44706
-2.44919
-3.61381
-3.02816
-3.61915
-4.21398
-4.8292
-4.22352
-4.20474
-4.81531
-5.42387
-6.0644
-5.44258
-6.08794
-5.46085
-4.19651
-4.8017
-4.19001
-4.7891
-5.38802
-6.01671
-5.40545
-6.04042
-6.6657
-7.33636
-6.69541
-6.63625
-7.30046
-7.94544
-8.65104
-7.98799
-8.70022
-8.03007
-6.72467
-7.40606
-6.75276
-7.3718
-8.74821
-8.07096
-8.79429
-8.10995
-4.24671
-4.87328
-4.25025
-4.24061
-4.86542
-5.4932
-6.14868
-5.50584
-6.16325
-5.51518
-4.23264
-4.85498
-4.84267
-6.11031
-5.47796
-6.1308
-6.77896
-7.46818
-6.80255
-7.43843
-8.83773
-8.14632
-8.87784
-8.17936
-6.82281
-7.51696
-6.83903
-7.4946
-8.91387
-8.20833
-8.94512
-8.23252
-5.27202
-5.02887
-6.58686
-6.33469
-7.44445
-7.18176
-6.08252
-5.83036
-7.96983
-7.70714
-9.43165
-9.15693
-10.4065
-10.1183
-8.88222
-8.60751
-9.83007
-9.54184
-8.3328
-11.4216
-11.1183
-12.4785
-12.1587
-10.8151
-10.5118
-9.25361
-6.91908
-6.6564
-8.0581
-8.96538
-7.78339
-7.50869
-8.67715
-8.38892
-7.23398
-10.2086
-9.90532
-11.1994
-10.8796
-9.60206
-9.29879
-8.10068
-11.839
-11.5192
-13.579
-13.2412
-14.7248
-14.3674
-12.9034
-12.5656
-14.0101
-13.6527
-12.2277
-15.9175
-15.5391
-17.1589
-16.7579
-15.1607
-14.7823
-13.2954
-10.5598
-10.24
-8.99553
-11.8899
-12.938
-11.5521
-11.2143
-9.92021
-3.32683
-3.08368
-2.12953
-4.56953
-4.31736
-5.34297
-5.08029
-4.0652
-3.81304
-2.84053
-5.86834
-5.60565
-6.95927
-7.81245
-6.68456
-6.40985
-7.52422
-7.23599
-6.13515
-8.69227
-9.60043
-8.38901
-8.08576
-6.94776
-4.8176
-4.55492
-3.56088
-5.86044
-6.65953
-5.58574
-5.31104
-4.29225
-2.11055
-1.39373
-2.81628
-2.08774
-2.06073
-1.34753
-1.37255
-0.667976
-3.53037
-2.78743
-4.25451
-3.4945
-3.45289
-2.71442
-2.75361
-2.02912
-1.99253
-1.28451
-1.31832
-2.6695
-1.9506
-1.90293
-1.20163
-1.24574
-0.552211
-0.587641
-0.645143
0.0491561
-0.618492
0.10079
0.0730662
0.759072
0.783495
1.46318
1.44224
0.132708
0.811725
0.844142
1.51572
1.48755
2.1629
2.14257
-0.511818
0.1692
-1.15178
-0.466086
-0.414632
0.257428
0.210647
0.881128
0.923062
1.58498
1.54807
0.309924
0.970325
1.0233
1.67401
1.62684
2.28217
2.2459
2.18665
2.85963
2.84049
2.21419
2.90853
2.88219
3.55479
3.53739
3.48318
4.19232
4.19072
2.79038
3.48814
3.49423
4.19695
4.19426
4.91145
4.9127
2.11064
2.7997
2.12528
2.82437
2.8109
3.50182
3.51129
4.20604
4.20075
3.52302
4.22264
4.21321
4.91377
4.91134
4.91056
5.63778
5.64243
4.9104
5.6299
5.63348
6.37271
6.38132
5.1395
5.36876
5.87549
6.11148
7.11233
7.36233
6.35022
6.59153
6.62164
6.86537
7.37937
7.63184
8.6787
8.9491
7.88802
8.14772
9.22333
9.50119
8.41077
10.0543
10.3448
11.5179
11.8307
10.6393
10.9375
9.78252
7.6152
7.87076
8.67698
10.0671
8.94616
9.21815
10.3548
10.6454
9.49276
11.2393
11.5445
12.7928
13.1208
11.8529
12.1643
10.9388
12.1476
12.4684
13.0812
13.4185
14.7559
15.1199
13.76
14.1055
15.4883
15.8607
14.4549
16.5537
16.9467
18.4865
18.9105
17.344
17.7456
16.2371
13.4521
13.7865
12.4786
14.8078
16.6172
15.1642
15.5238
14.1239
7.02697
7.2693
7.83024
8.08314
9.18241
9.45024
8.33733
8.59264
8.6517
8.91617
9.76979
11.2347
10.0491
10.3305
11.5329
11.8334
10.6137
12.7955
14.4641
13.115
13.4367
12.1358
9.71949
9.98996
10.8987
12.4401
11.1851
11.473
1.55815
2.6893
2.67804
1.54816
3.83799
5.01592
5.00184
3.82536
3.80871
4.98256
4.95736
3.78733
1.5365
2.66393
2.64626
1.52245
0.430092
0.421202
-0.712709
-0.705639
0.4116
0.400569
-0.727504
-0.719758
-1.86447
-1.86784
-3.03116
-3.03325
-1.8569
-1.86106
-3.03457
-3.03439
0.0888228
-1.05198
-1.75835
-0.605134
-2.21272
-3.40409
-4.1584
-2.9392
-3.67999
-4.93171
-5.72573
-4.43677
-1.30399
-2.47432
-3.20158
-2.00943
1.00735
0.318213
1.02356
1.71158
-0.371639
-1.06391
-0.345378
0.338472
1.04434
0.366363
1.07273
1.74737
2.41667
1.72721
2.43057
3.124
1.91559
2.62327
3.76946
3.05103
3.33477
4.0515
5.22945
4.49513
5.69141
6.45065
7.72682
6.93533
4.20772
4.94424
6.15932
5.39738
6.23483
7.50642
7.48914
6.21919
8.84242
10.2545
10.2337
8.82339
8.79565
10.2029
10.1615
8.75845
6.19718
7.4643
7.4312
6.16808
6.13116
7.38911
7.33732
6.08572
8.71109
10.1088
10.044
8.65285
8.58301
9.96648
9.87542
8.50084
6.03103
7.2751
7.20173
5.96638
1.50531
2.62432
2.59737
1.48434
3.76049
4.92553
4.88635
3.72747
3.68756
4.83909
4.78305
3.64004
1.45884
2.56471
2.52562
1.42807
0.38739
0.371347
-0.747956
-0.736664
0.351718
0.327786
-0.779817
-0.762101
-1.88493
-1.89534
-3.0295
-3.02747
-1.8719
-1.87735
-3.02756
-3.02903
-4.21876
-4.20928
-5.43324
-5.45182
-4.20045
-4.193
-5.39656
-5.41458
-6.68057
-6.6509
-7.96673
-8.00913
-6.7389
-6.71014
-8.05071
-8.09074
-4.24885
-4.24394
-5.49989
-5.51097
-4.23681
-4.22818
-5.4696
-5.48586
-6.79112
-6.76614
-8.12851
-8.1633
-6.83147
-6.81314
-8.19439
-8.22106
-4.63681
-5.92159
-6.75468
-5.42665
-7.26916
-8.69021
-9.63289
-8.15319
-9.07032
-10.6134
-11.6334
-10.0223
-6.2402
-7.61617
-8.50776
-7.07915
-7.9452
-9.43116
-10.3881
-8.84004
-11.0107
-12.6946
-13.7987
-12.0374
-13.1039
-14.9475
-16.1425
-14.2121
-9.76538
-11.3801
-12.4091
-10.7229
-2.72317
-3.94183
-4.69678
-3.4469
-5.21125
-6.54214
-7.38264
-6.00512
-6.82007
-8.24893
-9.1427
-7.65781
-4.18231
-5.4681
-6.25752
-4.9311
-1.76029
-2.46248
-1.71615
-1.02969
-3.17218
-3.89108
-3.10234
-2.40647
-1.65519
-2.33057
-1.57435
-0.916911
-0.30842
-0.981705
-0.257719
0.404928
1.11177
0.457213
1.1645
1.8135
-0.190232
-0.832264
-0.102914
0.526261
1.23398
0.615115
1.32323
1.93432
2.51155
1.86556
2.56179
3.20732
3.835
3.13504
3.84205
4.55107
2.44898
1.77512
2.47497
3.15058
3.85358
3.17366
3.87262
4.55938
5.27363
4.553
5.2693
6.00408
4.77488
5.50631
6.72967
5.97382
6.24721
6.99897
8.2814
7.49839
8.81483
9.63642
11.0758
10.2083
7.22336
8.01095
9.36188
8.5352
9.92107
10.7942
12.3196
11.3927
11.6904
12.6112
14.2543
13.2729
14.9676
16.0169
17.9107
16.7862
12.9618
13.9497
15.6964
14.6401
6.63172
7.42642
8.75726
7.92246
8.23861
9.06969
10.491
9.61296
11.0701
12.0024
13.6156
12.6218
9.28132
10.1636
11.657
10.72
1.28128
1.56047
1.27673
0.997747
1.84457
2.12465
1.83993
2.11978
1.83498
1.55577
1.27201
0.993197
2.41006
2.69176
2.40533
2.97922
3.26325
2.97437
3.25802
2.96892
2.68671
2.40013
2.68109
2.39439
2.11449
3.25206
2.96278
3.2453
2.95585
2.67481
2.38801
2.10867
1.55078
1.26704
0.988512
1.82963
1.82379
1.54542
1.26172
0.983602
3.5535
3.8406
3.54853
4.13437
4.42527
4.12927
4.41962
4.12327
3.83517
3.54281
4.7233
5.01872
4.71806
5.32174
5.62241
5.31635
5.61631
5.30976
5.01285
4.71177
5.00582
4.70434
4.41296
5.6089
5.30189
5.60008
5.29264
4.99753
4.69569
4.40519
3.82887
3.53625
4.11629
4.10822
3.8216
3.52876
3.81329
3.52025
3.23762
4.39623
4.09899
4.38598
4.0885
3.80384
3.51063
3.22896
4.9879
4.68573
5.58978
5.28193
5.57789
5.26967
4.97684
4.67436
4.96425
4.66149
4.37435
5.56433
5.25577
5.54901
5.24013
4.95005
4.64704
4.36125
3.79316
3.4998
3.21921
4.07666
4.06338
3.78116
3.48769
3.2083
1.53961
1.25597
0.978378
2.10225
1.81737
2.09512
1.81028
1.53324
1.2497
0.97275
2.66776
2.38091
2.94804
2.93928
2.65988
2.37298
2.65105
2.36415
2.08721
2.92946
2.91849
2.64121
2.35433
2.07842
1.52623
1.24282
0.966627
1.80243
1.79373
1.51848
1.23524
0.959921
0.712855
0.432288
0.717334
0.708334
0.427897
0.142782
-0.138538
0.14703
-0.134442
0.151327
0.703679
0.423463
0.6988
0.418896
0.13407
-0.146673
0.138492
-0.142585
-0.428296
-0.710972
-0.424507
-0.432126
-0.714445
-1.00113
-1.28576
-0.998025
-1.28304
-0.994872
-0.420668
-0.703783
-0.416689
-0.707447
-1.28017
-0.991579
-1.27707
-0.988053
0.693609
0.414107
0.688014
0.409004
0.124471
-0.155333
0.129427
-0.150892
0.681926
0.4035
0.675255
0.397503
0.113267
-0.165235
0.119115
-0.160084
-0.444754
-0.725463
-0.440265
-0.449643
-0.729633
-1.01481
-1.29703
-1.01102
-1.29398
-1.00753
-0.436085
-0.717959
-0.721601
-1.29114
-1.00427
-1.28843
-1.57645
-1.86365
-1.57427
-1.57868
-1.86529
-2.15503
-2.44539
-2.15399
-2.44495
-2.1529
-1.58102
-1.86696
-1.58359
-1.86877
-2.1573
-2.44618
-2.1561
-2.44576
-2.73759
-3.03172
-2.73793
-2.73729
-3.03061
-3.3249
-3.62339
-3.32684
-3.62616
-3.32872
-2.73821
-3.03368
-2.73835
-3.03277
-3.62878
-3.33046
-3.63117
-3.33196
-1.56704
-1.85565
-1.5641
-1.56965
-1.85805
-2.15019
-2.44242
-2.14839
-2.44086
-2.14618
-1.57203
-1.86012
-1.86196
-2.44437
-2.15166
-2.44356
-2.73825
-3.03469
-2.73782
-3.03435
-3.63322
-3.33313
-3.63486
-3.33388
-2.73697
-3.03403
-2.73562
-3.03462
-3.63599
-3.33412
-3.63652
-3.33377
0.261746
0.372168
0.827566
-0.305894
-0.195097
-0.653973
-0.542612
-0.0843
0.0264969
0.482589
-0.876694
-0.765333
-1.45199
-1.33988
-1.80703
-1.69398
-1.22777
-1.11566
-1.58093
-1.46788
-1.00355
-2.16473
-2.05056
-2.52532
-2.40983
-1.93638
-1.8222
-1.35482
-0.431252
-0.319892
0.137294
-0.891434
-1.24177
-0.779322
-0.66721
-0.208531
-2.03313
-1.92008
-2.62145
-2.50727
-2.98729
-2.8718
-2.39309
-2.27891
-3.21828
-3.10279
-3.82497
-3.70797
-4.20548
-4.08679
-3.59098
-3.47398
-3.9681
-3.84942
-3.35698
-4.59101
-4.47044
-4.98177
-4.85914
-4.34988
-4.22931
-3.73073
-2.75631
-2.64081
-3.23999
-3.61205
-3.12299
-3.006
-3.49336
-3.37467
-2.889
-4.10875
-3.98818
-4.49125
-4.36862
-3.86762
-3.74705
-3.25599
-4.73651
-4.61388
-5.37798
-5.2531
-5.77985
-5.65252
-5.12821
-5.00332
-5.52519
-5.39786
-4.87844
-6.18758
-6.05762
-6.6014
-6.46862
-5.92767
-5.79771
-5.27054
-4.24598
-4.12335
-3.62649
-4.75355
-5.14321
-4.62867
-4.50378
-4.00072
-1.12872
-1.01567
-0.555098
-1.70802
-1.59384
-2.06335
-1.94785
-1.47966
-1.36549
-0.90262
-2.29433
-2.17884
-2.772
-3.1373
-2.65501
-2.53801
-3.01861
-2.89993
-2.42102
-3.50592
-3.87809
-3.38536
-3.26479
-2.78124
-1.83236
-1.71687
-1.25131
-2.30402
-2.66255
-2.18703
-2.07003
-1.60138
0.831254
1.17972
1.17608
0.486447
0.835038
0.838965
1.18719
1.1834
1.53189
1.52832
0.141445
0.490497
-0.203965
0.145884
0.150657
0.499362
0.494786
0.843083
0.847438
1.19523
1.19111
0.504271
0.85208
0.857054
1.20421
1.19958
1.5471
1.54306
1.5355
1.88425
1.88082
1.53921
1.89129
1.88772
2.23698
2.23377
-0.549995
-0.199016
-0.896858
-0.544413
-0.538305
-0.187779
-0.193636
0.155812
-1.24476
-0.89052
-1.59393
-1.23755
-1.22962
-0.875932
-0.883561
-0.531623
-0.524319
-0.174439
-0.181395
-0.867585
-0.516346
-0.507657
-0.158616
-0.166862
0.181207
0.174047
0.161397
0.509562
0.16746
0.521478
0.515282
0.86241
0.868194
1.21453
1.20918
0.528199
0.874453
0.881236
1.22656
1.22031
1.5661
1.56083
0.188987
0.535491
-0.149655
0.197434
0.206597
0.551981
0.543403
0.88859
0.896562
1.24068
1.23333
0.561274
0.905201
0.914553
1.25727
1.24864
1.59194
1.58467
1.5718
1.9173
1.91218
1.57798
1.92888
1.92285
2.26831
2.2634
2.24024
2.59026
2.58733
1.89499
2.24359
2.24708
2.5963
2.59323
2.94426
2.94168
1.55138
1.89889
1.55594
1.90743
1.90302
2.25076
2.25468
2.6029
2.59951
2.25887
2.61043
2.60653
2.95547
2.95244
2.94688
3.29916
3.29701
2.94959
3.30364
3.30135
3.65513
3.65348
1.63368
1.7391
1.98646
2.09223
2.55244
2.65898
2.1981
2.30405
2.33981
2.44605
2.69391
2.80073
3.26428
3.37237
2.90778
3.01503
3.48069
3.58923
3.12246
3.84053
3.95015
4.4241
4.53553
4.06002
4.17012
3.69797
2.76564
2.87239
3.23004
3.80687
3.33776
3.44558
3.04892
3.15646
3.40503
3.51341
3.98151
4.09164
3.62213
3.73118
3.7624
3.87175
4.12123
4.23167
4.70552
4.8182
4.34258
4.45392
4.93136
5.04498
4.56569
5.29934
5.41454
5.90417
6.02216
5.53023
5.6464
5.15903
4.20213
4.31296
4.67785
5.27349
4.79038
4.90326
5.38833
5.50354
5.01647
5.763
5.88004
6.37907
6.49895
5.99747
6.11528
5.6191
6.14065
6.25963
6.52145
6.64251
7.15267
7.27706
6.76408
6.88615
7.40198
7.52742
7.0087
7.79928
7.92728
8.46274
8.59463
8.05583
8.18491
7.65335
6.61925
6.73993
6.23345
7.1317
7.77974
7.25513
7.37897
6.86099
3.91592
4.02509
4.28044
4.39093
4.87133
4.98369
4.50159
4.61238
4.64723
4.75917
5.12998
5.73497
5.24378
5.35783
5.85113
5.96757
5.47212
6.35195
6.9824
6.47076
6.58986
6.08426
5.09623
5.20892
5.58662
6.20118
5.70131
5.81618
5.93118
6.23782
5.92562
6.55307
6.86641
6.54733
6.85981
6.5401
6.23148
5.91871
7.18887
7.50964
7.18294
7.84006
8.16898
7.83392
8.16182
7.826
7.50277
7.17537
7.49414
7.16608
6.85159
8.15276
7.81621
8.14172
7.80446
7.48366
7.15497
6.84168
6.22367
5.91038
6.53129
6.52081
6.21431
5.90052
8.50809
8.84589
8.50174
9.19443
9.54184
9.18785
9.53408
9.1792
8.83844
8.49346
9.90054
10.2583
9.89373
10.6279
10.9967
10.6208
10.9883
10.6114
10.2502
9.88469
10.2398
9.87334
9.52413
10.9774
10.5995
10.9639
10.5851
10.227
9.85959
9.51189
8.82894
8.48316
9.16838
9.15531
8.8173
8.47075
8.80344
8.45615
8.12859
9.49729
9.13989
9.48021
9.12204
8.78726
8.43926
8.11329
10.2116
9.84335
10.9478
10.568
10.9289
10.5482
10.1936
9.82452
10.1729
9.80302
9.46058
10.9072
10.5255
10.8825
10.5
10.1495
9.77876
9.43831
8.76868
8.41999
8.09573
9.10166
9.07866
8.74759
8.39825
8.07583
6.20332
5.88906
6.82999
6.50858
6.81642
6.4945
6.1906
5.8759
7.47126
7.14196
7.79066
7.77472
7.45683
7.12695
7.44029
7.10987
6.80089
7.75654
7.73605
7.42155
7.0906
6.7833
6.17606
5.86094
6.47849
6.46045
6.15961
5.84411
6.14116
5.82531
5.53184
6.76357
6.44029
6.7416
6.41793
6.12063
5.80445
5.51274
7.40052
7.06908
8.05348
7.71315
8.02861
7.68774
7.3771
7.0452
7.35122
7.01888
6.71731
8.00112
7.65975
7.97091
7.62908
7.32277
6.99003
6.6906
6.09792
5.78144
5.4916
6.39327
6.36622
6.07295
5.75619
5.46834
8.72392
8.37395
9.41331
9.05297
9.38548
9.02447
8.69758
8.34701
10.1231
9.75165
10.8548
10.4715
10.8239
10.4398
10.0938
9.72159
10.0614
9.68851
9.35475
10.7899
10.405
10.7526
10.367
10.0259
9.6523
9.321
8.66847
8.31733
8.9931
8.95875
8.63651
8.28483
8.60159
8.2494
7.93792
9.28417
8.92133
9.24415
8.88076
8.56365
8.21097
7.90203
9.98711
9.61288
10.7119
10.3255
10.6677
10.2806
9.94501
9.57017
9.89949
9.52406
9.20086
10.6199
10.2322
10.5685
10.1802
9.85046
9.47447
9.15421
8.52258
8.16945
7.86316
8.83695
8.78981
8.47829
8.12474
7.82123
6.04561
5.72862
5.44287
6.66139
6.33671
6.62959
6.30462
6.01583
5.69863
5.4151
7.29167
6.95855
7.59563
7.55933
7.25783
6.92437
7.22116
6.88738
6.5951
7.52008
7.47779
7.18157
6.8475
6.55784
5.98352
5.66613
5.38495
6.26988
6.2324
5.94857
5.63103
5.35231
1.50992
1.22686
0.952543
2.06867
1.78409
2.05786
1.77343
1.50045
1.2176
0.944401
2.63024
2.34341
3.19612
2.90629
3.18258
2.89277
2.61808
2.33133
2.60462
2.31797
2.0459
3.16761
2.87784
3.15111
2.86141
2.58977
2.30327
2.0327
1.48998
1.20738
0.935407
1.76164
1.74865
1.47842
1.19609
0.925469
3.76775
3.47419
4.3466
4.04858
4.33031
4.03216
3.75284
3.45923
4.93415
4.63092
5.22267
5.20331
4.91645
4.61303
4.89687
4.59329
4.31227
5.18194
5.15848
4.87532
4.5716
4.29242
3.73634
3.44271
4.01403
3.99411
3.71817
3.42453
3.69822
3.40462
3.13298
4.27064
3.9723
4.24686
3.94851
3.67642
3.38287
3.11315
4.8517
4.54788
5.13283
5.10492
4.82594
4.52204
4.79793
4.49398
4.22099
5.07465
5.04192
4.76758
4.46362
4.19293
3.65267
3.35921
3.09151
3.92265
3.89464
3.62688
3.33354
3.06798
1.46568
1.18364
0.914499
2.01817
1.73436
2.00223
1.71868
1.45167
1.16996
0.902406
2.57345
2.28711
2.84338
2.82367
2.55557
2.26942
2.53603
2.25011
1.98478
2.80218
2.77884
2.51475
2.22908
1.96574
1.4363
1.15495
0.889101
1.70152
1.68279
1.41947
1.13851
0.874493
0.667913
0.390925
0.659808
0.383676
0.0997406
-0.177097
0.106839
-0.170876
0.650851
0.375666
0.640952
0.366804
0.0831718
-0.191638
0.0918815
-0.183988
-0.467603
-0.744894
-0.460977
-0.474987
-0.751197
-1.03486
-1.31321
-1.02894
-1.30839
-1.02368
-0.455021
-0.734202
-0.739259
-1.30415
-1.01901
-1.30039
0.630021
0.357001
0.617969
0.346167
0.0628419
-0.209578
0.0735219
-0.200139
0.604705
0.334212
0.590139
0.321046
0.0380324
-0.231634
0.051042
-0.220047
-0.502592
-0.775014
-0.492392
-0.51391
-0.784888
-1.06703
-1.34005
-1.05754
-1.33203
-1.04907
-0.48322
-0.758258
-0.766167
-1.32494
-1.04154
-1.3187
-1.60279
-1.8828
-1.5978
-1.60854
-1.88724
-2.17213
-2.45439
-2.1683
-2.45189
-2.16513
-1.61513
-1.89243
-1.62266
-1.89847
-2.18214
-2.46148
-2.17671
-2.45756
-2.74362
-3.02875
-2.74118
-2.74682
-3.03041
-3.31802
-3.60662
-3.3172
-3.60735
-3.31704
-2.7394
-3.02733
-2.7382
-3.02775
-3.60866
-3.31745
-3.61044
-3.31834
-1.58646
-1.87078
-1.58972
-1.8731
-2.16043
-2.44746
-2.15871
-2.44671
-1.59347
-1.87582
-1.87902
-2.44996
-2.16254
-2.44852
-2.73747
-3.02782
-2.73714
-3.02738
-3.61261
-3.31962
-3.61508
-3.3212
-2.73711
-3.02953
-3.02857
-3.61776
-3.32299
-3.62056
-3.91769
-4.22115
-3.92146
-3.91394
-4.21637
-4.51671
-4.82574
-4.52255
-4.83264
-4.52832
-3.91031
-4.21162
-3.90689
-4.20699
-4.5052
-4.81185
-4.51089
-4.81879
-5.1227
-5.43792
-5.13084
-5.1146
-5.42855
-5.73643
-6.05842
-5.74708
-6.07036
-5.75767
-5.13891
-5.45636
-5.14682
-5.44722
-6.08213
-5.7681
-6.09367
-5.77829
-3.90377
-4.20256
-3.90104
-4.19843
-4.49452
-4.79843
-4.49971
-4.80504
-3.89879
-4.1947
-3.8971
-4.19143
-4.48539
-4.78619
-4.48972
-4.79212
-5.09133
-5.40097
-5.09882
-5.08423
-5.39224
-5.69495
-6.01091
-5.70497
-6.02258
-5.71528
-5.10661
-5.41921
-5.40999
-6.03444
-5.7258
-6.04642
-6.35862
-6.688
-6.37203
-6.34524
-6.67313
-6.99004
-7.3274
-7.00642
-7.34529
-7.02274
-6.33197
-6.65829
-6.3189
-6.64355
-6.95742
-7.29149
-6.97367
-7.30944
-7.63142
-7.97736
-7.65101
-7.61184
-7.95608
-8.28351
-8.63865
-8.30654
-8.66341
-8.32951
-7.67054
-8.01963
-7.6899
-7.99858
-8.68801
-8.3523
-8.71236
-8.37485
-6.41148
-6.74588
-6.42408
-6.39855
-6.73183
-7.05481
-7.39764
-7.07037
-7.41436
-7.08552
-6.38537
-6.71744
-6.7028
-7.36302
-7.0389
-7.3805
-7.70901
-8.06089
-7.72778
-8.04043
-8.73637
-8.39705
-8.75994
-8.41882
-7.74613
-8.10042
-7.76395
-8.08092
-8.78299
-8.44007
-8.80542
-8.46071
-3.94118
-4.24964
-3.94196
-3.93971
-4.24787
-4.55666
-4.8716
-4.55949
-4.87475
-4.56154
-3.93765
-4.2454
-3.93507
-4.24234
-4.54902
-4.86303
-4.55314
-4.86766
-5.18095
-5.50297
-5.18606
-5.17515
-5.49663
-5.8148
-6.14449
-5.82241
-6.15266
-5.82924
-5.19038
-5.51319
-5.19383
-5.50851
-6.15996
-5.8352
-6.16629
-5.84019
-3.93207
-4.23876
-3.92875
-4.23476
-4.53933
-4.85205
-4.54439
-4.85779
-3.92518
-4.23044
-4.22587
-4.83938
-4.53395
-4.84588
-5.15449
-5.47383
-5.16183
-5.46527
-6.10486
-5.78815
-6.11563
-5.79757
-5.16875
-5.48961
-5.48198
-6.12589
-5.80649
-6.13554
-6.45895
-6.79693
-6.4693
-6.4479
-6.78513
-7.11416
-7.46102
-7.12747
-7.47512
-7.14001
-6.43625
-6.77262
-6.75951
-7.43055
-7.10014
-7.44614
-7.78116
-8.13752
-7.79767
-8.11932
-8.82716
-8.48065
-8.8481
-8.49979
-7.8134
-8.17145
-7.82824
-8.15492
-8.86816
-8.51806
-8.88725
-8.53535
-6.49528
-6.83539
-6.50195
-6.48756
-6.82727
-7.16234
-7.51179
-7.17197
-7.52183
-7.18045
-6.47887
-6.81809
-6.80795
-7.48834
-7.15166
-7.50059
-7.84212
-8.2015
-7.85493
-8.18701
-8.90528
-8.55159
-8.92216
-8.56667
-7.8666
-8.22696
-7.87703
-8.21485
-8.9378
-8.58052
-8.9521
-8.59303
-4.44285
-4.32416
-5.07327
-4.9527
-5.4723
-5.34967
-4.83214
-4.71157
-5.71756
-5.59493
-6.37707
-6.25218
-6.79846
-6.67114
-6.12729
-6.00241
-6.54381
-6.41648
-5.87752
-7.22723
-7.09728
-7.66359
-7.53081
-6.96732
-6.83736
-6.28915
-5.22703
-5.1044
-5.75263
-6.16183
-5.62775
-5.50287
-7.05312
-6.92579
-7.74707
-7.61711
-8.19469
-8.06192
-7.48715
-7.35719
-8.46025
-8.32747
-9.194
-9.05821
-9.6717
-9.53272
-8.92243
-8.78665
-9.39374
-9.25477
-8.65086
-10.1591
-10.0168
-10.6565
-10.5106
-9.87441
-9.73205
-9.11579
-7.92914
-7.79636
-8.51508
-8.97682
-8.3793
-8.24352
-8.83784
-8.69887
-8.10774
-9.58969
-9.44734
-10.0728
-9.92685
-9.30498
-9.16263
-8.55989
-10.3646
-10.2187
-11.164
-11.0143
-11.6818
-11.5282
-10.8646
-10.7149
-11.3746
-11.221
-10.5653
-12.2103
-12.0525
-12.7495
-12.5874
-11.8948
-11.737
-11.0673
-9.78093
-9.635
-9.02027
-10.4156
-10.9137
-10.2659
-10.1162
-9.48908
-6.0345
-5.90717
-6.7074
-6.57745
-7.13249
-6.99972
-6.44749
-6.31754
-7.39804
-7.26526
-7.97196
-8.42092
-7.83618
-7.7004
-8.28195
-8.14298
-7.56462
-8.87792
-9.34316
-8.73556
-8.59321
-8.004
-6.86694
-6.73417
-7.42884
-7.86503
-7.29306
-7.15728
-7.72606
-7.58708
-7.0215
-8.45086
-8.3085
-8.90539
-8.75947
-8.16615
-8.02379
-7.44811
-9.19724
-9.05131
-9.96654
-9.81686
-10.4528
-10.2992
-9.66718
-9.5175
-10.1456
-9.99197
-9.36782
-10.9482
-10.7905
-11.4529
-11.2908
-10.6327
-10.475
-9.83835
-8.61354
-8.46762
-7.88144
-9.21814
-9.68472
-9.06845
-8.91877
-8.32169
-10.7601
-10.6065
-11.5793
-11.4215
-12.1012
-11.9391
-11.2637
-11.106
-12.4253
-12.2633
-13.2997
-13.1331
-13.8612
-13.6899
-12.9666
-12.8
-13.5186
-13.3473
-12.6334
-14.434
-14.2578
-15.0185
-14.8373
-14.0817
-13.9055
-13.176
-11.777
-11.615
-12.4668
-13.0048
-12.3002
-12.1336
-12.8335
-12.6622
-11.967
-13.7293
-13.5532
-14.2935
-14.1123
-13.377
-13.2008
-12.4909
-14.656
-14.4748
-15.6148
-15.4283
-16.2232
-16.0313
-15.2418
-15.0553
-15.8393
-15.6474
-14.8688
-16.8439
-16.6463
-17.477
-17.2736
-16.4487
-16.2511
-15.4554
-13.9311
-13.7498
-13.0247
-14.6823
-15.2635
-14.4958
-14.3093
-13.5686
-9.53109
-9.37747
-8.76909
-10.3172
-10.1594
-10.8046
-10.6425
-10.0017
-9.84392
-9.22384
-11.1287
-10.9667
-11.8005
-12.3196
-11.6339
-11.4673
-12.1483
-11.977
-11.3007
-12.8485
-13.3873
-12.6723
-12.4962
-11.8058
-10.4804
-10.3183
-9.68615
-11.1341
-11.6345
-10.9675
-10.8009
-10.1562
-2.54387
-2.42518
-1.95303
-3.14423
-3.02367
-3.5102
-3.38757
-2.9031
-2.78254
-2.3065
-3.75546
-3.63283
-4.3789
-4.25401
-4.76122
-4.6339
-4.12913
-4.00424
-4.50657
-4.37924
-3.87936
-5.14792
-5.01796
-5.53919
-5.40642
-4.88801
-4.75805
-4.25192
-3.26494
-3.14231
-2.66197
-3.75447
-4.12459
-3.62959
-3.50471
-3.01968
-5.01588
-4.88855
-5.66775
-5.53779
-6.07029
-5.93752
-5.40783
-5.27788
-6.33584
-6.20307
-6.88572
-7.30914
-6.74994
-6.61416
-7.17016
-7.03119
-6.47837
-7.73908
-8.17577
-7.59672
-7.45437
-6.89221
-5.80474
-5.67197
-6.34259
-6.75324
-6.20681
-6.07103
-6.61426
-6.47529
-5.93525
-7.31201
-7.16966
-7.73799
-7.59207
-7.02731
-6.88495
-6.33632
-8.02984
-7.88392
-8.61941
-9.07021
-8.46973
-8.32005
-8.91659
-8.76296
-8.17037
-9.5284
-9.99417
-9.37064
-9.21288
-8.60934
-7.44615
-7.30023
-6.7426
-8.02069
-8.45571
-7.87101
-7.72133
-7.1543
-3.99727
-3.86994
-3.37982
-4.62809
-4.49814
-5.0081
-4.87532
-4.36818
-4.23823
-3.74262
-5.27364
-5.14087
-5.79947
-6.19735
-5.6637
-5.52792
-6.05838
-5.9194
-5.39214
-6.60025
-7.00838
-6.45789
-6.31554
-5.78043
-4.74255
-4.60978
-4.10828
-5.25636
-5.64146
-5.12058
-4.98481
-4.47701
-1.94456
-1.58571
-2.29687
-1.93522
-1.92498
-1.5668
-1.57669
-1.22092
-2.65108
-2.28629
-3.00739
-2.63913
-2.62608
-2.26207
-2.27471
-1.91378
-1.90157
-1.54424
-1.556
-2.24833
-1.88831
-1.87395
-1.51767
-1.53148
-1.17752
-1.18976
-1.21141
-0.858474
-1.20104
-0.837768
-0.848551
-0.498204
-3.36602
-2.99395
-3.72718
-3.35097
-3.33463
-2.96344
-2.97932
-2.61189
-4.09108
-3.7104
-4.45793
-4.07244
-4.05232
-3.67262
-3.69222
-3.31695
-3.29788
-2.92776
-2.94627
-3.65153
-3.27737
-3.25538
-2.88653
-2.90786
-2.54265
-2.56192
-2.59649
-2.23344
-2.57985
-2.20003
-2.21735
-1.85844
-1.84173
-1.48671
-1.50276
-2.18141
-1.82379
-1.80455
-1.45096
-1.46945
-1.11807
-1.1346
-2.522
-2.16145
-2.86371
-2.49991
-2.47633
-2.11733
-2.14011
-1.78398
-1.76202
-1.41006
-1.43118
-2.09307
-1.73863
-1.71376
-1.36362
-1.38755
-1.03952
-1.06111
-1.10034
-0.752345
-0.769287
-1.08137
-0.714834
-0.73421
-0.389363
-0.406641
-0.487939
-0.139931
-0.826077
-0.476815
-0.464784
-0.118001
-0.129395
0.216521
-1.16428
-0.813431
-1.14999
-0.785083
-0.799782
-0.451799
-0.437812
-0.0924478
-0.105701
-0.422775
-0.0628893
-0.078193
0.264799
0.251347
0.227256
0.571328
0.238849
0.593913
0.582192
0.924666
0.935589
1.27671
1.26661
0.60654
0.947368
0.960051
1.29939
1.28762
1.62764
1.61763
0.279251
0.620118
-0.0464887
0.294751
0.311347
0.650322
0.634696
0.973686
0.988319
1.32568
1.31206
0.667042
1.004
1.02077
1.35596
1.34029
1.67627
1.66274
1.63847
1.97764
1.96777
1.65015
1.99983
1.98831
2.32686
2.31722
-0.370892
-0.0289443
-0.69417
-0.351181
-0.330183
0.00976631
-0.0102085
0.329086
-1.01654
-0.672171
-1.3382
-0.992126
-0.966236
-0.623975
-0.648788
-0.30785
-0.284135
0.0536229
0.0310276
-0.597683
-0.25899
-0.232367
0.103006
0.0775998
0.412424
0.389637
0.348016
0.684905
0.368184
0.724248
0.703958
1.03869
1.05779
1.39061
1.37271
0.745823
1.07813
1.09976
1.43002
1.4097
1.74085
1.72304
0.436592
0.768731
0.129889
0.462188
0.489261
0.818734
0.793019
1.12272
1.14706
1.47456
1.45163
0.845925
1.17282
1.20006
1.52462
1.49888
1.82444
1.8016
1.75985
2.08959
2.07194
1.78008
2.12849
2.10842
2.43699
2.41957
2.33731
2.6755
2.66616
2.01226
2.34861
2.36081
2.69666
2.68565
3.02373
3.01475
1.6908
2.02564
1.70638
2.05543
2.04001
2.37396
2.3881
2.72141
2.70856
2.40329
2.75014
2.73526
3.06817
3.05568
3.03351
3.37173
3.36318
3.04415
3.39127
3.38107
3.71966
3.71163
3.65683
4.01236
4.01127
3.30606
3.65862
3.66054
4.01471
4.01349
4.37101
4.37056
2.95874
3.30866
2.61467
2.96229
2.96617
3.31463
3.3115
3.66265
3.66499
4.0176
4.01606
3.31807
3.66761
3.67055
4.02142
4.01937
4.37369
4.37279
4.3715
4.73127
4.73153
4.37208
4.73092
4.73105
5.09331
5.09435
2.27364
2.61929
1.93542
2.27944
2.28577
2.62984
2.62433
2.97043
1.59982
1.94254
1.60837
1.95866
1.95027
2.29266
2.30017
2.64248
2.63588
2.30834
2.65757
2.64969
2.99217
2.98593
2.97511
3.3219
2.98026
3.33086
3.32615
3.67388
3.67762
4.02654
4.02379
3.3361
3.68184
3.68657
4.03335
4.02971
4.38006
4.37796
2.99902
3.3419
3.00653
3.3554
3.34832
3.69187
3.69778
4.04223
4.03751
3.70435
4.05356
4.04756
4.39317
4.3891
4.38259
4.73462
4.73323
4.38559
4.73871
4.73643
5.0904
5.08979
5.09231
5.4573
5.45919
4.73092
5.09139
5.09061
5.45368
5.45545
5.82343
5.82624
4.37482
4.73111
4.37623
4.73221
4.73152
5.09002
5.08965
5.4506
5.45205
5.08956
5.44843
5.44938
5.81303
5.81541
5.82065
6.19186
6.19566
5.81796
6.18441
6.18809
6.56278
6.56765
4.48168
4.59334
4.84393
4.95693
5.43774
5.55347
5.07051
5.18466
5.20815
5.32262
5.57453
5.69059
6.17956
6.29885
5.80736
5.92481
6.41885
6.53955
6.04291
6.7978
6.92058
7.43071
7.55726
7.0441
7.16832
6.66092
5.6698
5.78671
6.16165
6.78294
6.28101
6.40095
5.94323
6.06102
6.31445
6.43407
6.93241
7.05575
6.55452
6.67577
6.68834
6.80993
7.06509
7.18878
7.6977
7.82559
7.31341
7.43897
7.95444
8.08423
7.56542
8.34718
8.47955
9.01499
9.15211
8.61289
8.74718
8.21493
7.17993
7.30492
7.69275
8.34651
7.82092
7.94993
8.47896
8.61226
8.07974
8.8824
9.01852
9.5693
9.71023
9.15552
9.29337
8.74637
9.29022
9.42929
9.70261
9.84475
10.4115
10.5589
9.9879
10.132
10.7074
10.8568
10.2771
11.1431
11.2961
11.8989
12.0578
11.4502
11.6052
11.0073
9.85205
9.99474
9.43207
10.4231
11.1586
10.57
10.7178
10.1383
6.90559
7.02884
7.29323
7.4188
7.9413
8.0707
7.54502
7.67185
7.68456
7.81258
8.21034
8.88129
8.34169
8.47379
9.01698
9.15342
8.6066
9.57157
10.2827
9.71187
9.85293
9.29059
8.20076
8.33145
8.7401
9.42846
8.87427
9.00909
9.56702
9.70625
9.14453
9.99473
10.1373
10.7205
10.8679
10.2805
10.4244
9.84611
10.4278
10.5738
10.8665
11.016
11.6182
11.7731
11.1663
11.3175
11.9288
12.0854
11.4694
12.3947
12.5554
13.1977
13.3643
12.7168
12.8791
12.2428
11.0161
11.165
10.5689
11.622
12.4009
11.7754
11.9295
11.3145
11.3109
11.4641
11.7612
11.9182
12.5405
12.7034
12.0762
12.235
12.2177
12.3786
12.6804
12.8453
13.4889
13.6603
13.0114
13.1785
13.8328
14.0063
13.3465
14.3261
14.5042
15.1934
15.3783
14.6833
14.8635
14.1808
12.8673
13.032
13.5156
14.3563
13.6857
13.8566
14.5328
14.7103
14.0285
15.0447
15.227
15.9398
16.129
15.4102
15.5944
14.8887
15.5644
15.7516
16.0921
16.2843
17.0238
17.2235
16.4776
16.672
17.4243
17.6263
16.8675
17.99
18.1975
18.9921
19.2076
18.406
18.6158
17.8293
16.3193
16.5106
15.7796
17.064
18.0333
17.2616
17.4601
16.7028
12.5597
12.7193
12.0842
13.0422
13.206
13.8691
14.039
13.3707
13.536
12.8796
13.5317
13.7
14.2014
15.068
14.375
14.5496
15.2482
15.4293
14.7249
15.9657
16.8959
16.1527
16.3406
15.6112
14.2096
14.381
13.7021
14.9011
15.7939
15.0781
15.2558
14.5531
6.3183
6.43561
6.70922
6.82883
7.34847
7.47104
6.94865
7.06868
7.10413
7.22616
7.50319
7.62777
8.16151
8.28954
7.7527
7.87794
8.41793
8.54665
8.00347
8.83741
8.96917
9.53236
9.66812
9.1013
9.23378
8.67568
7.59384
7.71686
8.12927
8.805
8.25533
8.38161
7.90658
8.03384
8.31449
8.44455
8.99358
9.12759
8.57507
8.70603
8.72708
8.86007
9.28058
9.98659
9.4172
9.55438
10.1277
10.2693
9.69209
10.7141
11.4646
10.8599
11.0063
10.4115
9.26207
9.397
9.83032
10.5542
9.96903
10.1082
10.6974
10.8411
10.2478
11.1532
11.3007
11.9188
12.0713
11.4487
11.5972
10.9853
11.6154
11.7668
12.2396
13.0405
12.3957
12.5524
13.2021
13.3644
12.7096
13.8688
14.726
14.0362
14.2043
13.5272
12.2243
12.3779
11.7461
12.8674
13.6906
13.0258
13.1847
12.5319
8.93458
9.06439
9.36658
9.49968
10.0776
10.2148
9.63305
9.76668
9.80427
9.94077
10.3879
11.1298
10.5283
10.6691
11.2748
11.4202
10.8103
11.8956
12.6864
12.0454
12.1956
11.566
10.3522
10.4899
10.9517
11.7121
11.0935
11.2356
1.27902
1.84229
1.8375
1.27439
2.40775
2.97686
2.97173
2.40279
2.39734
2.96594
2.95942
2.39129
1.26956
1.83236
1.82678
1.26443
3.5511
4.13193
4.12639
3.54577
4.7208
5.31919
5.31321
4.71505
4.7082
5.30599
5.29744
4.70018
3.53964
4.11991
4.1124
3.53263
3.52464
4.10376
4.09391
3.51558
4.69088
5.28747
5.276
4.68023
4.66812
5.26293
5.24817
4.65447
3.50537
4.08275
4.07021
3.49391
1.25891
1.82066
1.81391
1.25291
2.38455
2.95206
2.94379
2.37705
2.36869
2.9345
2.92412
2.35937
1.24634
1.80645
1.79819
1.23912
0.715093
0.710605
0.144905
0.149166
0.706029
0.701273
0.136303
0.140648
-0.426402
-0.4302
-0.999576
-0.99646
-0.418703
-0.4226
-0.993249
-0.989851
0.696249
0.690867
0.126994
0.131782
0.685037
0.678669
0.116258
0.121849
-0.442465
-0.447143
-1.01287
-1.00924
-0.434083
-0.438142
-1.00588
-1.00269
-1.57536
-1.57755
-2.15451
-2.15346
-1.57983
-1.58227
-2.15668
-2.15555
-2.73776
-2.73743
-3.32587
-3.32779
-2.7383
-2.73808
-3.32962
-3.33124
-1.56562
-1.56838
-2.14934
-2.14734
-1.57087
-1.57316
-2.1523
-2.15096
-2.73808
-2.73833
-3.33259
-3.33356
-2.73637
-2.73745
-3.33407
-3.33403
0.5448
-0.0217626
-0.368705
0.199409
-0.590815
-1.1637
-1.51663
-0.940272
-1.29152
-1.87194
-2.22984
-1.64476
-0.146594
-0.716847
-1.0664
-0.493422
-1.74175
-2.32631
-2.68909
-2.09913
-2.91871
-3.52031
-3.89679
-3.28787
-3.66115
-4.278
-4.66415
-4.0388
-2.45947
-3.05542
-3.42552
-2.82298
-3.18988
-3.79959
-4.17785
-3.56039
-4.421
-5.05545
-5.45211
-4.80798
-5.19994
-5.85435
-6.26237
-5.59711
-3.9347
-4.56051
-4.94778
-4.31304
-0.841285
-1.41758
-1.77059
-1.1904
-2.00022
-2.59054
-2.95425
-2.3581
-2.71861
-3.32118
-3.69155
-3.08198
-1.54097
-2.12566
-2.48298
-1.89321
1.00365
0.658862
1.01114
1.35579
0.313984
-0.0311958
0.322729
0.666856
1.0192
0.675805
1.02821
1.37119
1.70803
1.3632
1.71523
2.06056
-0.376889
-0.723309
-0.36591
-0.0214561
-1.07067
-1.41918
-1.05648
-0.710846
-0.352827
-0.695896
-0.33726
0.0035653
0.332811
-0.00999591
0.344611
0.686088
1.03855
0.698085
1.0506
1.39038
0.358508
0.0196079
0.374885
0.712178
1.06475
0.728746
1.08137
1.4164
1.74174
1.40234
1.75348
2.09282
2.41354
2.0674
2.41988
2.76716
1.723
1.38012
1.73171
2.0748
2.42679
2.08315
2.43463
2.77912
3.12159
2.77286
3.12651
3.477
1.45744
1.81001
2.37516
2.02125
2.16306
2.51676
3.08587
2.72998
3.30139
3.6604
4.2418
3.87875
2.58771
2.94388
3.51764
3.15829
2.87129
3.22682
3.80162
3.44303
3.58354
3.94162
4.5238
4.16182
4.74825
5.11506
5.71685
5.3443
4.0211
4.38365
4.9744
4.60695
5.20206
5.57531
6.18786
5.80789
5.95144
6.33065
6.95792
6.57114
7.20485
7.60012
8.25872
7.85405
6.4259
6.8135
7.45372
7.05756
3.73446
4.0979
4.68613
4.31767
4.46354
4.83153
5.43106
5.0572
5.66122
6.04187
6.6654
6.27706
4.90941
5.2838
5.89235
5.51112
5.92856
6.55038
6.5439
5.92234
7.18611
7.83721
7.83019
7.17937
7.17095
7.82135
7.81059
7.16076
5.91473
6.53589
6.52626
5.90565
8.50515
9.19139
9.18379
8.49784
9.89741
10.6247
10.6164
9.88949
9.87931
10.6058
10.5926
9.86677
8.48857
9.17407
9.16213
8.47723
8.46373
9.1479
9.13127
8.44799
9.85179
10.5769
10.5584
9.83426
9.81411
10.5372
10.5131
9.79124
8.42992
9.11217
9.09049
8.40943
5.895
6.51492
6.50178
5.8827
7.14871
7.79782
7.78296
7.13471
7.11868
7.76592
7.74659
7.10051
5.86865
6.48674
6.46972
5.85277
5.83496
6.45064
6.42939
5.81514
7.08013
7.72491
7.70076
7.05744
7.03235
7.67408
7.64475
7.00478
5.79322
6.40589
6.38005
5.7691
8.38643
9.06616
9.03907
8.36082
9.76557
10.4861
10.456
9.73699
9.70544
10.4228
10.3864
9.6708
8.33252
9.00915
8.9763
8.30144
8.26748
8.94043
8.90145
8.23057
9.633
10.3467
10.3035
9.59194
9.54754
10.2569
10.2067
9.4997
8.1906
8.85927
8.8138
8.1475
5.7427
6.35178
6.32099
5.71393
6.97463
7.61271
7.57784
6.94181
6.90623
7.54008
7.49932
6.8678
5.6827
6.28759
6.25149
5.64891
1.23115
1.78903
1.77889
1.22235
2.34901
2.91255
2.8997
2.33752
2.32481
2.88549
2.86982
2.31079
1.21262
1.76768
1.7553
1.20187
3.48112
4.05618
4.04058
3.4669
4.6392
5.23163
5.21323
4.6222
4.6034
5.19288
5.17047
4.58269
3.45117
4.02332
4.0043
3.43383
3.4148
3.98344
3.96065
3.39398
4.56
5.14593
5.11917
4.53523
4.50829
5.09008
5.0586
4.47909
3.37129
3.93584
3.90892
3.34663
1.19001
1.74167
1.72669
1.17696
2.29537
2.8526
2.83374
2.27846
2.25997
2.81315
2.79075
2.23981
1.16263
1.71029
1.69236
1.14692
0.671673
0.663961
0.103379
0.110131
0.655442
0.646025
0.0876386
0.0959117
-0.464201
-0.471195
-1.03181
-1.02624
-0.452265
-0.457921
-1.02128
-1.01685
0.635621
0.624141
0.0683163
0.07847
0.611494
0.59759
0.044694
0.0570875
-0.497358
-0.508105
-1.06215
-1.05318
-0.478992
-0.487683
-1.0452
-1.0381
-1.60021
-1.60556
-2.17012
-2.16664
-1.61172
-1.61877
-2.17932
-2.17432
-2.74232
-2.74512
-3.31753
-3.31704
-2.73873
-2.74022
-3.31718
-3.31784
-1.58498
-1.58803
-2.15952
-2.15797
-1.59153
-1.59556
-2.16377
-2.16143
-2.73726
-2.73778
-3.31893
-3.32037
-2.73718
-2.73709
-3.32207
-3.32393
-3.91958
-3.9158
-4.51963
-4.52545
-3.9121
-3.90857
-4.50803
-4.51379
-5.12677
-5.11864
-5.74176
-5.75239
-5.14289
-5.13488
-5.76291
-5.77323
-3.90529
-3.90235
-4.49707
-4.50242
-3.89985
-3.89787
-4.48749
-4.49206
-5.09503
-5.08772
-5.69992
-5.71009
-5.11058
-5.10268
-5.72052
-5.7311
-6.36533
-6.35192
-6.99823
-7.0146
-6.33859
-6.3254
-6.96553
-6.98185
-7.64122
-7.62162
-8.29503
-8.31804
-7.68024
-7.66079
-8.34093
-8.36361
-6.41783
-6.40505
-7.06264
-7.078
-6.39198
-6.37871
-7.03084
-7.04689
-7.71845
-7.69949
-8.386
-8.408
-7.75511
-7.73701
-8.42952
-8.45047
-3.94166
-3.94053
-4.55817
-4.56062
-3.93875
-3.93642
-4.55115
-4.55498
-5.1836
-5.17813
-5.8187
-5.82593
-5.19222
-5.18832
-5.83234
-5.83782
-3.93362
-3.93044
-4.54191
-4.54676
-3.92699
-3.92333
-4.53116
-4.53668
-5.15821
-5.15069
-5.78327
-5.79292
-5.17202
-5.16535
-5.8021
-5.81072
-6.46422
-6.45351
-7.12091
-7.13384
-6.44215
-6.43022
-7.0929
-7.10723
-7.78951
-7.77263
-8.47077
-8.49032
-7.82094
-7.80564
-8.50904
-8.52683
-6.49876
-6.49155
-7.1673
-7.17636
-6.48333
-6.47419
-7.14595
-7.15713
-7.84866
-7.83531
-8.54361
-8.55928
-7.87198
-7.86092
-8.57375
-8.58694
-4.13243
-4.75641
-5.15045
-4.5172
-5.3936
-6.04533
-6.46077
-5.79786
-6.20861
-6.88329
-7.31311
-6.62606
-4.9073
-5.55039
-5.95644
-5.30292
-6.71294
-7.39778
-7.83848
-7.14053
-8.10117
-8.82447
-9.29429
-8.55595
-9.01958
-9.77354
-10.2624
-9.49225
-7.57579
-8.28744
-8.74486
-8.01893
-8.47016
-9.21097
-9.68596
-8.92968
-9.97419
-10.7612
-11.27
-10.4656
-10.9667
-11.7891
-12.3186
-11.4777
-9.39772
-10.17
-10.6635
-9.87449
-5.70427
-6.36882
-6.78774
-6.11158
-7.05042
-7.75042
-8.19545
-7.48191
-7.92074
-8.6484
-9.10949
-8.36712
-6.52506
-7.21341
-7.64604
-6.9449
-7.37133
-8.08584
-8.53303
-7.80456
-8.82127
-9.57894
-10.0569
-9.28338
-9.75369
-10.5437
-11.0395
-10.2324
-8.2448
-8.98782
-9.45043
-8.69226
-10.3602
-11.1664
-11.6791
-10.8551
-11.9989
-12.8589
-13.4101
-12.5303
-13.0723
-13.9724
-14.5461
-13.625
-11.3593
-12.2017
-12.7345
-11.8731
-12.3967
-13.2776
-13.8314
-12.9302
-14.1888
-15.1313
-15.7283
-14.7636
-15.3499
-16.3372
-16.9584
-15.9478
-13.474
-14.3959
-14.9715
-14.0282
-9.14716
-9.92105
-10.3999
-9.60971
-10.7197
-11.5445
-12.0588
-11.2158
-11.721
-12.5828
-13.1167
-12.2354
-10.0801
-10.8872
-11.3832
-10.5586
-2.24734
-2.84277
-3.20525
-2.60357
-3.4484
-4.06557
-4.44345
-3.8181
-4.19128
-4.82539
-5.21163
-4.56816
-2.96211
-3.57063
-3.93912
-3.32316
-4.69561
-5.33987
-5.737
-5.08263
-5.99969
-6.67639
-7.09662
-6.40788
-6.82191
-7.52328
-7.95657
-7.24199
-5.47431
-6.13937
-6.54721
-5.87086
-6.2725
-6.96071
-7.3801
-6.67943
-7.66833
-8.3967
-8.8439
-8.10115
-8.54064
-9.29837
-9.76032
-8.98703
-7.09187
-7.80559
-8.23739
-7.51004
-3.68696
-4.31092
-4.68626
-4.05369
-4.94894
-5.60236
-5.9978
-5.33385
-5.72309
-6.39815
-6.80365
-6.11688
-4.42358
-5.06535
-5.44839
-4.79685
-1.76905
-2.12049
-1.75067
-1.40301
-2.47373
-2.82896
-2.45018
-2.09965
-1.72865
-2.07479
-1.70261
-1.36054
-1.03941
-1.38359
-1.0191
-0.678078
-3.1864
-3.54627
-3.1567
-2.80246
-3.90877
-4.27412
-3.87194
-3.51313
-3.12183
-3.47443
-3.08141
-2.73471
-2.42222
-2.77117
-2.38948
-2.04552
-1.67217
-2.01147
-1.63696
-1.30201
-2.35158
-2.6927
-2.30812
-1.97226
-1.59659
-1.92751
-1.55067
-1.22438
-0.934852
-1.26577
-0.89773
-0.570522
-0.318828
-0.657013
-0.297152
0.038512
-0.995157
-1.33347
-0.967201
-0.632319
-0.271849
-0.603615
-0.24254
0.0864275
0.394119
0.0606583
0.416594
0.74817
1.10084
0.770831
1.12355
1.45231
0.442688
0.116201
0.472784
0.79711
1.14987
0.827386
1.18018
1.50114
1.80275
1.47492
1.82512
2.15233
-0.208844
-0.532658
-0.17038
0.150358
-0.855454
-1.17744
-0.807643
-0.489643
-0.126769
-0.441098
-0.0776293
0.233347
0.507261
0.18928
0.546499
0.86204
1.21487
0.901452
1.25432
1.56593
0.590878
0.282938
0.64078
0.946003
1.2989
0.996073
1.34899
1.64974
1.9154
1.60527
1.95448
2.26344
2.50125
2.17432
2.52271
2.84966
1.8511
1.53135
1.88106
2.19992
2.54778
2.2295
2.57683
2.89486
3.19775
2.87046
3.21774
3.54569
3.83358
3.481
3.83651
4.1915
3.13198
2.78632
3.13839
3.48555
3.83999
3.49102
3.8444
4.19549
4.55093
4.19322
4.55131
4.91206
2.44379
2.10419
2.45465
2.79483
1.76731
1.43293
1.7836
2.11765
2.4676
2.13357
2.483
2.81733
3.14611
2.80504
3.15553
3.49781
3.85011
3.50629
3.85752
4.20318
3.16702
2.83207
3.18096
3.51685
3.86699
3.52985
3.87891
4.21762
4.5572
4.20937
4.56203
4.91235
5.27505
4.91094
5.2723
5.64009
4.55222
4.19868
4.55406
4.91036
5.27009
4.91071
5.26879
5.63158
6.00734
5.63556
6.00091
6.377
4.30124
4.66257
5.25384
4.88775
5.02578
5.39106
5.99313
5.62224
6.23052
6.60794
7.23696
6.85209
5.48425
5.85601
6.47057
6.09221
5.75858
6.12852
6.74309
6.36669
6.50105
6.87634
7.50513
7.12251
7.75948
8.15033
8.81341
8.4134
6.98846
7.37224
8.01744
7.62535
8.27884
8.68014
9.36182
8.95038
9.08575
9.49583
10.1991
9.77799
10.4916
10.9246
11.6738
11.228
9.64144
10.0639
10.7879
10.3535
6.71309
7.09896
7.74266
7.34836
7.48842
7.88166
8.54349
8.14097
8.81121
9.22392
9.92442
9.5006
7.99948
8.40312
9.08182
8.66792
9.35514
9.78022
10.4998
10.0626
10.2106
10.6465
11.3915
10.9427
11.6983
12.161
12.9564
12.4789
10.7918
11.242
12.0082
11.5441
11.088
11.5353
12.3075
11.8464
11.9887
12.4482
13.2493
12.7751
13.5888
14.0785
14.9374
14.4311
12.6302
13.106
13.9323
13.4408
14.2797
14.7878
15.674
15.1485
15.3036
15.8272
16.7497
16.2077
17.1448
17.7061
18.6979
18.1165
16.0484
16.5923
17.5443
16.9811
12.3211
12.8001
13.6189
13.1242
13.2861
13.7792
14.6309
14.1211
14.9856
15.5129
16.4267
15.8809
13.9549
14.4663
15.3436
14.8146
6.12428
6.51328
7.14802
6.75034
6.90617
7.30313
7.95652
7.55002
8.21009
8.62703
9.31614
8.88782
7.39079
7.79806
8.46486
8.04707
7.70433
8.10996
8.7837
8.36768
8.52019
8.93519
9.63098
9.20474
9.90917
10.3476
11.0864
10.6349
9.04908
9.4764
10.1895
9.74998
10.4719
10.9245
11.6829
11.2162
11.3835
11.849
12.6368
12.1564
12.955
13.4512
14.2937
13.7807
11.9844
12.4661
13.2756
12.778
8.72065
9.14988
9.85458
9.41301
9.5847
10.0253
10.756
10.3022
11.0417
11.5096
12.2878
11.8048
10.1256
10.5804
11.3289
10.8599
