FiniteElementSpace
FiniteElementCollection: H1_2D_P2
VDim: 1
Ordering: 0

1.1294
1
1
1.61803
1
1.61803
1.12667
1.24861
1.2486
1.12667
1.2486
1.2486
1.12667
1.15763
1.15763
1.12931
1.13256
1.12931
1.13256
1.13256
1.12931
1.13256
1.13256
1.12931
1.13256
1.12931
1.10318
1.1078
1.10318
1.19698
1.42338
1.42338
1.19698
1.10318
1.1078
1.10318
1.19698
1.42338
1.42338
1.19698
1.10318
1.1078
1.10318
1.13033
1.13033
1.13033
1.13033
1.12601
1.12601
1.29874
1.126
1.126
1.29874
1.126
1.126
1.12939
1.12949
1.12949
1.12939
1.13166
1.12737
1.12875
1.12949
1.12949
1.12939
1.12737
1.13166
1.14284
1.14284
1.13166
1.12737
1.12875
1.12949
1.12949
1.12939
1.12737
1.13165
1.14283
1.14283
1.13165
1.12737
1.12875
1.12949
1.12949
1.12939
1.12737
1.13166
1.13137
1.10902
1.12099
1.11558
1.04541
1.07871
1.10902
1.13137
1.04541
1.11558
1.17149
1.22092
1.15656
1.17592
1.24482
1.24482
1.17592
1.333
1.35822
1.51868
1.51868
1.35821
1.333
1.22092
1.13137
1.10902
1.12099
1.15656
1.17149
1.11558
1.04541
1.07871
1.10902
1.13137
1.04541
1.11558
1.17149
1.22092
1.15656
1.17592
1.24482
1.24482
1.17592
1.333
1.35821
1.51868
1.51868
1.35821
1.333
1.22092
1.13137
1.10902
1.12099
1.15656
1.17149
1.11558
1.04541
1.07871
1.10902
1.13137
1.04541
1.11558
1.12943
1.12918
1.12943
1.12918
1.1364
1.12918
1.12943
1.12918
1.1364
1.12918
1.12943
1.12918
1.12187
1.08318
1.12187
1.08318
1.16319
1.14986
1.20791
1.28639
1.43568
1.28638
1.12187
1.14986
1.16318
1.08318
1.12187
1.08318
1.16318
1.14986
1.20791
1.28638
1.43568
1.28638
1.12187
1.14986
1.16318
1.08318
1.12187
1.08318
1.1294
1.1294
1.1294
1.1294
1.12938
1.12933
1.12947
1.12983
1.12983
1.12947
1.12933
1.12938
1.12944
1.12876
1.12914
1.13097
1.13013
1.13225
1.12934
1.12857
1.12655
1.12801
1.1294
1.1294
1.1294
1.12933
1.12947
1.12983
1.12983
1.12947
1.12933
1.12938
1.12876
1.12944
1.12655
1.12857
1.12933
1.13225
1.13013
1.13097
1.13376
1.13376
1.13097
1.13708
1.13947
1.14973
1.14973
1.13947
1.13708
1.13225
1.12944
1.12876
1.12914
1.13013
1.12933
1.12857
1.12655
1.12801
1.1294
1.1294
1.1294
1.12933
1.12947
1.12983
1.12983
1.12947
1.12933
1.12938
1.12876
1.12944
1.12655
1.12857
1.12933
1.13225
1.13013
1.13097
1.13376
1.13376
1.13097
1.13708
1.13947
1.14973
1.14973
1.13947
1.13708
1.13225
1.12944
1.12876
1.12914
1.13013
1.12933
1.12857
1.12655
1.12801
1.1294
1.1294
1.1294
1.12933
1.12947
1.12983
1.12983
1.12947
1.12933
1.12938
1.12876
1.12944
1.12655
1.12857
1.12933
1.13225
1.13013
1.13097
1.12527
1.12049
1.12449
1.13236
1.12547
1.12933
1.11562
1.11668
1.10661
1.11573
1.09824
1.07758
1.09638
1.12136
1.09702
1.10931
1.07286
1.06532
1.02105
1.05352
1.12049
1.12527
1.10661
1.11668
1.11562
1.12933
1.12547
1.13236
1.07758
1.09824
1.02105
1.06532
1.07286
1.10931
1.09702
1.12136
1.1379
1.15981
1.13985
1.13613
1.16699
1.20905
1.23423
1.19097
1.20855
1.17572
1.13957
1.14635
1.15328
1.18612
1.16206
1.1664
1.19125
1.19125
1.1664
1.22008
1.22578
1.27107
1.27107
1.22578
1.22008
1.18612
1.25279
1.26501
1.28998
1.30902
1.37752
1.39005
1.32156
1.32779
1.39627
1.39627
1.32779
1.47048
1.47646
1.5679
1.5679
1.47646
1.47048
1.39005
1.26501
1.25279
1.20855
1.32156
1.37751
1.30902
1.28998
1.23422
1.12527
1.12049
1.12448
1.13236
1.12547
1.12933
1.11562
1.11668
1.10661
1.11572
1.14635
1.13957
1.16206
1.17572
1.15328
1.13985
1.1598
1.1379
1.12136
1.19097
1.20904
1.16699
1.13613
1.10931
1.09824
1.07758
1.09638
1.09702
1.07286
1.06532
1.02104
1.05352
1.12049
1.12527
1.10661
1.11668
1.11562
1.12933
1.12547
1.13236
1.07758
1.09824
1.02104
1.06532
1.07286
1.10931
1.09702
1.12136
1.1379
1.1598
1.13985
1.13613
1.16699
1.20904
1.23422
1.19097
1.20855
1.17572
1.13956
1.14635
1.15327
1.18611
1.16206
1.1664
1.19125
1.19125
1.1664
1.22007
1.22578
1.27107
1.27107
1.22578
1.22007
1.18611
1.25279
1.26501
1.28998
1.30901
1.37751
1.39005
1.32156
1.32779
1.39626
1.39626
1.32779
1.47047
1.47646
1.5679
1.5679
1.47646
1.47047
1.39005
1.26501
1.25279
1.20855
1.32156
1.37751
1.30901
1.28998
1.23422
1.12527
1.12049
1.12448
1.13236
1.12547
1.12933
1.11562
1.11668
1.10661
1.11572
1.14635
1.13956
1.16206
1.17572
1.15327
1.13985
1.1598
1.1379
1.12136
1.19097
1.20904
1.16699
1.13613
1.10931
1.09824
1.07758
1.09638
1.09702
1.07286
1.06532
1.02104
1.05352
1.12049
1.12527
1.10661
1.11668
1.11562
1.12933
1.12547
1.13236
1.07758
1.09824
1.02104
1.06532
1.07286
1.10931
1.09702
1.12136
1.1294
1.12939
1.12962
1.12939
1.12916
1.13003
1.12997
1.12797
1.1294
1.12939
1.12962
1.12939
1.12916
1.12797
1.12997
1.13003
1.13224
1.13543
1.14428
1.13543
1.12916
1.13003
1.12997
1.12796
1.1294
1.12939
1.12962
1.12939
1.12916
1.12796
1.12997
1.13003
1.13224
1.13543
1.14428
1.13543
1.12916
1.13003
1.12997
1.12796
1.1294
1.12939
1.12962
1.12939
1.12916
1.12796
1.12997
1.13003
1.1242
1.12795
1.12149
1.11487
1.09454
1.10741
1.08508
1.05175
1.1242
1.11487
1.12149
1.12795
1.09454
1.05175
1.08508
1.10741
1.13906
1.13678
1.19956
1.18309
1.13852
1.14004
1.16873
1.1557
1.17829
1.20519
1.24777
1.20519
1.23592
1.27077
1.34882
1.29566
1.36133
1.43262
1.52154
1.43262
1.23592
1.29566
1.34882
1.27077
1.1242
1.12794
1.12148
1.11487
1.13852
1.1557
1.16873
1.14003
1.13906
1.18309
1.19956
1.13678
1.09454
1.10741
1.08508
1.05175
1.12419
1.11487
1.12148
1.12794
1.09454
1.05175
1.08508
1.10741
1.13906
1.13677
1.19955
1.18309
1.13852
1.14003
1.16873
1.1557
1.17829
1.20519
1.24776
1.20519
1.23592
1.27077
1.34882
1.29566
1.36133
1.43262
1.52154
1.43262
1.23592
1.29566
1.34882
1.27077
1.12419
1.12794
1.12148
1.11487
1.13852
1.1557
1.16873
1.14003
1.13906
1.18309
1.19955
1.13677
1.09454
1.10741
1.08508
1.05175
1.12419
1.11487
1.12148
1.12794
1.09454
1.05175
1.08508
1.10741
