FiniteElementSpace
FiniteElementCollection: H1_2D_P2
VDim: 2
Ordering: 1

0 0
-0.0405937 -0.046998
-0.0804632 -0.172145
-0.114286 -0.370944
-0.14196 -0.631239
-0.163485 -0.940734
-0.178861 -1.28713
-0.188089 -1.65813
-0.191269 -2.04158
0 0
0.0405937 -0.046998
0.0804632 -0.172145
0.114286 -0.370944
0.14196 -0.631239
0.163485 -0.940734
0.178861 -1.28713
0.188089 -1.65813
0.191269 -2.04158
-0.0175038 -0.0172496
-5.75046e-14 -0.0369737
0.0175038 -0.0172496
0 0
-0.0612317 -0.099675
-1.2838e-13 -0.163374
0.0612317 -0.099675
-0.0981418 -0.26309
-1.95522e-13 -0.363631
0.0981418 -0.26309
-0.128892 -0.494173
-2.59461e-13 -0.625389
0.128892 -0.494173
-0.153492 -0.780605
-3.17544e-13 -0.936347
0.153492 -0.780605
-0.171942 -1.11009
-3.67912e-13 -1.2842
0.171942 -1.11009
-0.184242 -1.47032
-4.16101e-13 -1.65666
0.184242 -1.47032
-0.190386 -1.84899
-4.50743e-13 -2.04137
0.190386 -1.84899
-2.12391e-14 -0.00464295
-9.31177e-14 -0.0901381
-1.62161e-13 -0.255046
-2.2773e-13 -0.487591
-2.91797e-13 -0.775487
-3.44994e-13 -1.10643
-3.87728e-13 -1.46813
-4.36981e-13 -1.84829
-0.00594957 -0.0079553
-0.00834193 -0.00785239
-6.77037e-15 0.000498084
0 0
-0.0296196 -0.0290353
-0.0200093 -0.0394766
-3.92043e-14 -0.0180311
0.0200093 -0.0394766
0.0296196 -0.0290353
0.00834193 -0.00785239
0.00594957 -0.0079553
0 0
-0.0510513 -0.070784
-0.0303264 -0.0925239
-7.54531e-14 -0.060962
-0.0710457 -0.133503
-0.0399466 -0.165567
-1.10765e-13 -0.124354
0.0399466 -0.165567
0.0710457 -0.133503
0.0303264 -0.0925239
0.0510513 -0.070784
-0.089493 -0.215408
-0.0487866 -0.257057
-1.45543e-13 -0.207
-0.106405 -0.314999
-0.0568588 -0.365459
-1.78529e-13 -0.307321
0.0568588 -0.365459
0.106405 -0.314999
0.0487866 -0.257057
0.089493 -0.215408
-0.12178 -0.430732
-0.064162 -0.489237
-2.12421e-13 -0.423786
-0.135618 -0.561072
-0.0706964 -0.626851
-2.42571e-13 -0.554857
0.0706964 -0.626851
0.135618 -0.561072
0.064162 -0.489237
0.12178 -0.430732
-0.147918 -0.704481
-0.076462 -0.776766
-2.76768e-13 -0.698996
-0.15868 -0.85942
-0.0814589 -0.937443
-3.04942e-13 -0.854667
0.0814589 -0.937443
0.15868 -0.85942
0.076462 -0.776766
0.147918 -0.704481
-0.167905 -1.02435
-0.085687 -1.10735
-3.31283e-13 -1.02033
-0.175593 -1.19774
-0.0891462 -1.28494
-3.58152e-13 -1.19445
0.0891462 -1.28494
0.175593 -1.19774
0.085687 -1.10735
0.167905 -1.02435
-0.181743 -1.37805
-0.0918363 -1.46868
-3.76445e-13 -1.37549
-0.186356 -1.56374
-0.0937581 -1.65703
-4.01479e-13 -1.56191
0.0937581 -1.65703
0.186356 -1.56374
0.0918363 -1.46868
0.181743 -1.37805
-0.189435 -1.75328
-0.0948985 -1.84846
-4.26488e-13 -1.75219
-0.190975 -1.94515
-0.0953364 -2.04143
-4.44672e-13 -1.94474
0.0953364 -2.04143
0.190975 -1.94515
0.0948985 -1.84846
0.189435 -1.75328
-0.00260967 -0.00151649
-0.0145074 -0.0208015
0.0145074 -0.0208015
0.00260967 -0.00151649
-0.0252337 -0.0634172
-0.0352371 -0.126642
0.0352371 -0.126642
0.0252337 -0.0634172
-0.0444623 -0.209102
-0.052919 -0.30924
0.052919 -0.30924
0.0444623 -0.209102
-0.0606066 -0.425522
-0.0675254 -0.55641
0.0675254 -0.55641
0.0606066 -0.425522
-0.0736754 -0.700367
-0.0790566 -0.855856
0.0790566 -0.855856
0.0736754 -0.700367
-0.0836691 -1.02134
-0.0875128 -1.19528
0.0875128 -1.19528
0.0836691 -1.02134
-0.0905876 -1.37613
-0.092893 -1.56237
0.092893 -1.56237
0.0905876 -1.37613
-0.0944289 -1.75246
-0.0951829 -1.94484
0.0951829 -1.94484
0.0944289 -1.75246
