MFEM mesh v1.0

#
# MFEM Geometry Types (see mesh/geom.hpp):
#
# POINT       = 0
# SEGMENT     = 1
# TRIANGLE    = 2
# SQUARE      = 3
# TETRAHEDRON = 4
# CUBE        = 5
# PRISM       = 6
#

dimension
2

elements
32
1 3 0 18 43 21
1 3 18 1 19 43
1 3 43 19 10 20
1 3 21 43 20 9
1 3 1 22 44 19
1 3 22 2 23 44
1 3 44 23 11 24
1 3 19 44 24 10
1 3 2 25 45 23
1 3 25 3 26 45
1 3 45 26 12 27
1 3 23 45 27 11
1 3 3 28 46 26
1 3 28 4 29 46
1 3 46 29 13 30
1 3 26 46 30 12
2 3 4 31 47 29
2 3 31 5 32 47
2 3 47 32 14 33
2 3 29 47 33 13
2 3 5 34 48 32
2 3 34 6 35 48
2 3 48 35 15 36
2 3 32 48 36 14
2 3 6 37 49 35
2 3 37 7 38 49
2 3 49 38 16 39
2 3 35 49 39 15
2 3 7 40 50 38
2 3 40 8 41 50
2 3 50 41 17 42
2 3 38 50 42 16

boundary
36
3 1 0 18
3 1 18 1
3 1 1 22
3 1 22 2
3 1 2 25
3 1 25 3
3 1 3 28
3 1 28 4
3 1 4 31
3 1 31 5
3 1 5 34
3 1 34 6
3 1 6 37
3 1 37 7
3 1 7 40
3 1 40 8
3 1 10 20
3 1 20 9
3 1 11 24
3 1 24 10
3 1 12 27
3 1 27 11
3 1 13 30
3 1 30 12
3 1 14 33
3 1 33 13
3 1 15 36
3 1 36 14
3 1 16 39
3 1 39 15
3 1 17 42
3 1 42 16
1 1 9 21
1 1 21 0
2 1 8 41
2 1 41 17

vertices
51

nodes
FiniteElementSpace
FiniteElementCollection: H1_2D_P2
VDim: 2
Ordering: 1

0 0
0.959406 -0.046998
1.91954 -0.172145
2.88571 -0.370944
3.85804 -0.631239
4.83651 -0.940734
5.82114 -1.28713
6.81191 -1.65813
7.80873 -2.04158
0 1
1.04059 0.953002
2.08046 0.827855
3.11429 0.629056
4.14196 0.368761
5.16349 0.0592659
6.17886 -0.287129
7.18809 -0.658128
8.19127 -1.04158
0.482496 -0.0172496
1 0.463026
0.517504 0.98275
0 0.5
1.43877 -0.099675
2 0.336626
1.56123 0.900325
2.40186 -0.26309
3 0.136369
2.59814 0.73691
3.37111 -0.494173
4 -0.125389
3.62889 0.505827
4.34651 -0.780605
5 -0.436347
4.65349 0.219395
5.32806 -1.11009
6 -0.784204
5.67194 -0.110088
6.31576 -1.47032
7 -1.15666
6.68424 -0.470321
7.30961 -1.84899
8 -1.54137
7.69039 -0.848989
0.5 0.495357
1.5 0.409862
2.5 0.244954
3.5 0.0124087
4.5 -0.275487
5.5 -0.606432
6.5 -0.968128
7.5 -1.34829
0.24405 -0.0079553
0.491658 0.242148
0.25 0.500498
0 0.25
0.72038 -0.0290353
0.979991 0.210523
0.75 0.481969
1.02001 0.710523
0.77962 0.970965
0.508342 0.742148
0.25595 0.992045
0 0.75
1.19895 -0.070784
1.46967 0.157476
1.25 0.439038
1.67895 -0.133503
1.96005 0.0844332
1.75 0.375646
2.03995 0.584433
1.82105 0.866497
1.53033 0.657476
1.30105 0.929216
2.16051 -0.215408
2.45121 -0.00705693
2.25 0.293
2.64359 -0.314999
2.94314 -0.115459
2.75 0.192679
3.05686 0.384541
2.85641 0.685001
2.54879 0.492943
2.33949 0.784592
3.12822 -0.430732
3.43584 -0.239237
3.25 0.0762145
3.61438 -0.561072
3.9293 -0.376851
3.75 -0.0548565
4.0707 0.123149
3.88562 0.438928
3.56416 0.260763
3.37178 0.569268
4.10208 -0.704481
4.42354 -0.526766
4.25 -0.198996
4.59132 -0.85942
4.91854 -0.687443
4.75 -0.354667
5.08146 -0.187443
4.90868 0.14058
4.57646 -0.0267662
4.39792 0.295519
5.08209 -1.02435
5.41431 -0.857346
5.25 -0.520332
5.57441 -1.19774
5.91085 -1.03494
5.75 -0.694453
6.08915 -0.534936
5.92559 -0.197744
5.58569 -0.357346
5.41791 -0.024354
6.06826 -1.37805
6.40816 -1.21868
6.25 -0.875493
6.56364 -1.56374
6.90624 -1.40703
6.75 -1.06191
7.09376 -0.907029
6.93636 -0.563743
6.59184 -0.718676
6.43174 -0.378052
7.06056 -1.75328
7.4051 -1.59846
7.25 -1.25219
7.55903 -1.94515
7.90466 -1.79143
7.75 -1.44474
8.09534 -1.29143
7.94097 -0.945148
7.5949 -1.09846
7.43944 -0.753275
0.24739 0.248484
0.735493 0.229198
0.764507 0.729198
0.25261 0.748484
1.22477 0.186583
1.71476 0.123358
1.78524 0.623358
1.27523 0.686583
2.20554 0.040898
2.69708 -0.0592402
2.80292 0.44076
2.29446 0.540898
3.18939 -0.175522
3.68247 -0.30641
3.81753 0.19359
3.31061 0.324478
4.17632 -0.450367
4.67094 -0.605856
4.82906 -0.105856
4.32368 0.0496326
5.16633 -0.771338
5.66249 -0.945276
5.83751 -0.445276
5.33367 -0.271338
6.15941 -1.12613
6.65711 -1.31237
6.84289 -0.812372
6.34059 -0.626133
7.15557 -1.50246
7.65482 -1.69484
7.84518 -1.19484
7.34443 -1.00246
