FiniteElementSpace
FiniteElementCollection: H1_3D_P1
VDim: 3
Ordering: 1

0 0 0
-0.009375 0 0.065625
-0.0375 0 0.225
-0.084375 0 0.421875
-0.15 0 0.6
-0.234375 0 0.703125
-0.3375 0 0.675
-0.459375 0 0.459375
-0.6 0 0
0 0 0
-0.009375 0 0.065625
-0.0375 0 0.225
-0.084375 0 0.421875
-0.15 0 0.6
-0.234375 0 0.703125
-0.3375 0 0.675
-0.459375 0 0.459375
-0.6 0 0
0 0 0
-0.009375 0 0.065625
-0.0375 0 0.225
-0.084375 0 0.421875
-0.15 0 0.6
-0.234375 0 0.703125
-0.3375 0 0.675
-0.459375 0 0.459375
-0.6 0 0
0 0 0
-0.009375 0 0.065625
-0.0375 0 0.225
-0.084375 0 0.421875
-0.15 0 0.6
-0.234375 0 0.703125
-0.3375 0 0.675
-0.459375 0 0.459375
-0.6 0 0
-0.00234375 0 0.0175781
-0.009375 0 0.065625
-0.00234375 0 0.0175781
0 0 0
-0.00234375 0 0.0175781
-0.009375 0 0.065625
-0.00234375 0 0.0175781
0 0 0
0 0 0
-0.009375 0 0.065625
-0.009375 0 0.065625
0 0 0
-0.0210938 0 0.137109
-0.0375 0 0.225
-0.0210938 0 0.137109
-0.0210938 0 0.137109
-0.0375 0 0.225
-0.0210938 0 0.137109
-0.0375 0 0.225
-0.0375 0 0.225
-0.0585938 0 0.322266
-0.084375 0 0.421875
-0.0585938 0 0.322266
-0.0585938 0 0.322266
-0.084375 0 0.421875
-0.0585938 0 0.322266
-0.084375 0 0.421875
-0.084375 0 0.421875
-0.114844 0 0.516797
-0.15 0 0.6
-0.114844 0 0.516797
-0.114844 0 0.516797
-0.15 0 0.6
-0.114844 0 0.516797
-0.15 0 0.6
-0.15 0 0.6
-0.189844 0 0.664453
-0.234375 0 0.703125
-0.189844 0 0.664453
-0.189844 0 0.664453
-0.234375 0 0.703125
-0.189844 0 0.664453
-0.234375 0 0.703125
-0.234375 0 0.703125
-0.283594 0 0.708984
-0.3375 0 0.675
-0.283594 0 0.708984
-0.283594 0 0.708984
-0.3375 0 0.675
-0.283594 0 0.708984
-0.3375 0 0.675
-0.3375 0 0.675
-0.396094 0 0.594141
-0.459375 0 0.459375
-0.396094 0 0.594141
-0.396094 0 0.594141
-0.459375 0 0.459375
-0.396094 0 0.594141
-0.459375 0 0.459375
-0.459375 0 0.459375
-0.527344 0 0.263672
-0.6 0 0
-0.527344 0 0.263672
-0.527344 0 0.263672
-0.6 0 0
-0.527344 0 0.263672
-0.6 0 0
-0.6 0 0
-0.00234375 0 0.0175781
-0.00234375 0 0.0175781
-0.009375 0 0.065625
-0.00234375 0 0.0175781
0 0 0
-0.00234375 0 0.0175781
-0.0210938 0 0.137109
-0.0210938 0 0.137109
-0.0375 0 0.225
-0.0210938 0 0.137109
-0.0210938 0 0.137109
-0.0585938 0 0.322266
-0.0585938 0 0.322266
-0.084375 0 0.421875
-0.0585938 0 0.322266
-0.0585938 0 0.322266
-0.114844 0 0.516797
-0.114844 0 0.516797
-0.15 0 0.6
-0.114844 0 0.516797
-0.114844 0 0.516797
-0.189844 0 0.664453
-0.189844 0 0.664453
-0.234375 0 0.703125
-0.189844 0 0.664453
-0.189844 0 0.664453
-0.283594 0 0.708984
-0.283594 0 0.708984
-0.3375 0 0.675
-0.283594 0 0.708984
-0.283594 0 0.708984
-0.396094 0 0.594141
-0.396094 0 0.594141
-0.459375 0 0.459375
-0.396094 0 0.594141
-0.396094 0 0.594141
-0.527344 0 0.263672
-0.527344 0 0.263672
-0.6 0 0
-0.527344 0 0.263672
-0.527344 0 0.263672
-0.00234375 0 0.0175781
-0.0210938 0 0.137109
-0.0585938 0 0.322266
-0.114844 0 0.516797
-0.189844 0 0.664453
-0.283594 0 0.708984
-0.396094 0 0.594141
-0.527344 0 0.263672
