FiniteElementSpace
FiniteElementCollection: H1_3D_P1
VDim: 3
Ordering: 1

-0.0208716 -0.00373085 0.0967516
-0.0386725 -0.00514029 0.112907
-0.0615209 -0.00640285 0.107264
-0.0866454 -0.00562912 0.0707267
-0.102844 -0.00251436 0.0108575
-0.0208716 0.00373085 0.0967516
-0.0386725 0.00514029 0.112907
-0.0615209 0.00640286 0.107264
-0.0866454 0.00562916 0.0707267
-0.102844 0.00251431 0.0108575
-0.0308449 -0.00201491 0.102461
-0.0411596 -0.00209168 0.120122
-0.0524214 -0.00212716 0.115741
-0.0648469 -0.00260148 0.0787867
-0.0770385 -0.00226886 0.0154229
-0.0308449 0.00201491 0.102461
-0.0411596 0.00209169 0.120122
-0.0524214 0.00212718 0.11574
-0.0648468 0.00260141 0.0787868
-0.0770386 0.0022689 0.0154228
-0.0206417 2.85817e-09 0.0964301
-0.0307858 1.27168e-09 0.102138
-0.0257212 -0.00287142 0.0998346
-0.0257212 0.00287142 0.0998346
-0.0291244 -0.00443359 0.106973
-0.038453 -1.68338e-09 0.112321
-0.0291244 0.00443359 0.106973
-0.0358766 -0.00205844 0.113442
-0.0411102 4.51091e-09 0.119557
-0.0358766 0.00205844 0.113442
-0.0397829 -0.00361626 0.116917
-0.0397828 0.00361626 0.116917
-0.0495048 -0.00583062 0.113392
-0.061456 5.56762e-09 0.10639
-0.0495048 0.00583062 0.113392
-0.0466782 -0.00210815 0.121306
-0.0523903 8.76448e-09 0.114989
-0.0466782 0.00210815 0.121306
-0.0569028 -0.00430961 0.112054
-0.0569027 0.0043096 0.112054
-0.0742992 -0.00653048 0.0933643
-0.0870355 1.92368e-08 0.0700727
-0.0742992 0.00653047 0.0933643
-0.0584289 -0.0022535 0.102043
-0.0648924 -2.93706e-08 0.0783057
-0.0584288 0.00225349 0.102043
-0.075939 -0.00420164 0.0751601
-0.075939 0.00420167 0.0751601
-0.0964787 -0.00369659 0.0395241
-0.103285 -1.33903e-08 0.0107893
-0.0964787 0.00369664 0.0395241
-0.0714926 -0.00254988 0.0455569
-0.0771876 9.70454e-09 0.0153232
-0.0714927 0.0025498 0.0455569
-0.0902234 -0.00238351 0.0131789
-0.0902235 0.00238353 0.0131788
-0.0255761 2.71771e-09 0.0995118
-0.0288947 9.39372e-10 0.106523
-0.0323638 -0.00324405 0.110522
-0.0396438 1.53753e-10 0.116344
-0.0323638 0.00324405 0.110522
-0.0358202 -2.28077e-09 0.112997
-0.0493264 -7.03187e-10 0.112659
-0.0479742 -0.00398151 0.117835
-0.056843 -1.55052e-08 0.111275
-0.0479741 0.00398151 0.117835
-0.0466386 8.16652e-10 0.120628
-0.0744509 -8.97697e-09 0.0924562
-0.0664047 -0.00448456 0.0982609
-0.076167 2.31165e-08 0.0746148
-0.0664047 0.00448457 0.098261
-0.0584142 -7.49941e-10 0.101339
-0.0969541 3.5083e-08 0.0392864
-0.0842632 -0.00314726 0.0426883
-0.0905345 -1.04818e-08 0.0130795
-0.0842632 0.00314723 0.0426882
-0.0716109 -6.56975e-08 0.0453566
-0.0322189 -2.84335e-10 0.110075
-0.0478562 5.11689e-09 0.117143
-0.0664686 -1.80102e-09 0.097502
-0.0845769 -6.42663e-09 0.0424605
