FiniteElementSpace
FiniteElementCollection: H1_3D_P1
VDim: 3
Ordering: 1

0 0 0
0.00159964 0.000408204 0.010587
-0.000747057 -0.000985517 0.0362894
-0.00823706 -0.00234514 0.0681039
-0.0208716 -0.00373085 0.0967516
0 0 0
0.00159964 -0.000408204 0.010587
-0.000747054 0.000985523 0.0362894
-0.00823705 0.00234513 0.0681039
-0.0208716 0.00373085 0.0967516
0 0 0
-0.00599459 -0.00199752 0.0121507
-0.0133661 -0.00185928 0.0390808
-0.0215711 -0.00192276 0.0723131
-0.0308449 -0.00201491 0.102461
0 0 0
-0.00599459 0.00199752 0.0121507
-0.0133661 0.00185928 0.0390808
-0.0215711 0.00192276 0.0723131
-0.0308449 0.00201491 0.102461
0.000938787 0.000880287 0.00308003
0.00174489 -5.17957e-11 0.0110579
0.000938788 -0.000880285 0.00308003
0 0 0
-0.00241555 -0.00196776 0.00415071
-0.00593043 2.1117e-10 0.0126165
-0.00241555 0.00196775 0.00415071
0 0 0
0 0 0
-0.0020853 -0.000788456 0.0110821
-0.0020853 0.000788458 0.0110821
0 0 0
0.00106787 -0.000298599 0.0220963
-0.000533889 3.35883e-09 0.036461
0.00106788 0.000298599 0.0220963
-0.0096151 -0.00188375 0.024238
-0.0133301 3.91876e-10 0.0392388
-0.0096151 0.00188375 0.024238
-0.00692699 -0.00141796 0.0375712
-0.00692699 0.00141796 0.0375712
-0.00384973 -0.00166361 0.0520105
-0.00801488 -2.67347e-09 0.0680292
-0.00384972 0.00166361 0.0520105
-0.0173379 -0.00188226 0.0554965
-0.0215161 -1.50065e-09 0.0722306
-0.0173379 0.00188226 0.0554965
-0.0147681 -0.00213319 0.0702661
-0.0147681 0.00213319 0.0702661
-0.0139102 -0.0030344 0.0834066
-0.0206417 2.85817e-09 0.0964301
-0.0139102 0.00303439 0.0834066
-0.0260743 -0.00196832 0.0883592
-0.0307858 1.27168e-09 0.102138
-0.0260743 0.00196833 0.0883592
-0.0257212 -0.00287142 0.0998346
-0.0257212 0.00287142 0.0998346
0.000968157 1.23456e-09 0.00361505
-0.000652838 -0.000488147 0.00318799
-0.00197496 1.46766e-09 0.0115086
-0.000652839 0.000488147 0.00318799
0 0 0
-0.00228439 -2.52129e-09 0.0045877
0.00126999 7.60115e-10 0.0224038
-0.00415202 -0.00108496 0.0229632
-0.00680137 -5.28765e-10 0.0377381
-0.00415202 0.00108496 0.0229632
-0.00958857 1.49624e-09 0.024533
-0.00363227 -6.7333e-10 0.0520575
-0.0104597 -0.00177101 0.0537259
-0.014629 2.06821e-09 0.0701875
-0.0104597 0.00177102 0.0537259
-0.0172898 2.43853e-09 0.0555329
-0.0136835 -3.66579e-09 0.0832095
-0.0198556 -0.00250059 0.0860256
-0.0255761 2.71771e-09 0.0995118
-0.0198556 0.00250058 0.0860256
-0.0260159 3.89082e-09 0.088157
-0.000571562 -8.75917e-10 0.00367135
-0.00403585 -6.56267e-10 0.0232588
-0.0103262 6.32844e-10 0.0537688
-0.0197127 -4.78511e-10 0.0858255
