FiniteElementSpace
FiniteElementCollection: H1_3D_P1
VDim: 3
Ordering: 1

-0.0167432 -0.00746169 0.0935033
-0.0382825 -0.0102806 0.108626
-0.0667917 -0.0128057 0.102028
-0.0967282 -0.0112582 0.064891
-0.105687 -0.00502873 0.021715
-0.0167432 0.00746171 0.0935033
-0.0382825 0.0102806 0.108626
-0.0667917 0.0128057 0.102028
-0.0967284 0.0112583 0.064891
-0.105687 0.00502863 0.021715
-0.0366898 -0.00402982 0.104921
-0.0432567 -0.00418335 0.123057
-0.0485929 -0.00425433 0.118981
-0.0531313 -0.00520295 0.0810109
-0.054077 -0.00453771 0.0308459
-0.0366898 0.00402982 0.104921
-0.0432566 0.00418337 0.123057
-0.0485928 0.00425435 0.118981
-0.0531312 0.00520283 0.0810111
-0.0540772 0.0045378 0.0308457
-0.0162834 5.71634e-09 0.0928601
-0.0365716 2.54337e-09 0.104276
-0.0264425 -0.00574284 0.0996691
-0.0264425 0.00574285 0.0996691
-0.0266082 -0.00886718 0.103203
-0.0378436 -3.36677e-09 0.107455
-0.0266082 0.00886718 0.103203
-0.0401127 -0.00411687 0.116141
-0.0431579 9.02182e-09 0.121927
-0.0401127 0.00411687 0.116141
-0.0405032 -0.00723252 0.116646
-0.0405032 0.00723253 0.116646
-0.0517441 -0.0116612 0.10862
-0.066662 1.11352e-08 0.10028
-0.0517441 0.0116612 0.10862
-0.0460907 -0.00421629 0.124448
-0.0485305 1.7529e-08 0.117478
-0.0460907 0.0042163 0.124448
-0.0575555 -0.00861921 0.111607
-0.0575555 0.00861919 0.111607
-0.0825827 -0.013061 0.0877051
-0.0975084 3.84735e-08 0.063583
-0.0825828 0.0130609 0.0877051
-0.0508422 -0.00450701 0.105062
-0.0532224 -5.87413e-08 0.0800489
-0.0508421 0.00450699 0.105062
-0.0753155 -0.00840327 0.0737577
-0.0753155 0.00840333 0.0737578
-0.105067 -0.00739317 0.035103
-0.106569 -2.67805e-08 0.0215786
-0.105067 0.00739329 0.0351029
-0.0550947 -0.00509977 0.0471685
-0.0543752 1.94091e-08 0.0306464
-0.0550947 0.0050996 0.0471685
-0.0804468 -0.00476701 0.0263577
-0.0804469 0.00476707 0.0263576
-0.0261523 5.43542e-09 0.0990236
-0.0261488 1.87874e-09 0.102304
-0.033087 -0.0064881 0.110302
-0.0402251 3.07506e-10 0.1155
-0.033087 0.0064881 0.110302
-0.0399999 -4.56155e-09 0.115253
-0.0513872 -1.40637e-09 0.107154
-0.0486827 -0.00796301 0.117506
-0.0574361 -3.10105e-08 0.11005
-0.0486827 0.00796302 0.117506
-0.0460116 1.6333e-09 0.123093
-0.0828862 -1.79539e-08 0.085889
-0.0667938 -0.00896912 0.0974984
-0.0757714 4.62329e-08 0.0726672
-0.0667938 0.00896913 0.0974985
-0.0508128 -1.49988e-09 0.103654
-0.106018 7.01659e-08 0.0346274
-0.0806357 -0.00629452 0.0414314
-0.0810691 -2.09637e-08 0.026159
-0.0806358 0.00629445 0.0414312
-0.0553312 -1.31395e-07 0.0467678
-0.0327972 -5.68671e-10 0.109408
-0.0484467 1.02338e-08 0.116122
-0.0669215 -3.60204e-09 0.0959805
-0.0812631 -1.28533e-08 0.0409757
