FiniteElementSpace
FiniteElementCollection: H1_3D_P1
VDim: 3
Ordering: 1

0 0 0
0.00476177 0.000816409 0.0102364
0.00475589 -0.00197103 0.0350788
-0.00241161 -0.00469028 0.0658953
-0.0167432 -0.00746169 0.0935033
0 0 0
0.00476177 -0.000816409 0.0102364
0.00475589 0.00197105 0.0350788
-0.00241161 0.00469027 0.0658953
-0.0167432 0.00746171 0.0935033
0 0 0
-0.0104267 -0.00399504 0.0133639
-0.0204822 -0.00371857 0.0406617
-0.0290796 -0.00384552 0.0743137
-0.0366898 -0.00402982 0.104921
0 0 0
-0.0104267 0.00399504 0.0133639
-0.0204822 0.00371857 0.0406617
-0.0290796 0.00384551 0.0743137
-0.0366898 0.00402982 0.104921
0.0022682 0.00176057 0.00323036
0.00505229 -1.03591e-10 0.0111783
0.0022682 -0.00176057 0.00323037
0 0 0
-0.00444048 -0.00393551 0.00537173
-0.0102984 4.22339e-10 0.0142954
-0.00444048 0.00393551 0.00537173
0 0 0
0 0 0
-0.00260811 -0.00157691 0.0112267
-0.00260811 0.00157692 0.0112267
0 0 0
0.00565137 -0.000597198 0.0213411
0.00518222 6.71767e-09 0.0354219
0.00565138 0.000597199 0.0213411
-0.0157146 -0.0037675 0.0256244
-0.0204101 7.83752e-10 0.0409775
-0.0157146 0.0037675 0.0256244
-0.00760398 -0.00283592 0.0376425
-0.00760398 0.00283592 0.0376425
0.00206617 -0.00332723 0.05031
-0.00196727 -5.34695e-09 0.0657459
0.00206618 0.00332722 0.05031
-0.0249102 -0.00376451 0.057282
-0.0289696 -3.0013e-09 0.0741487
-0.0249102 0.00376452 0.057282
-0.0154736 -0.00426638 0.0702196
-0.0154736 0.00426639 0.0702196
-0.00867981 -0.0060688 0.0806804
-0.0162834 5.71634e-09 0.0928601
-0.00867982 0.00606879 0.0806804
-0.033008 -0.00393664 0.0905856
-0.0365716 2.54337e-09 0.104276
-0.033008 0.00393665 0.0905856
-0.0264425 -0.00574284 0.0996691
-0.0264425 0.00574285 0.0996691
0.00232694 2.46911e-09 0.00430041
-0.000915052 -0.000976294 0.00344629
-0.00238741 2.93531e-09 0.0120797
-0.000915053 0.000976294 0.00344629
0 0 0
-0.00417815 -5.04258e-09 0.00624571
0.0060556 1.52023e-09 0.021956
-0.00478841 -0.00216992 0.0230747
-0.00735274 -1.05753e-09 0.0379763
-0.00478842 0.00216992 0.0230747
-0.0156615 2.99248e-09 0.0262144
0.00250109 -1.34666e-09 0.0504041
-0.0111537 -0.00354203 0.0537409
-0.0151956 4.13642e-09 0.0700625
-0.0111537 0.00354203 0.0537409
-0.0248139 4.87707e-09 0.0573548
-0.00822639 -7.33158e-09 0.0802862
-0.0205706 -0.00500117 0.0859183
-0.0261523 5.43542e-09 0.0990236
-0.0205706 0.00500117 0.0859183
-0.0328912 7.78165e-09 0.0901812
-0.000752498 -1.75183e-09 0.004413
-0.00455608 -1.31253e-09 0.0236661
-0.0108867 1.26569e-09 0.0538266
-0.0202848 -9.57022e-10 0.0855182
