FiniteElementSpace
FiniteElementCollection: H1_3D_P1
VDim: 3
Ordering: 1

0 0 0
-0.0046875 0 0.0328125
-0.01875 0 0.1125
-0.0421875 0 0.210938
-0.075 0 0.3
-0.117188 0 0.351562
-0.16875 0 0.3375
-0.229687 0 0.229687
-0.3 0 0
0 0 0
-0.0046875 0 0.0328125
-0.01875 0 0.1125
-0.0421875 0 0.210938
-0.075 0 0.3
-0.117188 0 0.351562
-0.16875 0 0.3375
-0.229687 0 0.229687
-0.3 0 0
0 0 0
-0.0046875 0 0.0328125
-0.01875 0 0.1125
-0.0421875 0 0.210938
-0.075 0 0.3
-0.117188 0 0.351562
-0.16875 0 0.3375
-0.229687 0 0.229687
-0.3 0 0
0 0 0
-0.0046875 0 0.0328125
-0.01875 0 0.1125
-0.0421875 0 0.210938
-0.075 0 0.3
-0.117188 0 0.351562
-0.16875 0 0.3375
-0.229687 0 0.229687
-0.3 0 0
-0.00117188 0 0.00878906
-0.0046875 0 0.0328125
-0.00117188 0 0.00878906
0 0 0
-0.00117188 0 0.00878906
-0.0046875 0 0.0328125
-0.00117188 0 0.00878906
0 0 0
0 0 0
-0.0046875 0 0.0328125
-0.0046875 0 0.0328125
0 0 0
-0.0105469 0 0.0685547
-0.01875 0 0.1125
-0.0105469 0 0.0685547
-0.0105469 0 0.0685547
-0.01875 0 0.1125
-0.0105469 0 0.0685547
-0.01875 0 0.1125
-0.01875 0 0.1125
-0.0292969 0 0.161133
-0.0421875 0 0.210938
-0.0292969 0 0.161133
-0.0292969 0 0.161133
-0.0421875 0 0.210938
-0.0292969 0 0.161133
-0.0421875 0 0.210938
-0.0421875 0 0.210938
-0.0574219 0 0.258398
-0.075 0 0.3
-0.0574219 0 0.258398
-0.0574219 0 0.258398
-0.075 0 0.3
-0.0574219 0 0.258398
-0.075 0 0.3
-0.075 0 0.3
-0.0949219 0 0.332227
-0.117188 0 0.351562
-0.0949219 0 0.332227
-0.0949219 0 0.332227
-0.117188 0 0.351562
-0.0949219 0 0.332227
-0.117188 0 0.351562
-0.117188 0 0.351562
-0.141797 0 0.354492
-0.16875 0 0.3375
-0.141797 0 0.354492
-0.141797 0 0.354492
-0.16875 0 0.3375
-0.141797 0 0.354492
-0.16875 0 0.3375
-0.16875 0 0.3375
-0.198047 0 0.29707
-0.229687 0 0.229687
-0.198047 0 0.29707
-0.198047 0 0.29707
-0.229687 0 0.229687
-0.198047 0 0.29707
-0.229687 0 0.229687
-0.229687 0 0.229687
-0.263672 0 0.131836
-0.3 0 0
-0.263672 0 0.131836
-0.263672 0 0.131836
-0.3 0 0
-0.263672 0 0.131836
-0.3 0 0
-0.3 0 0
-0.00117188 0 0.00878906
-0.00117188 0 0.00878906
-0.0046875 0 0.0328125
-0.00117188 0 0.00878906
0 0 0
-0.00117188 0 0.00878906
-0.0105469 0 0.0685547
-0.0105469 0 0.0685547
-0.01875 0 0.1125
-0.0105469 0 0.0685547
-0.0105469 0 0.0685547
-0.0292969 0 0.161133
-0.0292969 0 0.161133
-0.0421875 0 0.210938
-0.0292969 0 0.161133
-0.0292969 0 0.161133
-0.0574219 0 0.258398
-0.0574219 0 0.258398
-0.075 0 0.3
-0.0574219 0 0.258398
-0.0574219 0 0.258398
-0.0949219 0 0.332227
-0.0949219 0 0.332227
-0.117188 0 0.351562
-0.0949219 0 0.332227
-0.0949219 0 0.332227
-0.141797 0 0.354492
-0.141797 0 0.354492
-0.16875 0 0.3375
-0.141797 0 0.354492
-0.141797 0 0.354492
-0.198047 0 0.29707
-0.198047 0 0.29707
-0.229687 0 0.229687
-0.198047 0 0.29707
-0.198047 0 0.29707
-0.263672 0 0.131836
-0.263672 0 0.131836
-0.3 0 0
-0.263672 0 0.131836
-0.263672 0 0.131836
-0.00117188 0 0.00878906
-0.0105469 0 0.0685547
-0.0292969 0 0.161133
-0.0574219 0 0.258398
-0.0949219 0 0.332227
-0.141797 0 0.354492
-0.198047 0 0.29707
-0.263672 0 0.131836
