FiniteElementSpace
FiniteElementCollection: H1_2D_P2
VDim: 1
Ordering: 0

1
17
0.818661
16.4934
-14.9884
-14.7039
-8.34113
-27.5065
10.5109
1.45391
29.2633
8.625
16.845
8.28703
0.932311
-6.66935
-14.8701
-6.65137
-20.8921
-17.0876
-3.61626
-3.32595
5.80286
5.71031
19.0426
22.868
8.51666
-6.66082
-11.6647
1.12956
13.6794
4.76563
8.58312
4.67836
0.969029
-2.83009
-6.65908
-2.78283
-9.11365
-7.53598
-1.30134
-1.22864
3.39749
3.34951
9.58927
11.1192
12.6719
16.9442
12.541
16.6967
12.2511
8.41989
4.50747
0.884107
-2.89987
-6.66232
-10.5755
-14.7901
-10.6456
-14.9381
-10.6913
-17.8582
-16.0882
-24.1037
-22.0452
-14.3182
-12.5482
-5.95833
-5.79848
-1.10706
-0.912242
3.59029
3.46964
8.10519
8.09367
14.6125
16.3167
23.8949
25.9941
18.0743
19.8737
4.72958
-2.80652
-5.13381
1.05261
7.15815
12.6234
12.4188
4.60625
-2.85929
-10.6107
-10.6744
-13.3266
-18.9899
-10.0029
-3.50781
1.25522
5.7446
12.0703
20.9267
15.3265
2.87696
4.74914
2.84354
0.984874
6.67774
8.60677
6.63886
8.55332
6.58012
4.70622
2.79966
0.951748
-0.914474
-2.79505
-0.88606
-0.945707
-2.81796
-4.73156
-6.66034
-4.71782
-6.65633
-4.70103
-3.95277
-3.20451
-0.149822
-7.87225
-7.09995
-10.3772
-9.56888
-6.32765
-5.55535
-2.45625
-0.122526
2.19826
2.17405
-2.41806
-0.0891216
-0.0465645
2.25877
2.22548
4.54744
4.52779
5.24063
5.95777
7.62926
8.36818
11.6021
12.3904
9.11377
9.86458
10.6191
12.6515
10.5741
14.7949
16.9772
14.7429
16.9004
14.6522
12.5868
10.4997
12.4852
10.3903
8.47242
16.7773
14.517
16.6023
14.3316
12.341
10.2401
8.35833
4.64528
2.7396
0.910005
6.49577
6.38005
4.56055
2.65758
0.853899
-0.985496
-2.84363
-1.0396
-2.8778
-4.77289
-6.66479
-4.748
-6.66124
-8.61298
-10.6285
-8.62858
-8.59996
-10.5928
-12.6065
-14.7474
-12.6661
-14.8312
-12.7225
-8.64102
-10.6847
-8.64456
-10.6611
-14.9059
-12.7698
-14.9658
-12.8024
-11.994
-11.1856
-16.4037
-15.5472
-19.3538
-18.4373
-14.6907
-13.8343
-17.5207
-16.6041
-12.9778
-22.4749
-21.4862
-25.7803
-24.7075
-20.4975
-19.5088
-15.6876
-8.76051
-7.95214
-4.78305
-12.1214
-14.771
-11.2649
-10.4085
-7.14379
-4.72614
-2.36764
-7.06033
-4.65086
-4.55415
-2.21787
-2.30192
0.00818736
0.0781848
2.35571
2.30116
-2.11245
0.166466
0.276073
2.51342
2.42545
4.6862
4.6364
4.57006
6.90902
6.89846
4.5987
6.94196
6.9225
9.29426
9.29733
10.0541
10.8228
12.5265
13.333
16.7806
17.6679
14.1539
14.9877
18.5704
19.4868
15.8329
21.4101
22.3956
26.5088
27.6101
23.3974
24.4138
20.4155
13.1862
13.9882
16.6881
21.3551
17.5517
18.4225
2.86119
6.66042
6.61234
2.82327
-0.900273
-0.929379
-4.72471
-4.71016
-2.04208
-5.89259
-8.32482
-4.37503
1.02478
-1.26958
1.08652
3.372
4.05638
6.43112
10.3507
7.88992
10.5999
14.7734
14.7027
10.5409
10.4497
14.5905
14.4309
10.3207
2.77202
6.54151
6.44219
2.70169
-0.964172
-1.0104
-4.75903
-4.73908
-8.62082
-8.60579
-12.6364
-12.6951
-8.64426
-8.63556
-12.7476
-12.7883
-9.90248
-14.1575
-16.9732
-12.4956
-15.2032
-19.941
-23.0744
-18.0388
-6.74715
-10.8338
-13.4332
-9.17202
-3.56969
-5.88913
-3.42758
-1.17548
1.18478
-1.02033
1.34391
3.52238
5.72598
3.42902
5.76921
8.09798
8.83645
11.2836
15.4572
12.8693
17.1896
19.9768
24.9362
21.8909
11.8934
14.4989
18.9695
16.1607
1.93775
2.86927
1.92231
0.992482
3.8191
4.75772
3.80298
4.73978
3.78438
2.85265
1.90557
0.977086
5.71802
6.66957
5.70113
7.64624
8.61652
7.62848
8.59567
7.60589
6.65022
5.68058
6.62627
5.65565
4.71842
8.56903
7.57774
8.5359
7.54331
6.59698
5.62563
4.6929
2.83377
1.88681
0.960613
3.76258
3.73686
2.81193
1.8653
0.942344
0.0428344
-0.893212
0.0576383
0.0276757
-0.90733
-1.85876
-2.80083
-1.84579
-2.78908
-1.83244
0.0114464
-0.921794
-0.00657169
-0.937321
-1.88643
-2.8239
-1.87207
-2.8122
-3.76839
-4.72131
-3.75909
-3.77802
-4.72809
-5.69204
-6.66063
-5.68824
-6.65985
-5.68403
-3.74939
-4.70582
-3.73858
-4.71413
-6.65794
-5.67869
-6.65417
-5.67151
-1.46338
-1.09432
0.425195
-3.36652
-2.99445
-4.54179
-4.16522
-2.62239
-2.25033
-0.725263
-5.29494
-4.91836
-7.25935
-6.87677
-8.49028
-8.10018
-6.49419
-6.1116
-7.71009
-7.31999
-5.72902
-9.74257
-9.34345
-11.0179
-10.6083
-8.94434
-8.54523
-6.9299
-3.78865
-3.41208
-1.87827
-5.34644
-6.5398
-4.96386
-4.58128
-3.03551
0.437711
1.59907
1.58694
-0.711385
0.45099
0.465414
1.62484
1.61157
2.77308
2.76152
-1.86205
-0.695978
-3.01598
-1.84353
-1.82234
-0.65905
-0.67866
0.481361
0.499214
1.65516
1.63924
-0.63677
0.519351
0.542155
1.69308
1.67298
2.82683
2.81151
2.78501
3.94864
3.93821
2.79769
3.97096
3.95942
5.12715
5.11843
3.11357
3.46615
4.29251
4.64782
6.19536
6.55684
5.00396
5.36075
5.47597
5.83501
6.66538
7.02915
8.6034
8.97725
7.3947
7.76187
9.35302
9.7305
8.13046
10.5883
10.9745
12.6319
13.0325
11.3626
11.7526
10.1095
6.91927
7.28246
8.5003
10.4899
8.87121
9.24299
9.61548
10.6103
9.59676
11.6375
12.6626
11.6177
12.6385
11.5907
10.5879
9.57202
13.7239
14.7852
13.703
15.8865
16.9898
15.8643
16.962
15.8326
14.7593
13.6737
14.7241
13.6353
12.6062
16.9237
15.7906
16.8742
15.7376
14.6788
13.5871
12.5651
10.5584
9.54056
11.5558
11.5123
10.5214
9.50164
10.4759
9.45455
8.49554
12.5144
11.4595
12.4534
11.3966
10.4213
9.39858
8.44724
14.6228
13.5284
16.8128
15.673
16.7387
15.5959
14.5553
13.4584
14.4756
13.3765
12.3813
16.6512
15.5057
16.5497
15.4016
14.383
13.2819
12.2976
10.3568
9.333
8.39028
11.3229
11.2377
10.2818
9.25709
8.32394
2.78639
1.84034
0.921562
4.66252
3.70651
4.62655
3.6708
2.75645
1.81119
0.89755
6.56166
5.58979
7.5019
7.45277
6.51957
5.54742
6.47
5.49779
4.58428
7.39521
7.32851
6.41223
5.44019
4.53498
2.72138
1.77715
0.869587
3.62901
3.58042
2.68046
1.73748
0.836953
-0.0270928
-0.954627
-0.0508397
-0.974432
-1.9212
-2.85115
-1.90257
-2.83664
-0.078531
-0.997455
-0.110885
-1.02442
-1.96881
-2.88835
-1.94304
-2.86815
-3.81602
-4.7532
-3.80111
-3.83412
-4.76556
-5.71752
-6.66676
-5.70817
-6.66334
-5.70129
-3.78869
-4.73519
-4.74332
-6.66166
-5.69615
-6.66099
-7.63568
-8.62475
-7.63922
-7.63244
-8.61686
-9.60528
-10.6197
-9.61799
-10.6372
-9.63025
-7.63021
-8.60926
-7.62971
-8.60266
-9.58143
-10.584
-9.59286
-10.6017
-11.6068
-12.6513
-11.6305
-11.5834
-12.6214
-13.6463
-14.7257
-13.6828
-14.7689
-13.7189
-11.6538
-12.709
-11.6759
-12.6808
-14.8109
-13.7538
-14.851
-13.7868
-7.64441
-8.64482
-7.64194
-7.6443
-8.64297
-9.6506
-10.6799
-9.65724
-10.6885
-9.66058
-7.64233
-8.63853
-8.63221
-10.6536
-9.64136
-10.6681
-11.6961
-12.7591
-11.7137
-12.7354
-14.8884
-13.8171
-14.9225
-13.8442
-11.7279
-12.7959
-11.7381
-12.7796
-14.9525
-13.8671
-14.9778
-13.8853
-9.27047
-8.88038
-11.339
-10.9399
-12.6564
-12.2468
-10.5408
-10.1417
-13.4757
-13.0661
-15.6912
-15.2696
-17.1259
-16.6907
-14.8479
-14.4262
-16.2556
-15.8204
-14.0046
-18.6008
-18.1506
-20.1175
-19.6508
-17.7004
-17.2502
-15.3852
-11.8372
-11.4275
-13.5829
-14.95
-13.1613
-12.7396
-14.5149
-14.0797
-12.318
-16.8
-16.3498
-18.2506
-17.7839
-15.8996
-15.4494
-13.6445
-19.1841
-18.7173
-21.6778
-21.1931
-23.2834
-22.7791
-20.7083
-20.2236
-22.2748
-21.7705
-19.7388
-24.9359
-24.4106
-26.6371
-26.0892
-23.8853
-23.3599
-21.2662
-17.3171
-16.8504
-14.9992
-19.254
-20.7619
-18.7692
-18.2845
-16.3836
-6.14971
-5.75961
-4.1987
-8.14611
-7.747
-9.37937
-8.96974
-7.34789
-6.94879
-5.36952
-10.1986
-9.789
-11.8963
-13.2093
-11.4747
-11.053
-12.7741
-12.339
-10.6314
-14.5489
-15.9169
-14.0987
-13.6485
-11.9038
-8.56011
-8.15049
-6.54968
-10.2097
-11.4686
-9.78807
-9.36642
-7.74087
-4.17487
-2.99338
-5.34042
-4.14721
-4.11533
-2.93747
-2.96734
-1.7981
-6.51432
-5.30671
-7.69828
-6.4736
-6.42713
-5.22399
-5.26803
-4.07887
-4.03743
-2.86474
-2.9034
-5.17421
-3.99065
-3.93812
-2.77215
-2.82112
-1.66291
-1.7032
-1.77041
-0.611438
-1.7389
-0.550096
-0.582674
0.568003
0.597281
1.74164
1.71584
-0.513322
0.630367
0.667639
1.80389
1.77087
2.91089
2.8857
-1.61767
-0.471975
-2.71745
-1.56708
-1.51077
-0.374038
-0.425674
0.70948
0.756269
1.88286
1.84109
-0.316686
0.808386
0.866213
1.9816
1.92957
3.04958
3.00845
2.93949
4.07715
4.05315
2.97188
4.13576
4.10456
5.24183
5.21958
5.13623
6.31004
6.30359
3.98362
5.14605
5.157
6.32438
6.31685
7.49871
7.49509
2.84406
3.99779
2.86355
4.03217
4.01385
5.16944
5.18376
6.34319
6.33304
5.20035
6.3695
6.35521
7.52045
7.51316
7.50267
8.69456
8.69435
7.50736
8.69639
8.69512
9.89902
9.90278
7.86214
8.23163
9.06765
9.44388
11.0545
11.4447
9.82286
10.2044
10.2833
10.6673
11.5106
11.9033
13.5599
13.9706
12.2997
12.6997
14.385
14.8031
13.1029
15.6855
16.1163
17.8991
18.3522
16.551
16.9894
15.2247
11.8378
12.2336
13.5094
15.6495
13.9188
14.331
16.0775
16.5083
14.7459
17.4315
17.8769
19.735
20.2032
18.3255
18.7772
16.9419
18.8093
19.2703
20.2124
20.69
22.6371
23.1414
21.1717
21.6575
23.65
24.1626
22.147
25.185
25.7182
27.8677
28.432
26.2557
26.7975
24.6792
20.6748
21.1494
19.2317
22.6402
25.1996
23.1368
23.6367
21.6271
10.8715
11.2541
12.1443
12.5374
14.2465
14.6545
12.9319
13.3274
13.4353
13.84
15.1631
17.378
15.5827
16.0043
17.8165
18.2572
16.4278
19.6889
22.1075
20.1486
20.6105
18.6999
15.064
15.4747
16.853
19.1444
17.2797
17.7077
1.93015
3.8113
3.79404
1.91415
5.70999
7.63792
7.61784
5.69136
5.66871
7.59255
7.56135
5.64132
1.89649
3.77393
3.75026
1.87644
0.0502368
0.035344
-1.85228
-1.8392
0.0197398
0.00270589
-1.87907
-1.86533
-3.76375
-3.77312
-5.69015
-5.68623
-3.74417
-3.75434
-5.68155
-5.67538
-0.517939
-2.41246
-3.57864
-1.67171
-4.3269
-6.27197
-7.4861
-5.5132
-6.7138
-8.71923
-9.97306
-7.9304
-2.83038
-4.75442
-5.9415
-3.99564
1.0122
-0.136747
1.03813
2.18597
-1.28642
-2.4385
-1.25044
-0.106778
1.06862
-0.0691774
1.10671
2.24118
3.36057
2.2113
3.38418
4.53744
2.52535
3.70256
5.59875
4.4108
4.88359
6.06985
7.99779
6.79395
8.74023
9.96899
11.9952
10.7342
6.31749
7.52353
9.48861
8.25714
9.60683
11.6284
11.6051
9.58519
13.7144
15.8765
15.8497
13.6894
13.6556
15.8129
15.7655
13.6125
9.55718
11.5743
11.5352
9.52207
9.47916
11.4871
11.4293
9.42772
13.5591
15.7068
15.636
13.4949
13.419
15.5525
15.4554
13.3308
9.36703
11.3611
11.2817
9.29638
1.8533
3.72231
3.68937
1.82633
5.60848
7.52352
7.47834
5.56946
5.52355
7.42509
7.36305
5.47003
1.79483
3.65071
3.60561
1.75806
-0.0164739
-0.0385181
-1.91153
-1.89424
-0.0641474
-0.0940803
-1.95539
-1.93168
-3.80821
-3.82462
-5.71249
-5.70447
-3.78318
-3.79464
-5.69855
-5.69402
-7.63746
-7.63398
-9.61164
-9.62422
-7.63115
-7.6297
-9.58697
-9.59899
-11.6187
-11.595
-13.6645
-13.701
-11.665
-11.6423
-13.7365
-13.7706
-7.64354
-7.64463
-9.65429
-9.65937
-7.6435
-7.64087
-9.636
-9.64626
-11.7052
-11.6862
-13.8023
-13.8311
-11.7336
-11.7212
-13.8562
-13.8769
-8.2584
-10.2969
-11.5898
-9.50806
-12.3982
-14.5729
-15.9754
-13.742
-15.119
-17.4157
-18.8955
-16.5307
-10.7814
-12.9111
-14.2625
-12.0802
-13.4061
-15.6457
-17.0624
-14.7607
-17.979
-20.4166
-21.9805
-19.4655
-20.9918
-23.5891
-25.2439
-22.5598
-16.1459
-18.5143
-20.0031
-17.5632
-5.1692
-7.14157
-8.35632
-6.35274
-9.16469
-11.2493
-12.5496
-10.4184
-11.6931
-13.8757
-15.2293
-12.9907
-7.54796
-9.58747
-10.8367
-8.75657
-3.5947
-4.7567
-3.54085
-2.39457
-5.92622
-7.10494
-5.84667
-4.69099
-3.47018
-4.60538
-3.37963
-2.26238
-1.20378
-2.33688
-1.14337
-0.0209035
1.15546
0.0410909
1.21791
2.32673
-1.06617
-2.16802
-0.969143
0.11985
1.29709
0.218413
1.39606
2.46697
3.4943
2.38849
3.55425
4.6596
5.71796
4.55819
5.73473
6.90356
3.41231
2.27864
3.44801
4.58344
5.75596
4.61623
5.78471
6.93129
8.09565
6.9152
8.10103
9.29563
7.26275
8.46371
10.4371
9.21169
9.67413
10.8954
12.9279
11.6753
13.7418
15.0329
17.2222
15.8852
11.2112
12.4684
14.5693
13.2731
15.409
16.7516
19.027
17.6306
18.1173
19.5076
21.9008
20.4499
22.8946
24.4134
27.0572
25.4631
19.9497
21.4071
23.9039
22.3779
10.2415
11.5057
13.5866
12.2822
12.7874
14.088
16.2593
14.9118
17.1189
18.5207
20.884
19.4206
14.3911
15.7428
17.9863
16.5798
1.46878
1.93397
1.46122
0.996247
2.40707
2.87315
2.39943
2.86528
2.39148
1.92626
1.4535
0.988695
3.34756
3.81526
3.33983
4.29172
4.76175
4.28387
4.75352
4.27542
3.80721
3.33163
3.79859
3.32289
2.85698
4.74456
4.26627
4.73479
4.25634
3.7893
3.31351
2.84817
1.91828
1.44553
0.981008
2.38313
2.37429
1.90992
1.43722
0.973097
5.241
5.7141
5.23303
6.19687
6.67377
6.18877
6.66512
6.17977
5.70567
5.22431
7.1608
7.64222
7.15255
8.13424
8.62091
8.12585
8.61181
8.11626
7.63335
7.14327
7.62332
7.13284
6.65546
8.6014
8.10538
8.58958
8.09314
7.61203
7.12119
6.64469
5.69636
5.21475
6.16979
6.15872
5.6861
5.20426
5.67479
5.19275
4.72412
6.63273
6.14649
6.61947
6.133
5.66233
5.18012
4.71246
7.5994
7.10823
8.57628
8.07943
8.56139
8.06417
7.58534
7.09386
7.56975
7.07799
6.60484
8.54483
8.04726
8.52651
8.02862
7.55255
7.06054
6.58875
5.64865
5.1663
4.69971
6.11816
6.10188
5.63365
5.15118
4.68579
1.9011
1.42847
0.964872
2.83874
2.36486
2.82862
2.35477
1.89173
1.4192
0.956243
3.77926
3.3034
4.24554
4.23377
3.76837
3.29248
3.75655
3.28065
2.81771
4.22095
4.20698
3.7437
3.26782
2.80592
1.88172
1.40931
0.947119
2.34392
2.33222
1.87098
1.39873
0.937412
0.521426
0.0539336
0.528907
0.513904
0.0465412
-0.428502
-0.896748
-0.421253
-0.889651
-0.413955
0.506248
0.0391058
0.498368
0.0315377
-0.443216
-0.910886
-0.435793
-0.903796
-1.37944
-1.84904
-1.37264
-1.38627
-1.85551
-2.33212
-2.80368
-2.32602
-2.79796
-2.31986
-1.36581
-1.83585
-1.35882
-1.84251
-2.79209
-2.31357
-2.78599
-2.30704
0.490175
0.0237468
0.481579
0.0156434
-0.458817
-0.925548
-0.450861
-0.918106
0.47249
0.00713771
0.462818
-0.00186013
-0.476024
-0.941453
-0.467175
-0.9333
-1.4079
-1.87553
-1.40041
-1.41579
-1.8827
-2.35781
-2.82696
-2.35102
-2.8209
-2.34453
-1.39323
-1.86203
-1.86867
-2.81506
-2.33826
-2.80935
-3.2873
-3.76143
-3.28212
-3.29253
-3.76607
-4.24573
-4.72302
-4.24169
-4.71958
-4.2376
-3.29787
-3.77074
-3.30344
-3.77554
-4.25401
-4.72981
-4.24981
-4.7264
-5.20815
-5.6892
-5.20549
-5.21085
-5.69109
-6.17531
-6.66073
-6.17425
-6.6605
-6.17314
-5.20277
-5.68516
-5.1999
-5.68726
-6.66012
-6.17187
-6.65951
-6.17037
-3.26589
-3.74142
-3.25995
-3.2715
-3.74682
-4.22889
-4.70804
-4.22409
-4.70349
-4.21888
-3.27688
-3.75189
-3.75673
-4.716
-4.23336
-4.71218
-5.1968
-5.68017
-5.19337
-5.68283
-6.65856
-6.16854
-6.6572
-6.16629
-5.18953
-5.67351
-5.18518
-5.6771
-6.65532
-6.16353
-6.65285
-6.16018
-0.230062
-0.0461674
0.712612
-1.17456
-0.990286
-1.75254
-1.56771
-0.806016
-0.621746
0.137727
-2.12221
-1.93738
-3.07436
-2.88878
-3.65931
-3.47278
-2.70319
-2.51761
-3.28626
-3.09973
-2.33202
-4.24692
-4.05927
-4.83741
-4.64845
-3.87162
-3.68397
-2.91321
-1.38288
-1.19804
-0.437475
-2.14644
-2.72669
-1.96085
-1.77527
-1.01321
-4.03236
-3.84583
-4.99753
-4.80987
-5.59328
-5.40431
-4.62222
-4.43457
-5.97121
-5.78225
-6.95475
-6.76429
-7.56517
-7.37301
-6.57382
-6.38335
-7.18085
-6.98869
-6.19288
-8.18061
-7.98657
-8.80128
-8.60518
-7.79254
-7.5985
-6.79653
-5.21535
-5.02638
-6.00241
-6.60437
-5.81194
-5.62147
-6.41221
-6.22006
-5.431
-7.40446
-7.21042
-8.01687
-7.82076
-7.01638
-6.82234
-6.0279
-8.40907
-8.21297
-9.4274
-9.22904
-10.0592
-9.85837
-9.03068
-8.83232
-9.65757
-9.45677
-8.63397
-10.6968
-10.4934
-11.3405
-11.1343
-10.29
-10.0865
-9.25597
-7.62466
-7.42855
-6.62831
-8.43561
-9.05517
-8.23725
-8.03889
-7.23245
-2.54016
-2.35364
-1.58968
-3.49631
-3.30866
-4.08155
-3.89258
-3.12101
-2.93336
-2.16711
-4.45948
-4.27052
-5.24053
-5.83574
-5.05006
-4.85959
-5.64358
-5.45142
-4.66913
-6.43427
-7.03634
-6.24023
-6.04619
-5.25926
-3.70362
-3.51465
-2.74571
-4.47866
-5.0671
-4.28819
-4.09772
-3.32568
0.718727
1.29953
1.29346
0.144013
0.724939
0.731294
1.31185
1.30564
1.88646
1.88046
-0.430897
0.150491
-1.00621
-0.424031
-0.41683
0.164211
0.157208
0.737839
0.744623
1.32475
1.3182
0.171548
0.751692
0.759094
1.33859
1.33152
1.91139
1.90492
1.8925
2.47358
2.46773
1.89864
2.48548
2.47948
3.06108
3.05544
-1.58215
-0.998838
-2.15892
-1.57414
-1.56561
-0.982745
-0.991031
-0.409247
-2.73674
-2.15016
-3.31581
-2.72709
-2.71673
-2.13071
-2.14077
-1.5565
-1.54677
-0.964551
-0.973935
-2.11994
-1.53637
-1.52525
-0.943873
-0.954546
-0.374142
-0.383729
-0.401234
0.179266
-0.392744
0.196037
0.187413
0.766877
0.775088
1.35376
1.34599
0.205185
0.783775
0.792985
1.37065
1.36197
1.9401
1.9324
-0.363935
0.214905
-0.932484
-0.35306
-0.34147
0.23625
0.225244
0.802767
0.813167
1.38962
1.37985
0.24797
0.824232
0.836012
1.41106
1.40001
1.97564
1.96595
1.94822
2.52606
2.51851
1.95682
2.54249
2.53404
3.11183
3.10449
3.06677
3.64912
3.64376
2.49161
3.07255
3.07846
3.66002
3.65452
4.23789
4.23288
1.91809
2.49794
1.92508
2.51134
2.50449
3.08457
3.09091
3.67147
3.66565
3.09754
3.68386
3.67752
4.25881
4.25335
4.24293
4.82755
4.82297
4.24807
4.83688
4.83217
5.41829
5.4142
2.05594
2.23148
2.64349
2.81937
3.58447
3.76113
2.99536
3.17143
3.2316
3.40795
3.82046
3.9974
4.76584
4.94404
4.17457
4.35194
5.12248
5.30114
4.52948
5.71708
5.89682
6.67565
6.8572
6.07681
6.25703
5.47999
3.9379
4.11477
4.70718
5.65901
4.88502
5.06296
4.41023
4.58789
5.0011
5.17961
5.95259
6.13284
5.35845
5.53762
5.59325
5.77271
6.18683
6.36739
7.14613
7.32893
6.54842
6.72988
7.51221
7.69594
6.91177
8.11495
8.30027
9.09478
9.28288
8.48608
8.67236
7.88011
6.31345
6.4944
7.09404
8.06469
7.27669
7.4597
8.24965
8.43498
7.64302
8.85909
9.04624
9.85015
10.0402
9.23379
9.42172
8.62065
9.4715
9.6606
10.0871
10.2782
11.0933
11.2878
10.4699
10.6621
11.4828
11.6784
10.8548
12.1149
12.313
13.1534
13.3554
12.5117
12.7109
11.8744
10.2306
10.4214
9.61
11.0479
12.0709
11.2414
11.4354
10.6125
5.83818
6.01747
6.43746
6.61808
7.40336
7.58584
6.79885
6.97977
7.03902
7.22108
7.82665
8.80664
8.01057
8.19474
8.99292
9.17948
8.37915
9.79862
10.8041
9.98755
10.1768
9.36629
7.7685
7.95131
8.56377
9.55332
8.74858
8.93356
9.11868
9.61132
9.11012
10.1156
10.6149
10.1068
10.6053
10.0966
9.60197
9.10021
11.1264
11.6331
11.1174
12.1526
12.6675
12.1434
12.6573
12.1325
11.6233
11.1069
11.6116
11.0946
10.5941
12.6453
12.1197
12.6312
12.105
11.5982
11.0805
10.5812
9.59117
9.08888
10.0848
10.0713
9.57881
9.07602
13.1956
13.7194
13.1862
14.2569
14.7903
14.2474
14.7796
14.2357
13.7089
13.175
15.338
15.8818
15.3282
16.4404
16.9952
16.4303
16.9838
16.4179
15.8707
15.3162
15.8573
15.3018
14.7666
16.9699
16.403
16.9534
16.3856
15.8415
15.2851
14.7514
13.6964
13.1617
14.2219
14.2058
13.6818
13.1463
13.6649
13.1286
12.6151
14.7338
14.1874
14.7137
14.1665
13.6458
13.1088
12.5968
15.8231
15.2658
16.9343
16.3655
16.9124
16.3427
15.8021
15.244
15.7784
15.2195
14.6911
16.8877
16.317
16.86
16.2885
15.752
15.1923
14.6658
13.6242
13.0865
12.5762
14.1432
14.1172
13.6001
13.0617
12.5533
9.56482
9.06156
10.5665
10.0561
10.5499
10.039
9.54909
9.04539
11.5828
11.0645
12.0882
12.0692
11.5653
11.0465
11.5458
11.0264
10.5314
12.048
12.0245
11.524
11.0041
10.5108
9.53155
9.02744
10.02
9.99894
9.51211
9.0076
9.49066
8.9858
8.50634
10.4881
9.97579
10.4631
9.95042
9.46713
8.96195
8.48423
11.5
10.9796
12.528
11.9986
12.5001
11.9702
11.4736
10.9527
11.4447
10.9234
10.4358
12.4696
11.9392
12.4364
11.9056
11.4133
10.8915
10.4061
9.44142
8.93594
8.4601
9.92277
9.89272
9.41344
8.90769
8.43384
13.5734
13.0345
14.6378
14.0885
14.607
14.057
13.5441
13.0045
15.7226
15.1621
16.8293
16.257
16.7955
16.2223
15.6903
15.1291
15.6549
15.093
14.5732
16.7584
16.1845
16.7181
16.1435
15.6164
15.0538
14.5365
13.512
12.9718
14.0226
13.9852
13.477
12.9363
13.4391
12.8979
12.4004
14.4967
13.9448
14.4537
13.9013
13.3982
12.8565
12.3615
15.5746
15.0114
16.6744
16.099
16.6272
16.0511
15.5295
14.9657
15.481
14.9166
14.4074
16.5764
15.9997
16.522
15.9447
15.429
14.864
14.3577
13.3541
12.812
12.3197
13.8545
13.8043
13.3068
12.7642
12.2747
9.38311
8.87712
8.40537
10.3739
9.8602
10.3391
9.82512
9.35033
8.84413
8.3746
11.3792
10.8571
11.8691
11.8298
11.3423
10.8199
11.3027
10.7799
10.3016
11.7876
11.7423
11.2601
10.737
10.2613
9.31502
8.80863
8.34145
9.78738
9.7469
9.27707
8.77053
8.30581
1.85941
1.38735
0.927033
2.79316
2.31958
2.77935
2.30592
1.84694
1.37509
0.915891
3.72974
3.25391
4.67061
4.19179
4.65408
4.17527
3.71457
3.23882
3.69811
3.22247
2.76439
4.63611
4.15733
4.6166
4.1379
3.68027
3.20476
2.74819
1.83347
1.36187
0.903896
2.29113
2.27514
1.81891
1.34758
0.890958
5.61724
5.13469
6.5711
6.08408
6.5518
6.06466
5.59933
5.11672
7.53364
7.04141
8.00817
7.9858
7.51295
7.02053
7.49037
6.99778
6.53077
7.96143
7.93497
7.46581
6.9731
6.50791
5.57984
5.0972
6.04353
6.0206
5.55866
5.07603
5.53572
5.05311
4.59548
6.48314
5.99579
6.45636
5.969
5.51092
5.02837
4.57264
7.4392
6.94638
7.90633
7.87542
7.41043
6.91753
7.37942
6.88647
6.42749
7.84215
7.80642
7.34608
6.85311
6.39643
5.48417
5.0017
4.548
5.94015
5.90914
5.45538
4.97303
4.52147
1.80317
1.33213
0.876988
2.73067
2.25785
2.71172
2.23917
1.78616
1.31545
0.861895
3.66095
3.1856
4.11687
4.09416
3.64006
3.16491
3.61753
3.1426
2.69128
4.06968
4.04333
3.59325
3.11857
2.66923
1.76778
1.29744
0.845589
2.21901
2.19728
1.74796
1.278
0.827981
0.452475
-0.0114388
0.44137
-0.0216881
-0.495551
-0.959316
-0.485452
-0.950095
0.429413
-0.032699
0.416514
-0.0445613
-0.518121
-0.979858
-0.506411
-0.969207
-1.44275
-1.90697
-1.43312
-1.45313
-1.91627
-2.38987
-2.85514
-2.38094
-2.84732
-2.37268
-1.42417
-1.89027
-1.89833
-2.84007
-2.36501
-2.83332
0.402583
-0.0573647
0.38753
-0.0711991
-0.544451
-1.0038
-0.530771
-0.991358
0.371266
-0.0861543
0.3537
-0.10232
-0.575262
-1.03186
-0.559252
-1.01727
-1.48974
-1.94909
-1.47654
-1.50406
-1.96196
-2.43403
-2.89398
-2.42154
-2.88296
-2.41007
-1.46437
-1.92633
-1.93724
-2.87287
-2.39955
-2.86363
-3.33765
-3.80458
-3.32965
-3.34639
-3.81202
-4.28684
-4.75603
-4.28001
-4.75053
-4.27384
-3.35599
-3.82022
-3.36652
-3.82925
-4.30285
-4.76912
-4.29443
-4.7622
-5.23819
-5.71025
-5.23275
-5.24438
-5.71491
-6.19245
-6.66797
-6.18862
-6.6657
-6.18546
-5.22797
-5.70282
-5.22376
-5.70625
-6.664
-6.18287
-6.66278
-6.18075
-3.30931
-3.78056
-3.31558
-3.78588
-4.26313
-4.7371
-4.25842
-4.73335
-3.32233
-3.7916
-3.7978
-4.7456
-4.26824
-4.74115
-5.22003
-5.69731
-5.2167
-5.69987
-6.66195
-6.17903
-6.66142
-6.17761
-5.21367
-5.69302
-5.69506
-6.6611
-6.1764
-6.6609
-7.14796
-7.63835
-7.14873
-7.14721
-7.63657
-8.12683
-8.62279
-8.12967
-8.62669
-8.13245
-7.14658
-7.63482
-7.14616
-7.63318
-8.12132
-8.61491
-8.12402
-8.61884
-9.11268
-9.61482
-9.11781
-9.10758
-9.60846
-10.1063
-10.6152
-10.1139
-10.6241
-10.1215
-9.12288
-9.62727
-9.1278
-9.62112
-10.6329
-10.1289
-10.6414
-10.1361
-7.14604
-7.63176
-7.14631
-7.63063
-8.11665
-8.60749
-8.11884
-8.61109
-7.14706
-7.6299
-7.14838
-7.62964
-8.11352
-8.60125
-8.11485
-8.60418
-9.09331
-9.58988
-9.0978
-9.08921
-9.58415
-10.0768
-10.5797
-10.0838
-10.5883
-10.0911
-9.10259
-9.60212
-9.5959
-10.5972
-10.0986
-10.6062
-11.1083
-11.6246
-11.1187
-11.0979
-11.6127
-12.1196
-12.6439
-12.133
-12.6588
-12.1463
-11.0877
-11.6009
-11.0776
-11.5892
-12.093
-12.614
-12.1062
-12.6289
-13.1408
-13.6737
-13.1574
-13.1242
-13.6554
-14.1728
-14.7148
-14.1928
-14.7366
-14.2128
-13.1739
-13.71
-13.1903
-13.6919
-14.7582
-14.2326
-14.7795
-14.2521
-11.1492
-11.6705
-11.1588
-11.1392
-11.6594
-12.1723
-12.7021
-12.1849
-12.7158
-12.1971
-11.1291
-11.648
-11.6364
-12.6735
-12.1594
-12.688
-13.2064
-13.7452
-13.2222
-13.7278
-14.8005
-14.2713
-14.8211
-14.2901
-13.2375
-13.7787
-13.2523
-13.7622
-14.8412
-14.3083
-14.8606
-14.3259
-7.14745
-7.64283
-7.14522
-7.14898
-7.64406
-8.14278
-8.64464
-8.14261
-8.6448
-8.14165
-7.14991
-7.64459
-7.15033
-7.64453
-8.14114
-8.64207
-8.14226
-8.6437
-9.14692
-9.65586
-9.14903
-9.14412
-9.65253
-10.1606
-10.6772
-10.1652
-10.6824
-10.1691
-9.15035
-9.66009
-9.1508
-9.65841
-10.6867
-10.172
-10.69
-10.174
-7.15034
-7.64395
-7.15001
-7.64296
-8.13746
-8.63709
-8.13951
-8.63984
-7.14945
-7.64163
-7.64006
-8.63043
-8.13507
-8.63393
-9.13247
-9.63873
-9.13681
-9.63317
-10.6496
-10.143
-10.6574
-10.1494
-9.14072
-9.64851
-9.64388
-10.6646
-10.1553
-10.6713
-11.1846
-11.7095
-11.192
-11.1766
-11.7007
-12.2197
-12.7535
-12.23
-12.7646
-12.2395
-11.1679
-11.6912
-11.6811
-12.729
-12.2087
-12.7416
-13.2665
-13.8098
-13.2801
-13.7946
-14.8793
-14.3429
-14.8973
-14.359
-13.2928
-13.8378
-13.3046
-13.8242
-14.9143
-14.3743
-14.9304
-14.3886
-11.209
-11.736
-11.2126
-11.2042
-11.7309
-12.2559
-12.7923
-12.2625
-12.7993
-12.268
-11.1986
-11.7247
-11.7176
-12.7748
-12.2482
-12.7841
-13.3155
-13.8618
-13.3253
-13.8503
-14.9455
-14.4018
-14.9593
-14.4139
-13.334
-13.8813
-13.3414
-13.8722
-14.972
-14.4248
-14.9833
-14.4343
-7.94949
-7.75733
-8.95677
-8.76273
-9.5857
-9.3896
-8.56869
-8.37465
-9.97791
-9.78181
-11.0143
-10.8159
-11.6656
-11.4648
-10.6176
-10.4192
-11.264
-11.0632
-10.2208
-12.3243
-12.1208
-12.9905
-12.7843
-11.9174
-11.714
-10.8624
-9.19349
-8.99739
-10.0225
-10.6616
-9.82411
-9.62576
-12.0672
-11.8664
-13.138
-12.9346
-13.8155
-13.6093
-12.7311
-12.5277
-14.228
-14.0218
-15.3386
-15.1294
-16.0462
-15.8338
-14.9201
-14.7108
-15.6213
-15.4089
-14.5016
-16.7636
-16.5477
-17.4908
-17.2714
-16.3319
-16.1161
-15.1964
-13.403
-13.1968
-14.2923
-14.984
-14.0831
-13.8738
-14.7715
-14.5591
-13.6646
-15.9002
-15.6844
-16.6132
-16.3938
-15.4686
-15.2527
-14.3466
-17.052
-16.8326
-18.2282
-18.0051
-18.976
-18.7489
-17.7819
-17.5588
-18.5218
-18.2947
-17.3356
-19.7343
-19.5031
-20.5035
-20.2679
-19.2719
-19.0406
-18.0676
-16.1744
-15.955
-15.0369
-17.1124
-17.8405
-16.8893
-16.6661
-15.7356
-10.4608
-10.26
-11.5105
-11.3071
-12.1655
-11.9593
-11.1037
-10.9002
-12.578
-12.3718
-13.4553
-14.1342
-13.2461
-13.0368
-13.9217
-13.7093
-12.8276
-14.8211
-15.5162
-14.6053
-14.3894
-13.4968
-11.753
-11.5468
-12.6183
-13.2844
-12.4091
-12.1998
-13.072
-12.8595
-11.9906
-14.1736
-13.9578
-14.858
-14.6387
-13.742
-13.5261
-12.6471
-15.2968
-15.0774
-16.443
-16.2198
-17.1592
-16.9321
-15.9967
-15.7735
-16.705
-16.4779
-15.5504
-17.8845
-17.6533
-18.6191
-18.3835
-17.422
-17.1908
-16.2508
-14.4193
-14.1999
-13.3103
-15.3272
-16.0237
-15.1041
-14.8809
-13.9805
-17.6134
-17.3863
-18.8094
-18.5782
-19.5613
-19.3257
-18.347
-18.1157
-20.0324
-19.7968
-21.2836
-21.0435
-22.0749
-21.8302
-20.8035
-20.5634
-21.5854
-21.3407
-20.3234
-22.8777
-22.6281
-23.6921
-23.4374
-22.3784
-22.1288
-21.0959
-19.0902
-18.8546
-20.0833
-20.8512
-19.8432
-19.6032
-20.6064
-20.3617
-19.3631
-21.8791
-21.6295
-22.6732
-22.4185
-21.3799
-21.1302
-20.1169
-23.1827
-22.928
-24.5183
-24.2583
-25.3566
-25.0912
-23.9984
-23.7384
-24.8258
-24.5604
-23.4784
-26.2072
-25.9361
-27.0702
-26.7933
-25.6651
-25.394
-24.2949
-22.1638
-21.9091
-20.8806
-23.2185
-24.0295
-22.9585
-22.6985
-21.6544
-15.7966
-15.5695
-14.6578
-16.9596
-16.7283
-17.6769
-17.4413
-16.4971
-16.2659
-15.3424
-18.148
-17.9124
-19.1231
-19.8721
-18.883
-18.6429
-19.6274
-19.3826
-18.4029
-20.6309
-21.3997
-20.3813
-20.1316
-19.1379
-17.2057
-16.9702
-16.0346
-18.1628
-18.8931
-17.9228
-17.6827
-16.7346
-4.87494
-4.68278
-3.90725
-5.85215
-5.65812
-6.44803
-6.25193
-5.46408
-5.27004
-4.49062
-6.84024
-6.64413
-7.84053
-7.64217
-8.45276
-8.25196
-7.44381
-7.24545
-8.05116
-7.85036
-7.0471
-9.06937
-8.86594
-9.69054
-9.4843
-8.66251
-8.45908
-7.64957
-6.05582
-5.85972
-5.07601
-6.84874
-7.44877
-6.65038
-6.45203
-5.66362
-8.85437
-8.65357
-9.88309
-9.67966
-10.5155
-10.3093
-9.47623
-9.2728
-10.928
-10.7218
-11.7813
-12.4346
-11.572
-11.3628
-12.2222
-12.0097
-11.1535
-13.0945
-13.7611
-12.8786
-12.6628
-11.7973
-10.103
-9.89679
-10.9443
-11.5848
-10.735
-10.5258
-11.3724
-11.1599
-10.3165
-12.447
-12.2312
-13.1029
-12.8835
-12.0153
-11.7995
-10.9475
-13.5417
-13.3223
-14.4346
-15.1153
-14.2114
-13.9883
-14.8882
-14.6611
-13.7651
-15.8034
-16.4991
-15.5722
-15.3409
-14.434
-12.6641
-12.4447
-11.5837
-13.542
-14.2069
-13.3188
-13.0957
-12.2253
-7.24797
-7.04717
-6.25367
-8.25565
-8.05222
-8.86556
-8.65932
-7.8488
-7.64537
-6.84638
-9.27805
-9.07181
-10.1073
-10.735
-9.89801
-9.68876
-10.5226
-10.3102
-9.47951
-11.3678
-12.0059
-11.152
-10.9362
-10.0977
-8.45307
-8.24683
-7.44194
-9.27026
-9.88527
-9.06101
-8.85177
-8.04059
-3.89635
-3.30517
-4.47857
-3.88459
-3.87191
-3.2814
-3.29371
-2.70561
-5.06269
-4.46556
-5.64891
-5.04831
-5.03284
-4.43648
-4.45155
-3.85828
-3.84365
-3.25399
-3.26817
-4.42032
-3.82796
-3.81117
-3.22256
-3.2388
-2.6525
-2.66717
-2.69367
-2.1084
-2.68087
-2.08284
-2.09605
-1.51337
-6.23744
-5.63304
-6.82851
-6.21997
-6.2012
-5.59768
-5.61598
-5.01621
-7.42232
-6.8093
-8.01908
-7.40125
-7.3787
-6.76667
-6.7887
-6.18109
-6.15959
-5.55714
-5.57808
-6.74315
-6.13666
-6.11225
-5.51105
-5.53481
-4.93727
-4.95897
-4.99839
-4.403
-4.97932
-4.36474
-4.38449
-3.79324
-3.77411
-3.18674
-3.20523
-4.34369
-3.75373
-3.73207
-3.14614
-3.16706
-2.58334
-2.6023
-4.91419
-4.32131
-5.48581
-4.88967
-4.86367
-4.27233
-4.29754
-3.70907
-3.68468
-3.10039
-3.12393
-4.24565
-3.65886
-3.63156
-3.04909
-3.07546
-2.49508
-2.5191
-2.56319
-1.98286
-2.00222
-2.54179
-1.94049
-1.96229
-1.38511
-1.40482
-1.50068
-0.920333
-2.06872
-1.48713
-1.47267
-0.89355
-0.907371
-0.329118
-2.63684
-2.05365
-2.62012
-2.02045
-2.03757
-1.45726
-1.44084
-0.863142
-0.878823
-1.42338
-0.828729
-0.84646
-0.271133
-0.287011
-0.315956
0.260451
-0.301936
0.28789
0.273742
0.848552
0.861903
1.43536
1.42283
0.302945
0.876109
0.89122
1.46289
1.4487
2.02106
2.00861
-0.254253
0.318951
-0.809901
-0.236325
-0.217301
0.35401
0.335957
0.907282
0.924343
1.49404
1.47799
0.373158
0.94245
0.961652
1.52917
1.51108
2.07939
2.06343
2.03431
2.60581
2.59352
2.04842
2.63287
2.61891
3.1898
3.17774
-1.36421
-0.789929
-1.9174
-1.34207
-1.31865
-0.746363
-0.768765
-0.197135
-2.46967
-1.89297
-3.02125
-2.44284
-2.41452
-1.83992
-1.86716
-1.29389
-1.26775
-0.697652
-0.722674
-1.8112
-1.24017
-1.21112
-0.643414
-0.671247
-0.104087
-0.129301
-0.175777
0.393448
-0.153182
0.437646
0.414928
0.981995
1.00353
1.56868
1.54836
0.461648
1.0263
1.05035
1.61295
1.5902
2.15369
2.13345
-0.0774913
0.486983
-0.614104
-0.0494677
-0.0199681
0.541842
0.513699
1.07573
1.1025
1.66234
1.63698
0.57146
1.13069
1.16036
1.71725
1.68909
2.24698
2.22171
2.17511
2.73718
2.71711
2.19777
2.78095
2.75845
3.31935
3.29951
3.20268
3.77321
3.76144
2.64772
3.21641
3.23103
3.79922
3.78579
4.3562
4.34479
2.09635
2.66352
2.11435
2.69817
2.68033
3.24661
3.26318
3.82882
3.81355
3.2808
3.86241
3.8451
4.41034
4.39544
4.36841
4.93896
4.92799
4.38147
4.96335
4.95073
5.52166
5.5112
5.42241
6.01028
6.00676
4.84173
5.42662
5.43097
6.01748
6.01383
6.60369
6.60082
4.26451
4.84676
3.69053
4.27048
4.27679
4.85758
4.85203
5.43551
5.44028
6.02522
6.02126
4.86346
5.44533
5.4507
6.0339
6.02942
6.61608
6.61276
6.60661
7.19871
7.19655
6.60962
7.20322
7.20092
7.79551
7.79413
3.11958
3.69757
2.55146
3.12782
3.13657
3.71298
3.70504
4.28347
1.98595
2.561
1.99692
2.58199
2.57116
3.14589
3.15583
3.73047
3.72144
3.16643
3.75042
3.74011
4.31492
4.30626
4.29058
4.86971
4.29816
4.88353
4.87638
5.45645
5.46262
6.04388
6.0387
4.8912
5.46927
5.47643
6.05555
6.04948
6.63217
6.62763
4.3242
4.89943
4.33414
4.91778
4.90827
5.48415
5.49249
6.06928
6.06213
5.50149
6.08546
6.07704
6.65498
6.64848
6.63712
7.22149
7.21767
6.64254
7.23044
7.22573
7.81203
7.80899
7.79694
8.39427
8.39373
7.20565
7.79846
7.8001
8.39551
8.39485
8.99516
8.99554
6.61964
7.20826
6.62347
7.21422
7.2111
7.80194
7.804
8.39728
8.39631
7.80633
8.39997
8.39849
8.99448
8.99443
8.99481
9.59836
9.59973
8.99455
9.59577
9.59702
10.204
10.2065
6.78205
6.96383
7.37906
7.56218
8.34787
8.53372
7.74589
7.93015
7.97805
8.16264
8.57919
8.76537
9.55923
9.74863
8.95226
9.13983
9.93875
10.1296
9.32805
10.5525
10.7454
11.5604
11.757
10.939
11.1333
10.3211
8.72017
8.9072
9.51691
10.5132
9.70638
9.89644
9.18266
9.37056
9.78863
9.97838
10.7816
10.9751
10.169
10.3603
10.3973
10.589
11.0088
11.2026
12.0164
12.2144
11.3974
11.593
12.4134
12.6133
11.7896
13.0409
13.2434
14.0837
14.291
13.4468
13.6513
12.8141
11.1694
11.3645
11.9871
13.0158
12.1854
12.3845
13.2184
13.4218
12.5844
13.8566
14.0628
14.9185
15.1295
14.2699
14.4779
13.626
14.4992
14.7084
15.1463
15.3586
16.2302
16.4478
15.5719
15.7861
16.6663
16.8859
16.0013
17.3368
17.56
18.4676
18.6966
17.7841
18.0093
17.1065
15.3415
15.5543
14.6867
16.2174
17.3279
16.4345
16.6524
15.768
10.706
10.8993
11.3284
11.5241
12.3514
12.551
11.7204
11.9173
11.9545
12.1526
12.7851
13.8311
12.9866
13.1888
14.0369
14.2434
13.3917
14.8964
15.9824
15.1068
15.318
14.4507
12.7511
12.9519
13.5954
14.6587
13.7996
14.0046
14.8674
15.0767
14.2101
15.5299
15.7425
16.6306
16.8482
15.9559
16.1699
15.2867
16.1977
16.4138
16.8712
17.0908
17.9978
18.2229
17.3112
17.5325
18.4487
18.6754
17.7545
19.1494
19.3801
20.3274
20.5641
19.6117
19.8441
18.9029
17.0665
17.2855
16.3846
17.9773
19.1311
18.2008
18.4249
17.5051
17.5503
17.7736
18.2354
18.4625
19.3897
19.6227
18.6906
18.9196
18.9266
19.1577
19.6241
19.8592
20.8077
21.0492
20.0953
20.3325
21.2917
21.5353
20.5707
22.0199
22.268
23.2621
23.5172
22.5173
22.7676
21.78
19.8567
20.0916
20.8099
22.0256
21.0501
21.2912
22.2723
22.5198
21.5332
23.0189
23.2713
24.289
24.5484
23.5246
23.779
22.7684
23.7734
24.0307
24.5358
24.7981
25.8426
26.1124
25.0616
25.3261
26.3833
26.6553
25.5917
27.1837
27.4613
28.5608
28.8464
27.74
28.0199
26.9285
24.8087
25.0701
24.0343
25.8583
27.2027
26.126
26.3947
25.3324
19.3601
19.5898
18.6498
20.0773
20.3113
21.2792
21.5192
20.546
20.7815
19.8202
20.8016
21.04
21.7761
23.0178
22.0199
22.2646
23.2681
23.5193
22.5101
24.2905
25.5957
24.5476
24.8056
23.7713
21.76
22.0015
21.0177
22.7564
24.0242
23.0034
23.2513
22.2438
9.74056
9.92799
10.3663
10.556
11.3805
11.5732
10.7459
10.9361
10.9959
11.1881
11.6297
11.8244
12.6631
12.8612
12.0195
12.2148
13.0597
13.2586
12.4105
13.714
13.9158
14.7839
14.9898
14.1181
14.3207
13.4577
11.7661
11.9592
12.6064
13.6571
12.8026
12.999
12.2679
12.4653
12.9106
13.1108
13.9647
14.1688
13.3114
13.5125
13.5579
13.761
14.4163
15.4973
14.623
14.8303
15.7085
15.9203
15.0382
16.5999
17.7254
16.8158
17.0323
16.1326
14.3734
14.5784
15.2465
16.3454
15.4553
15.6646
16.5587
16.7726
15.8744
17.2493
17.4669
18.3899
18.6125
17.685
17.9036
16.9868
17.9463
18.1678
18.8754
20.0513
19.1015
19.3283
20.283
20.5153
19.5557
21.2546
22.4867
21.4921
21.7303
20.7483
18.8357
19.0593
18.1227
19.7837
20.9818
20.0121
20.2412
19.2835
13.8568
14.0568
14.5236
14.7268
15.6096
15.8169
14.9303
15.1341
15.1961
15.4027
16.0845
17.2015
16.2951
16.506
17.4166
17.6321
16.7173
18.3422
19.5081
18.5622
18.7825
17.848
16.0245
16.2323
16.9289
18.0642
17.1408
17.353
1.46502
2.40329
2.3955
1.45739
3.34375
4.28786
4.27973
3.33579
3.32733
4.27094
4.26141
3.31828
1.44956
2.38736
2.37877
1.44142
5.2371
6.19293
6.18439
5.22877
7.1568
8.13019
8.12121
7.14805
7.1382
8.11099
8.09944
7.12718
5.21964
6.17491
6.16439
5.20963
5.19864
6.15276
6.1399
5.18658
7.11488
8.08647
8.072
7.10122
7.08611
8.05592
8.03817
7.06947
5.17337
6.12575
6.1102
5.15891
1.4329
2.36965
2.35991
1.4239
3.30855
4.25106
4.23978
3.29805
3.28668
4.2275
4.21411
3.27436
1.41434
2.34945
2.33818
1.40411
0.525165
0.517676
-0.424878
-0.417616
0.510098
0.502342
-0.439482
-0.432137
-1.37604
-1.38284
-2.32907
-2.32295
-1.36234
-1.36924
-2.31674
-2.31034
0.494317
0.485933
-0.454794
-0.447005
0.477102
0.467732
-0.471533
-0.46294
-1.40411
-1.41179
-2.35437
-2.34774
-1.38972
-1.39678
-2.34137
-2.33518
-3.28471
-3.2899
-4.24371
-4.23966
-3.29518
-3.30062
-4.25188
-4.24776
-5.20682
-5.20949
-6.17478
-6.17371
-5.20136
-5.20414
-6.17253
-6.17116
-3.26296
-3.26873
-4.22654
-4.22154
-3.27421
-3.27951
-4.2355
-4.23116
-5.19513
-5.19839
-6.1695
-6.16747
-5.18742
-5.19151
-6.16498
-6.16194
0.241419
-0.701998
-1.27885
-0.33388
-1.6479
-2.59764
-3.18048
-2.22727
-2.80842
-3.7657
-4.35351
-3.39157
-0.909791
-1.8569
-2.43636
-1.48653
-3.55255
-4.51396
-5.10665
-4.13983
-5.48322
-6.46167
-7.06806
-6.08228
-6.68548
-7.67918
-8.29523
-7.29303
-4.73008
-5.70289
-6.3029
-5.3235
-5.92031
-6.90687
-7.51504
-6.52072
-7.90514
-8.91644
-9.54301
-8.52202
-9.1439
-10.1752
-10.8131
-9.77097
-7.12495
-8.12761
-8.74479
-7.73319
-2.0643
-3.01745
-3.60037
-2.64332
-3.97694
-4.94411
-5.53773
-4.56473
-5.15515
-6.13457
-6.73485
-5.74842
-3.2238
-4.18534
-4.77257
-3.80595
1.00608
0.431382
1.01842
1.59298
-0.143404
-0.718491
-0.129804
0.444232
1.03134
0.458035
1.0452
1.61809
2.17999
1.60525
2.19204
2.76727
-1.29409
-1.87042
-1.27826
-0.703897
-2.44769
-3.0261
-2.42864
-1.8531
-1.26032
-1.8333
-1.2399
-0.669165
-0.114867
-0.687581
-0.0982119
0.473173
1.0604
0.490026
1.07731
1.64699
-0.0794593
-0.648268
-0.0582283
0.508973
1.09631
0.530396
1.11778
1.68272
2.23311
1.66381
2.24971
2.81896
3.35502
2.77897
3.36622
3.9434
2.20466
1.63187
2.21822
2.79123
3.37798
2.80443
3.39067
3.96507
4.53259
3.95396
4.54237
5.12277
1.76232
2.34965
3.2898
2.70113
2.93746
3.52593
4.47005
3.87938
4.82579
5.41957
6.37597
5.77816
3.64259
4.23353
5.18229
4.58817
4.11522
4.70552
5.65532
5.06196
5.29701
5.88985
6.84703
6.25028
7.21171
7.81328
8.79008
8.18277
6.01503
6.61235
7.5781
6.97589
7.946
8.55401
9.54156
8.92683
9.16491
9.77888
10.7811
10.1596
11.1683
11.7983
12.832
12.1925
9.91984
10.5422
11.5574
10.9265
5.53934
6.13755
7.10078
6.49756
6.73794
7.3407
8.31524
7.70661
8.68563
9.30104
10.2996
9.67647
7.46429
8.07344
9.057
8.441
9.11456
10.1114
10.1019
9.10534
11.1221
12.1482
12.1382
11.1124
11.1009
12.1263
12.1126
11.0878
9.09473
10.0909
10.0783
9.08265
13.1911
14.2524
14.2418
13.1808
15.3334
16.4357
16.4244
15.3225
15.3093
16.4108
16.3946
15.2938
13.1686
14.2291
14.2141
13.1542
13.1377
14.1969
14.1773
13.119
15.2758
16.3759
16.3544
15.2553
15.2321
16.3302
16.3031
15.2062
13.0979
14.1552
14.1305
13.0744
9.069
10.0639
10.0478
9.05369
11.0727
12.0968
12.079
11.0557
11.0367
12.0589
12.0366
11.0155
9.03664
10.0297
10.0097
9.01776
8.99696
9.98763
9.96339
8.97414
10.9921
12.0119
11.9848
10.9664
10.9384
11.9551
11.9228
10.9078
8.94922
9.93689
9.90805
8.9221
13.0484
14.1032
14.0731
13.0198
15.1776
16.2731
16.24
15.146
15.1114
16.2038
16.1644
15.0738
12.9885
14.0402
14.0043
12.9544
12.9175
13.9654
13.9235
12.8776
15.033
16.1217
16.0755
14.9889
14.9415
16.0259
15.9727
14.8907
12.8346
13.8783
13.8298
12.7885
8.8927
9.87678
9.84299
8.86093
10.8746
11.8877
11.8498
10.8388
10.8002
11.8091
11.7653
10.7588
8.8267
9.80659
9.76749
8.78991
1.39314
2.32602
2.31288
1.38134
3.261
4.19954
4.1837
3.24652
3.23081
4.16648
4.14781
3.21379
1.36861
2.29867
2.28329
1.35486
5.14311
6.09317
6.07457
5.1259
7.05119
8.01863
7.99723
7.0312
7.00939
7.97387
7.94847
6.98569
5.10716
6.05431
6.0323
5.08682
5.06479
6.00844
5.98265
5.04097
6.96
7.92093
7.89116
6.93223
6.90229
7.85908
7.8246
6.87009
5.01528
5.95484
5.92492
4.98762
1.34
2.26666
2.24868
1.32395
3.19537
4.12759
4.10573
3.17546
3.15396
4.08214
4.05674
3.1308
1.30662
2.22928
2.20835
1.2879
0.457736
0.447024
-0.490412
-0.48066
0.435504
0.423087
-0.512154
-0.50088
-1.43785
-1.44784
-2.38531
-2.37674
-1.41991
-1.42857
-2.36878
-2.36135
0.409683
0.395202
-0.537477
-0.524323
0.379555
0.362651
-0.5671
-0.551706
-1.48301
-1.49675
-2.42765
-2.41568
-1.45864
-1.47033
-2.4047
-2.39461
-3.33356
-3.34192
-4.28334
-4.27685
-3.35108
-3.36113
-4.29853
-4.29053
-5.23538
-5.24119
-6.19045
-6.18697
-5.2258
-5.23028
-6.1841
-6.18176
-3.30633
-3.31239
-4.26073
-4.25618
-3.31888
-3.32591
-4.27098
-4.26563
-5.21832
-5.22184
-6.17985
-6.17829
-5.21224
-5.21515
-6.17699
-6.17585
-7.14834
-7.14757
-8.12825
-8.13107
-7.14687
-7.14634
-8.12265
-8.12541
-9.11525
-9.11012
-10.1101
-10.1177
-9.12536
-9.12036
-10.1252
-10.1326
-7.14606
-7.14612
-8.1177
-8.12005
-7.14662
-7.14764
-8.11412
-8.11569
-9.09551
-9.09121
-10.0803
-10.0874
-9.10506
-9.10016
-10.0949
-10.1024
-11.1135
-11.1031
-12.1263
-12.1396
-11.0928
-11.0826
-12.0996
-12.1129
-13.1491
-13.1325
-14.1828
-14.2028
-13.1821
-13.1657
-14.2227
-14.2424
-11.154
-11.1442
-12.1787
-12.191
-11.1342
-11.1239
-12.1529
-12.1659
-13.2143
-13.1984
-14.2617
-14.2807
-13.245
-13.2299
-14.2993
-14.3172
-7.14643
-7.14829
-8.14278
-8.14223
-7.14951
-7.15018
-8.14177
-8.1426
-9.14807
-9.1456
-10.163
-10.1673
-9.15069
-9.1498
-10.1707
-10.1731
-7.15038
-7.15021
-8.13853
-8.14038
-7.14975
-7.1491
-8.13378
-8.1363
-9.13468
-9.13017
-10.1396
-10.1462
-9.14249
-9.13882
-10.1524
-10.1581
-11.1884
-11.1807
-12.2249
-12.2349
-11.1723
-11.1634
-12.2029
-12.2143
-13.2734
-13.2595
-14.3345
-14.3511
-13.2988
-13.2865
-14.3668
-14.3816
-11.2109
-11.2067
-12.2593
-12.2654
-11.2015
-11.1954
-12.244
-12.2522
-13.3206
-13.3102
-14.3954
-14.408
-13.3379
-13.3298
-14.4195
-14.4297
-7.45064
-8.45148
-9.07542
-8.06533
-9.46552
-10.4941
-11.1395
-10.0997
-10.7403
-11.7919
-12.4516
-11.3877
-8.68533
-9.70527
-10.3412
-9.31085
-11.5386
-12.6003
-13.2709
-12.1961
-13.6805
-14.7807
-15.4804
-14.3652
-15.0587
-16.1895
-16.9083
-15.7613
-12.8612
-13.9497
-14.6371
-13.5343
-14.2154
-15.3331
-16.038
-14.9048
-16.4732
-17.637
-18.3757
-17.1945
-17.9255
-19.1247
-19.8842
-18.6664
-15.6028
-16.752
-17.4753
-16.3095
-9.94212
-10.9835
-11.6323
-10.5793
-12.042
-13.1188
-13.7938
-12.7034
-13.3721
-14.4766
-15.1676
-14.0484
-11.2227
-12.2879
-12.9505
-11.8725
-12.5288
-13.6202
-14.2973
-13.1919
-14.7324
-15.867
-16.5749
-15.4245
-16.1247
-17.2916
-18.0172
-16.8333
-13.8621
-14.982
-15.6745
-14.5395
-17.0251
-18.2081
-18.9507
-17.7498
-19.4174
-20.6544
-21.4355
-20.1788
-20.9507
-22.2277
-23.0313
-21.7334
-18.484
-19.7032
-20.4659
-19.2277
-19.9812
-21.239
-22.0227
-20.7447
-22.527
-23.8464
-24.6733
-23.3318
-24.1479
-25.5121
-26.3632
-24.9757
-21.5184
-22.8171
-23.6226
-22.3025
-15.2243
-16.375
-17.0838
-15.9167
-17.5505
-18.7521
-19.4964
-18.2765
-19.0116
-20.2503
-21.014
-19.7559
-16.617
-17.801
-18.5268
-17.3254
-4.38999
-5.36227
-5.95466
-4.97612
-6.34475
-7.33877
-7.94656
-6.94436
-7.54745
-8.55841
-9.17455
-8.15423
-5.56457
-6.54994
-7.14834
-6.15553
-8.34567
-9.36678
-9.99382
-8.9626
-10.4035
-11.457
-12.1072
-11.0416
-11.6855
-12.7637
-13.4269
-12.3355
-9.58418
-10.6261
-11.2638
-10.2106
-10.8422
-11.9073
-12.5565
-11.479
-12.9917
-14.0969
-14.774
-13.6544
-14.3238
-15.4584
-16.1503
-15.0001
-12.1214
-13.2119
-13.8736
-12.7694
-6.74923
-7.75005
-8.3553
-7.34588
-8.76493
-9.79519
-10.4205
-9.37974
-9.99889
-11.0508
-11.6862
-10.6226
-7.94568
-8.96429
-9.57724
-8.54885
-3.60588
-4.18724
-3.58265
-3.00508
-4.77038
-5.35552
-4.74197
-4.16154
-3.55577
-4.13182
-3.52488
-2.95291
-2.40672
-2.98081
-2.38156
-1.81063
-5.94287
-6.53265
-5.90832
-5.32416
-7.12506
-7.72031
-7.08338
-6.49465
-5.8686
-6.4511
-5.82332
-5.24671
-4.70917
-5.28802
-4.67157
-4.0977
-3.48959
-4.0588
-3.44952
-2.88467
-4.62881
-5.19984
-4.58051
-4.01473
-3.4043
-3.96513
-3.35353
-2.79732
-2.28274
-2.84357
-2.24077
-1.68365
-1.21661
-1.78471
-1.19008
-0.624509
-2.35276
-2.92098
-2.31995
-1.75516
-1.15992
-1.7216
-1.12576
-0.566885
-0.034139
-0.597509
-0.0068106
0.554674
1.14211
0.58219
1.16967
1.72834
0.0241391
-0.532257
0.0590903
0.613324
1.20085
0.648456
1.23602
1.78688
2.31354
1.7558
2.34077
2.89789
-1.08721
-1.64093
-1.04389
-0.493244
-2.19364
-2.74554
-2.14097
-1.59306
-0.995425
-1.53966
-0.941431
-0.400546
0.098422
-0.449467
0.142515
0.687965
1.27556
0.732232
1.31986
1.86138
0.191749
-0.3461
0.246506
0.781638
1.3693
0.836562
1.42425
1.9549
2.44561
1.90557
2.48955
3.02842
3.48157
2.92474
3.50789
4.06474
2.3716
1.82195
2.40642
2.95519
3.53782
2.98962
3.57172
4.11966
4.6476
4.0904
4.67245
5.2303
5.71411
5.13162
5.7219
6.30679
4.5527
3.97712
4.56396
5.14103
5.73024
5.15136
5.7395
6.3205
6.90099
6.31337
6.90622
7.49688
3.40469
2.83518
3.42041
3.99049
2.26839
1.70411
2.28954
2.8535
3.43821
2.87427
3.45847
4.0227
4.57654
4.00556
4.59081
5.16301
5.75007
5.17634
5.76233
6.3379
4.60716
4.0423
4.62596
5.19175
5.77666
5.20961
5.79343
6.36205
6.92669
6.34894
6.93637
7.5166
8.09464
7.50062
8.09675
8.69444
6.912
6.32855
6.91869
7.5049
8.09939
7.5101
8.10295
8.69564
9.29646
8.69477
9.29488
9.90088
6.48423
7.08032
8.04659
7.44574
7.6783
8.27834
9.25541
8.64975
9.63304
10.2452
11.2492
10.6296
8.41724
9.02377
10.0133
9.4002
8.88062
9.48532
10.4749
9.86373
10.0926
10.7027
11.7065
11.0891
12.1011
12.7267
13.7648
13.13
10.8605
11.4791
12.4993
11.8724
12.9009
13.537
14.5936
13.9474
14.1773
14.8222
15.9004
15.2446
16.3332
17.0009
18.1251
17.4446
15.0135
15.6707
16.7698
16.1005
10.3961
11.0167
12.0354
11.4064
11.6409
12.2689
13.3058
12.6685
13.7137
14.3612
15.4367
14.7781
12.4325
13.0709
14.1246
13.4759
14.5381
15.198
16.2925
15.6206
15.8631
16.5337
17.6538
16.9702
18.1008
18.7983
19.9687
19.2565
16.7248
17.4097
18.551
17.8521
17.21
17.8921
19.0393
18.3434
18.5803
19.2746
20.4507
19.7417
20.9304
21.6549
22.8887
22.1477
19.5022
20.2129
21.4141
20.6879
21.9018
22.6446
23.9058
23.1455
23.3952
24.1536
25.451
24.6742
25.9864
26.7824
28.1493
27.3331
24.4205
25.1991
26.5261
25.7281
19.0041
19.7178
20.9117
20.1822
20.4386
21.1665
22.3932
21.6486
22.8881
23.6502
24.9389
24.1584
21.3879
22.1341
23.3864
22.6226
9.42916
10.0529
11.0627
10.4302
10.6806
11.3123
12.3407
11.6994
12.7345
13.3862
14.4503
13.7872
11.4457
12.0877
13.1295
12.4769
11.9483
12.5887
13.6374
12.9866
13.2337
13.8834
14.9542
14.2932
15.3726
16.0458
17.1597
16.4734
14.043
14.7051
15.7932
15.1189
16.2158
16.9032
18.0366
17.3351
17.597
18.2972
19.46
18.7448
19.9184
20.6494
21.8669
21.1192
18.4783
19.1948
20.3793
19.6469
13.5255
14.1895
15.2692
14.5929
14.8591
15.5345
16.6402
15.9516
17.0661
17.7688
18.9219
18.2042
15.6805
16.3701
17.4936
16.7898
