FiniteElementSpace
FiniteElementCollection: H1_2D_P2
VDim: 1
Ordering: 0

1
0.794655
19.4694
-18.0032
-17.7428
-32.3606
19.833
9.76303
0.920306
-8.20077
-17.8969
-8.15878
-24.8266
-20.4343
10.0047
-8.18024
-14.0918
5.51563
5.41636
0.963027
-3.59581
-8.1725
-3.53654
-11.0809
-9.20932
14.779
19.6787
14.4771
9.90188
5.23347
0.866102
-3.67759
-8.18775
-12.8606
-17.8229
-12.9187
-17.9589
-12.9524
-21.3329
-19.269
-28.498
-26.1455
-17.2051
-15.1412
5.47357
-3.56623
-6.34733
14.6508
5.33824
-3.63101
-12.8898
-12.9415
-16.0475
-22.6305
-12.1361
3.25196
5.49614
3.21253
0.981873
7.80274
7.75786
10.0443
7.69312
5.44722
3.16266
0.942744
-1.29733
-3.55176
-1.26291
-1.33457
-3.58067
-5.87413
-8.17676
-5.85438
-8.16675
-5.83159
-4.93638
-9.60958
-8.69033
-12.5744
-11.6191
-7.77108
17.2652
12.3627
14.7202
12.2473
9.95742
19.7623
17.124
19.5813
16.9326
14.57
12.0911
9.83733
5.38027
3.09659
0.895
7.60277
7.48105
5.28955
3.00858
0.832893
-1.38036
-3.61234
-1.44046
-3.65252
-5.92746
-8.19321
-5.89657
-8.18366
-10.5153
-12.9047
-10.5249
-10.5082
-12.8749
-15.2685
-17.7833
-15.3221
-17.861
-15.3725
-10.5313
-12.9488
-10.5288
-12.9312
-17.9298
-15.4138
-17.9836
-15.4403
-14.485
-13.5297
-19.6484
-18.645
-23.0584
-21.9949
-17.6416
-16.6382
-20.9314
-19.8679
-15.6348
-26.6392
-25.5036
-30.4045
-29.1847
-24.368
-23.2323
-18.8043
-10.6638
-14.6314
-17.7408
-13.628
3.23319
7.78242
7.72833
3.18926
-1.28013
-1.31524
-5.86427
-5.84372
-7.25306
-10.1451
12.4069
12.3097
17.2005
17.0349
12.1747
3.13201
7.6515
7.54619
3.05569
-1.35603
-1.40826
-5.9106
-5.88465
-10.5201
-10.5111
-15.2954
-15.3481
-10.5315
-10.5288
-15.3946
-15.4293
-12.0167
-17.0254
-20.3009
-15.0696
-18.237
-23.7285
-27.3218
-21.5324
-13.1139
-16.1731
2.12525
3.24276
2.10681
0.990981
4.3816
5.50622
4.36248
5.48528
4.34088
3.22314
2.08707
0.972584
6.65552
7.79307
6.63563
7.77072
6.61208
7.74376
6.58415
5.46092
8.88124
10.0254
8.84381
7.71148
6.55112
5.4324
3.20127
2.06531
0.95311
4.31608
4.28736
3.17642
2.0408
0.931839
-0.148594
-1.27157
-0.130789
-0.166754
-1.28869
-2.43004
-3.55904
-2.41407
-3.54428
-2.39772
-0.185984
-1.30615
-0.207004
-1.32468
-2.46372
-3.58811
-2.44635
-3.57341
-4.71953
-5.85938
-4.70723
-4.73216
-5.86916
-7.02304
-8.17855
-7.01624
-8.17477
-7.00902
-4.69453
-5.83789
-4.68072
-5.84919
-8.16985
-7.00068
-8.16308
-6.9905
-6.54045
-6.09041
-4.23518
-8.88172
-8.42567
-10.3426
-9.87899
-7.96961
-7.51356
-5.64036
-9.41542
-8.95185
-7.0575
-11.8248
-11.3522
-13.33
-12.8469
-10.8796
-10.407
-8.48828
11.2191
12.3859
11.1771
12.3374
11.1271
9.98203
13.5628
14.7509
13.507
14.6869
13.4411
12.2798
11.0681
9.93074
16.0126
17.2343
15.9509
18.5381
19.7993
18.4705
19.7222
18.3904
17.1638
15.8779
17.0811
15.793
14.6118
19.6317
18.2972
19.5272
18.1901
16.9855
15.6954
14.5251
12.2123
10.9995
9.87078
13.3644
13.2762
12.1343
10.9206
9.80144
3.14789
2.01283
0.908057
5.39901
4.254
5.36005
4.21529
3.11494
1.98069
0.881045
7.67316
6.51229
8.7994
8.74727
7.62807
6.46691
7.5755
6.41429
5.31477
8.68671
8.61701
7.51473
6.35369
5.26248
3.07687
1.94364
0.850081
4.1705
4.11892
3.03295
1.90098
0.814447
-0.230525
-1.34499
-0.257272
-1.36779
-2.50449
-3.62137
-2.48286
-3.60385
-0.287964
-1.39382
-0.323318
-1.42378
-2.5581
-3.66456
-2.52933
-3.64136
-4.77916
-5.90327
-4.76125
-4.80026
-5.91863
-7.06051
-8.19668
-7.04817
-8.19026
-7.03828
-4.74583
-5.87926
-5.89039
-8.18558
-7.03015
-8.18191
-9.34653
-10.5225
-9.34707
-9.34629
-10.5176
-11.696
-12.8973
-11.7057
-12.9118
-11.715
-9.34706
-10.513
-9.34957
-10.5094
-11.6781
-12.8676
-11.6866
-12.8823
-14.0774
-15.3088
-14.0981
-14.0569
-15.2819
-16.4967
-17.7631
-16.5302
-17.8032
-16.5633
-14.1183
-15.3605
-14.1374
-15.3352
-17.8422
-16.5952
-17.8793
-16.6252
-9.34325
-10.5306
-9.33778
-9.34614
-10.5317
-11.7293
-12.9456
-11.7329
-12.9511
-11.7333
-9.34718
-10.5303
-10.527
-12.9252
-11.7231
-12.9367
-14.1546
-15.4046
-14.1692
-15.3839
-17.9137
-16.6525
-17.9448
-16.6766
-14.1805
-15.4354
-14.1877
-15.422
-17.9719
-16.6966
-17.9941
-16.7117
-11.2697
-10.8061
-13.7151
-13.2425
-15.2624
-14.7793
-12.7699
-12.2973
-16.2286
-15.7455
-18.821
-18.3259
-20.4856
-19.977
-17.8307
-17.3356
-19.4683
-18.9597
-16.8405
-22.1904
-21.6667
-23.937
-23.3968
-21.143
-20.6194
-18.451
-14.2962
-13.8131
-16.3454
-17.9424
-15.8502
-15.3551
-17.4337
-16.9251
-14.86
-20.0957
-19.572
-21.7762
-21.236
-19.0483
-18.5246
-16.4164
-22.8566
-22.3164
-25.7272
-25.169
-27.5627
-26.985
-24.6108
-24.0525
-26.4072
-25.8294
-23.4943
-29.4452
-28.8464
-31.3763
-30.7549
-28.2475
-27.6487
-25.2516
-20.6958
-20.1556
-18.001
-22.9361
-24.6738
-22.3778
-21.8196
-19.6154
-12.3638
-11.8807
-9.93441
-14.3648
-15.9077
-13.8697
-13.3746
-11.3976
-15.3991
-14.8904
-12.8795
-17.4773
-19.0752
-16.9536
-16.4299
-14.3818
2.11615
4.3723
4.35203
2.09715
6.64599
6.62436
6.59871
8.86335
6.56832
2.07649
4.32893
4.30225
2.05344
-0.139691
-0.157585
-2.42206
-2.40598
-0.17619
-0.196225
-2.45486
-2.43811
-4.71339
-4.72576
-7.01964
-7.01273
-4.6878
-4.70097
-7.00504
-6.99587
-5.38399
-7.70592
-9.14995
-6.80019
-8.2307
-10.613
-12.0967
-9.67721
11.1991
11.1532
13.5361
13.4753
11.0987
15.9831
18.5058
18.432
15.9159
15.837
18.3455
18.2454
15.7458
11.035
13.4041
13.3217
10.9614
2.02729
4.27131
4.23536
1.99733
6.53248
8.82252
8.77434
6.49046
6.44155
8.71809
8.65305
6.38503
1.96282
4.1937
4.14561
1.92306
-0.218406
-0.243451
-2.49332
-2.47302
-0.27208
-0.305013
-2.54318
-2.51646
-4.76985
-4.78927
-7.05399
-7.04296
-4.73882
-4.75328
-7.03404
-7.02651
-9.34681
-9.34633
-11.7008
-11.7104
-9.3465
-9.34805
-11.6822
-11.6912
-14.0877
-14.0671
-16.5135
-16.5469
-14.1281
-14.1083
-16.5794
-16.6105
-9.34088
-9.34497
-11.7315
-11.7336
-9.34685
-9.34722
-11.7192
-11.7265
-14.1623
-14.1463
-16.6392
-16.665
-14.1846
-14.1753
-16.6871
-16.7048
-10.0692
-12.4845
-14.0074
-11.5488
-14.9627
-17.5143
-19.1467
-16.5364
-18.1433
-20.8169
-22.5266
-19.7849
-13.052
-15.5586
-17.1399
-14.5807
-16.1365
-18.753
-20.3996
-17.721
-21.4631
-24.2776
-26.0714
-23.1795
-24.9358
-27.9099
-29.7946
-26.7337
-19.3361
-22.0814
-23.8001
-20.9833
-11.1414
-13.6029
-15.1331
-12.625
-14.1297
-16.6891
-18.2726
-15.6571
1.56253
2.12072
1.55347
0.995496
2.68832
3.2474
2.67918
3.23803
2.66973
2.11151
1.54425
0.986444
3.81631
4.37701
3.80708
4.94797
5.511
4.93862
5.50127
4.92867
4.36746
3.79738
4.35734
3.78714
3.22823
5.49081
4.91802
5.47954
4.90659
4.34655
3.77626
3.21792
2.10203
1.53478
0.977257
2.65988
2.64953
2.09217
1.52496
0.967845
6.08475
6.65085
6.07528
7.22812
7.79802
7.21852
7.78787
7.20802
6.64092
6.06506
6.63011
6.054
7.77671
7.19653
7.76444
7.18397
6.61835
6.04201
6.60554
6.02899
5.46737
7.75097
7.17024
7.73622
7.15524
6.59158
6.01487
5.4542
8.3036
8.8725
8.28624
7.72009
9.46141
10.0351
9.44301
10.0153
9.42287
8.85379
8.26729
7.70249
6.5764
5.99954
5.43996
7.1389
7.12113
6.5599
5.98293
5.42454
2.08185
1.51471
0.958119
3.20699
2.63861
3.19537
2.62702
2.07098
1.50394
0.947989
4.33501
3.76465
4.89429
4.88102
4.32262
3.75222
4.3093
3.73889
3.18295
4.8667
4.85123
4.29495
3.72456
3.16966
2.05946
1.49256
0.937365
2.61467
2.60147
2.04722
1.48047
0.926157
0.425712
-0.135244
0.434693
0.416689
-0.144137
-0.714144
-1.27585
-0.705394
-1.26726
-0.696595
0.407533
-0.153073
0.398152
-0.162142
-0.731859
-1.29299
-0.722935
-1.2844
-1.855
-2.41807
-1.84671
-1.86334
-2.42605
-2.99762
-3.56264
-2.99001
-3.55542
-2.98236
-1.83837
-2.40188
-1.82989
-2.41004
-3.54805
-2.97457
-3.54045
-2.96654
0.388459
-0.171433
0.378362
-0.181037
-0.750462
-1.31066
-0.741005
-1.30171
0.367772
-0.191043
0.356599
-0.201542
-0.77067
-1.32956
-0.76032
-1.31991
-1.88947
-2.45057
-1.88048
-1.89886
-2.45924
-3.02931
-3.59192
-3.02102
-3.58436
-3.01303
-1.8718
-2.43406
-2.4422
-3.57702
-3.00526
-3.56981
-4.14273
-4.71031
-4.13604
-4.14945
-4.71645
-5.29109
-5.86183
-5.28555
-5.8569
-5.27995
-4.1563
-4.72263
-4.16337
-4.72893
-5.30236
-5.87163
-5.29666
-5.86671
-6.44343
-7.01795
-6.43927
-6.44763
-7.02134
-7.60052
-8.1794
-7.59796
-8.17767
-7.59534
-6.43505
-7.01091
-6.43068
-7.0145
-8.17579
-7.59258
-8.17368
-7.58957
-4.11531
-4.68431
-4.10787
-4.12242
-4.69121
-5.26824
-5.84086
-5.26194
-5.8348
-5.25523
-4.1293
-4.69778
-4.70412
-5.85182
-5.27421
-5.8465
-6.42608
-7.00291
-6.42115
-7.00707
-8.17123
-7.58624
-8.16836
-7.58249
-6.4158
-6.99326
-6.40995
-6.99834
-8.16499
-7.57824
-8.16102
-7.57338
-5.03197
-4.80871
-3.88555
-6.18557
-5.96118
-6.89627
-6.67057
-5.73679
-5.5124
-4.58545
-7.34768
-7.12198
-8.51965
-8.29244
-9.24502
-9.01612
-8.06524
-7.83803
-8.78723
-8.55833
-7.61083
-9.97541
-9.74464
-10.711
-10.4782
-9.51386
-9.28309
-8.32944
-6.44487
-6.21916
-5.28801
-7.38362
-8.10054
-7.15641
-6.92921
-5.99346
-7.87164
-7.64275
-6.702
-9.05231
-8.82154
-9.77967
-9.54683
-8.59076
-8.35999
-7.41385
-10.2454
-10.0125
-11.4521
-11.217
-12.1988
-11.9613
-10.9819
-10.7468
-11.7238
-11.4862
-10.5117
-12.9514
-12.7113
-13.7101
-13.4671
-12.4711
-12.2309
-11.2487
-9.31399
-9.08115
-8.12922
-10.2766
-11.0111
-10.0415
-9.80644
-8.84831
10.6301
11.2093
10.6107
11.8112
12.3966
11.7907
12.3745
11.7682
11.1884
10.5894
11.1654
10.5661
9.99359
12.3503
11.7435
12.3238
11.7167
11.1404
10.5407
9.96998
12.9609
13.5498
12.9348
14.1688
14.7652
14.1414
14.7359
14.1115
13.5219
12.9065
13.4915
12.8756
12.2951
14.7039
14.079
14.6692
14.0438
13.4585
12.8423
12.2638
11.1132
10.5132
9.94434
11.6875
11.656
11.0837
10.4834
9.91659
15.3935
15.9982
15.3647
16.6364
17.2501
16.6062
17.2177
16.5732
15.9673
15.3333
17.899
18.5224
17.8674
19.1828
19.8165
19.1497
19.7812
19.1136
18.4885
17.8328
18.4517
17.7953
17.1825
19.7427
19.0743
19.7008
19.0317
18.4116
17.7546
17.1443
15.9337
15.2991
16.5373
16.4985
15.8973
15.2621
15.8578
15.2222
14.6317
17.1029
16.4566
17.0584
16.4115
15.8154
15.1792
14.5913
18.3684
17.7106
19.6556
18.9858
19.6069
18.9364
18.3218
17.6634
18.2717
17.6128
17.0106
19.5547
18.8835
19.4988
18.8269
18.2182
17.5587
16.9595
15.7698
15.1332
14.5479
16.3632
16.3116
15.721
15.084
14.5015
11.0519
10.4514
9.88662
12.2301
11.622
12.1938
11.5854
11.0176
10.4169
9.85435
13.4229
12.8063
14.0059
13.9651
13.3846
12.7676
13.3434
12.7261
12.1548
13.9213
13.8745
13.2993
12.6817
12.1131
10.9808
10.3799
9.8197
11.5461
11.5041
10.9413
10.3403
9.78256
2.03416
1.4676
0.914277
3.15541
2.58733
3.14009
2.57216
2.02019
1.45384
0.901636
4.27948
3.70915
5.40786
4.83453
5.38982
4.81651
4.26282
3.69257
4.24486
3.67471
3.12363
5.37035
4.79708
5.34935
4.77614
4.22551
3.6555
3.10594
2.00522
1.43911
0.888141
2.55588
2.53838
1.98915
1.42332
0.873703
6.54199
5.96493
7.68334
7.10182
7.66255
7.0809
6.52258
5.94547
8.83339
8.24666
9.40092
9.37705
8.81119
8.22427
8.78711
8.20003
7.64002
9.35118
9.32322
8.76106
8.17385
7.61566
6.50158
5.92445
7.05828
7.03385
6.47891
5.90177
6.45447
5.87736
5.32672
7.58939
7.00754
7.56111
6.97925
6.42816
5.85111
5.30239
8.73295
8.14563
9.29308
9.26067
8.70268
8.11528
8.67017
8.08272
7.53073
9.2259
9.18867
8.63533
8.04786
7.49818
6.39991
5.82295
5.27625
6.9489
6.91639
6.36963
5.79278
5.24822
1.97191
1.40638
0.858232
3.08691
2.51959
3.06647
2.49941
1.9534
1.3882
0.841639
4.20469
3.63485
4.75362
4.72941
4.18231
3.61266
4.15827
3.58884
3.04452
4.70342
4.67558
4.13249
3.56331
3.02098
1.93353
1.36868
0.823833
2.47775
2.45453
1.91221
1.34775
0.804725
0.344757
-0.212621
0.332152
-0.22437
-0.793197
-1.35043
-0.781598
-1.3397
0.318694
-0.236881
0.304295
-0.250244
-0.818767
-1.37397
-0.805557
-1.36182
-1.93032
-2.488
-1.9192
-1.94221
-2.49881
-3.06737
-3.6261
-3.05694
-3.61678
-3.04718
-1.90874
-2.46831
-2.47787
-3.60804
-3.03801
-3.59978
0.288864
-0.264547
0.272311
-0.279882
-0.848098
-1.40091
-0.832917
-1.38697
0.254546
-0.296337
0.23548
-0.314003
-0.881909
-1.43197
-0.864398
-1.41588
-1.98331
-2.53613
-1.96861
-1.99913
-2.5505
-3.11753
-3.67095
-3.10354
-3.65842
-3.09058
-1.95494
-2.51037
-2.52278
-3.64683
-3.07855
-3.63609
-4.20507
-4.76547
-4.19558
-4.21532
-4.77441
-5.3442
-5.90685
-5.33586
-5.89985
-5.32819
-4.22642
-4.78411
-4.23844
-4.79465
-5.36321
-5.92294
-5.35328
-5.91452
-6.48547
-7.05099
-6.47853
-6.49317
-7.05716
-7.62966
-8.19864
-7.62433
-8.19488
-7.61967
-6.47225
-7.04056
-6.46654
-7.04549
-8.19168
-7.61558
-8.18896
-7.61196
-4.17074
-4.73545
-4.1785
-4.74227
-5.31449
-5.88192
-5.30827
-5.87667
-4.18675
-4.74949
-4.75719
-5.89342
-5.3211
-5.88747
-6.46132
-7.03206
-6.45648
-7.03612
-8.18662
-7.60874
-8.18459
-7.60582
-6.45195
-7.02476
-7.0283
-8.18277
-7.60311
-8.18107
-8.76309
-9.34694
-8.76237
-8.76384
-9.34666
-9.93189
-10.5213
-9.93323
-10.5237
-9.93451
-8.76472
-9.34641
-8.7658
-9.34628
-9.92939
-10.5164
-9.93058
-10.5189
-11.1077
-11.7033
-11.1113
-11.1041
-11.6984
-12.2912
-12.8936
-12.2973
-12.901
-12.3034
-11.1149
-11.7127
-11.1183
-11.7081
-12.9083
-12.3093
-12.9153
-12.315
-8.76718
-9.34636
-8.76895
-9.34674
-9.92771
-10.512
-9.9284
-10.5141
-8.7712
-9.3475
-8.77402
-9.34874
-9.92758
-10.5088
-9.92741
-10.5102
-11.0943
-11.6843
-11.0973
-11.0917
-11.6801
-12.2677
-12.8641
-12.2732
-12.8712
-12.279
-11.1006
-11.6936
-11.6889
-12.8786
-12.285
-12.8861
-13.4832
-14.0929
-13.4921
-13.4743
-14.0826
-14.6844
-15.3021
-14.6962
-15.3155
-14.7081
-13.4655
-14.0722
-13.4569
-14.062
-14.6607
-15.2752
-14.6725
-15.2886
-15.8955
-16.5219
-15.9106
-15.8804
-16.5051
-17.1174
-17.7529
-17.1359
-17.7732
-17.1544
-15.9256
-16.5551
-15.9405
-16.5386
-17.7933
-17.1727
-17.8131
-17.1907
-13.518
-14.1328
-13.5261
-13.5096
-14.1232
-14.7311
-15.3543
-14.7422
-15.3665
-14.7528
-13.5009
-14.1134
-14.1032
-15.3287
-14.7197
-15.3417
-15.9551
-16.5874
-15.9694
-16.5714
-17.8326
-17.2084
-17.8517
-17.2257
-15.9832
-16.6179
-15.9965
-16.6029
-17.8702
-17.2424
-17.8882
-17.2586
-8.75058
-9.33943
-8.74685
-8.75361
-9.34215
-9.93584
-10.5312
-9.93416
-10.5298
-9.93171
-8.75604
-9.34419
-8.75797
-9.34562
-9.9372
-10.5316
-9.93682
-10.5317
-11.1299
-11.7323
-11.1305
-11.1286
-11.7305
-12.3335
-12.9436
-12.3367
-12.9473
-12.339
-11.1303
-11.7335
-11.1293
-11.7334
-12.9501
-12.3404
-12.9519
-12.3409
-8.75947
-9.34655
-8.76065
-9.34705
-9.93652
-10.5296
-9.93707
-10.5309
-8.76158
-9.34723
-9.34716
-10.526
-9.93563
-10.528
-11.1215
-11.7212
-11.1243
-11.7171
-12.922
-12.3204
-12.9283
-12.3253
-11.1267
-11.728
-11.7248
-12.934
-12.3297
-12.9392
-13.5475
-14.1658
-13.5533
-13.5409
-14.1585
-14.7725
-15.3997
-14.7813
-15.4093
-14.7893
-13.5338
-14.1505
-14.1419
-15.3782
-14.7629
-15.3893
-16.0092
-16.646
-16.0213
-16.6323
-17.9054
-17.274
-17.9219
-17.2887
-16.0325
-16.6709
-16.0428
-16.6589
-17.9374
-17.3024
-17.952
-17.3152
-13.5658
-14.1863
-13.568
-13.5626
-14.1827
-14.8026
-15.4325
-14.8078
-15.438
-14.8118
-13.5584
-14.178
-14.1724
-15.418
-14.7965
-15.4258
-16.0522
-16.692
-16.0605
-16.682
-17.9655
-17.327
-17.9779
-17.3375
-16.0677
-16.7084
-16.0736
-16.7008
-17.9891
-17.3469
-17.9989
-17.3549
-9.70281
-9.47392
-10.8985
-10.6677
-11.6424
-11.4096
-10.437
-10.2062
-12.1081
-11.8752
-13.3329
-13.0978
-14.0991
-13.8616
-12.8627
-12.6276
-13.6241
-13.3865
-12.3925
-14.8728
-14.6326
-15.654
-15.411
-14.3924
-14.1523
-13.149
-11.1767
-10.9439
-12.1574
-12.9114
-11.9223
-11.6872
-14.5742
-14.3367
-15.8334
-15.5933
-16.6259
-16.3829
-15.3531
-15.1129
-17.1119
-16.8689
-18.4109
-18.1649
-19.2335
-18.9843
-17.9189
-17.6729
-18.7351
-18.4859
-17.427
-20.0658
-19.8132
-20.908
-20.6518
-19.5606
-19.3081
-18.2367
-16.1399
-15.897
-17.181
-17.9876
-16.935
-16.689
-17.7384
-17.4892
-16.443
-19.0555
-18.8029
-19.8834
-19.6273
-18.5504
-18.2978
-17.24
-20.3957
-20.1396
-21.7603
-21.5005
-22.6231
-22.3592
-21.2406
-20.9807
-22.0954
-21.8316
-20.7208
-23.4964
-23.2284
-24.3804
-24.1081
-22.9604
-22.6925
-21.5677
-19.3712
-19.115
-18.0452
-20.4609
-21.3039
-20.201
-19.9411
-18.8589
-12.6739
-12.4364
-13.9121
-13.6719
-14.682
-14.4391
-13.4318
-13.1916
-15.168
-14.925
-16.197
-16.9908
-15.951
-15.705
-16.7416
-16.4925
-15.459
-17.7927
-18.6028
-17.5401
-17.2875
-16.2433
-14.1961
-13.9531
-15.213
-15.9941
-14.9671
-14.7211
-15.7449
-15.4957
-14.4751
-17.035
-16.7824
-17.8344
-17.5782
-16.5299
-16.2773
-15.2465
-18.3466
-18.0905
-19.6812
-19.4213
-20.5124
-20.2486
-19.1614
-18.9016
-19.9847
-19.7209
-18.6417
-21.3526
-21.0847
-22.2022
-21.9299
-20.8167
-20.5487
-19.4571
-17.3221
-17.066
-16.0247
-18.3818
-19.1932
-18.1219
-17.862
-16.8098
-21.0401
-20.7762
-22.4245
-22.1565
-23.2913
-23.019
-21.8886
-21.6206
-23.8359
-23.5636
-25.2755
-24.9987
-26.1818
-25.9003
-24.7219
-24.4451
-25.6188
-25.3373
-24.1683
-27.0995
-26.8132
-28.0289
-27.7374
-26.5268
-26.2404
-25.0559
-22.7467
-22.4744
-23.8916
-24.7744
-23.6148
-23.338
-24.4929
-24.2114
-23.0612
-25.954
-25.6677
-26.8631
-26.5716
-25.3813
-25.0949
-23.9299
-27.446
-27.1545
-28.9701
-28.6734
-29.9233
-29.6212
-28.3767
-28.0799
-29.319
-29.0169
-27.7832
-30.8888
-30.581
-31.8668
-31.5532
-30.2733
-29.9655
-28.7147
-26.2802
-25.9887
-24.8085
-27.4865
-28.4125
-27.1898
-26.8931
-25.6973
-18.9294
-18.6655
-17.6021
-20.2808
-20.0128
-21.113
-20.8407
-19.7448
-19.4768
-18.4017
-21.6576
-21.3853
-22.7844
-23.6484
-22.5076
-22.2308
-23.3669
-23.0854
-21.954
-24.5221
-25.4058
-24.2358
-23.9494
-22.8039
-20.5684
-20.2961
-19.2089
-21.6772
-22.5224
-21.4004
-21.1236
-20.0238
-10.7736
-10.5361
-9.57135
-11.9908
-11.7506
-12.7382
-12.4952
-11.5104
-11.2703
-10.2985
-13.2241
-12.9811
-14.2291
-14.9974
-13.9831
-13.7371
-14.7482
-14.499
-13.4911
-15.7722
-16.5537
-15.5196
-15.267
-14.2498
-12.2522
-12.0092
-11.0301
-13.2451
-14.0006
-12.9991
-12.7531
-11.7662
-13.7514
-13.5023
-12.5071
-15.0145
-14.7619
-15.7853
-15.5292
-14.5093
-14.2568
-13.2531
-16.2976
-16.0414
-17.3422
-18.1379
-17.0823
-16.8224
-17.874
-17.6102
-16.5625
-18.9409
-19.7515
-18.6729
-18.405
-17.3464
-15.273
-15.0169
-14.0042
-16.3026
-17.0825
-16.0428
-15.7829
-14.7608
1.55802
2.68379
2.6745
1.54889
3.81175
4.94336
4.93373
3.80229
3.79233
4.92344
4.91241
3.78178
1.53955
2.66486
2.65477
1.52992
6.0801
7.22343
7.21339
6.07027
6.05964
7.20241
7.19039
6.04813
6.03563
7.17725
7.1629
6.02208
8.29511
9.45242
9.43316
8.27696
6.00736
7.14725
7.1302
5.9914
1.5199
2.64415
2.6329
1.5094
3.77055
4.90055
4.88778
3.75854
3.74568
4.87399
4.85911
3.73186
1.49833
2.62094
2.60818
1.48661
0.430201
0.421212
-0.709769
-0.701007
0.412133
0.402876
-0.727375
-0.718529
-1.85086
-1.85916
-2.99382
-2.9862
-1.83416
-1.84256
-2.97849
-2.97059
0.39335
0.383466
-0.745688
-0.736398
0.373134
0.362264
-0.765428
-0.755335
-1.88493
-1.89411
-3.02512
-3.01699
-1.86754
-1.87611
-3.00912
-3.00143
-4.13939
-4.14608
-5.28832
-5.28276
-4.15285
-4.1598
-5.29949
-5.29386
-6.44135
-6.44552
-7.59924
-7.59667
-6.43289
-6.43717
-7.59398
-7.59111
-4.11164
-4.1189
-5.26514
-5.25864
-4.12589
-4.13269
-5.27711
-5.27126
-6.42366
-6.42842
-7.58795
-7.58443
-6.41295
-6.41853
-7.58043
-7.57589
-4.45795
-5.60779
-6.31543
-5.16018
-6.76547
-7.93235
-8.65369
-7.47949
-8.19764
-9.37976
-10.1108
-8.92014
-5.86539
-7.02662
-7.74158
-6.57376
-7.28553
-8.46052
-9.18364
-8.00089
-9.64721
-10.8469
-11.5885
-10.379
-11.1159
-12.3356
-13.0884
-11.8579
-8.72007
-9.91116
-10.6433
-9.44327
10.6206
11.8012
11.7797
10.6003
10.578
11.7561
11.7304
10.5536
12.9481
14.1554
14.1268
12.9209
12.8914
14.0956
14.0618
12.8593
10.5272
11.7024
11.672
10.4986
15.3794
16.6217
16.5901
15.3493
17.8836
19.1666
19.132
17.8505
17.8144
19.0943
19.0534
17.7753
15.3165
16.5557
16.5183
15.2809
15.2425
16.4779
16.4345
15.2011
17.733
19.0092
18.9615
17.6874
17.6385
18.9104
18.8557
17.5862
15.1566
16.3878
16.3378
15.109
10.4677
11.6393
11.604
10.4344
12.8246
14.0252
13.9858
12.7873
12.7472
13.9436
13.8983
12.7043
10.3987
11.5661
11.5255
10.3604
1.47414
2.59452
2.57988
1.46083
3.717
4.84304
4.82569
3.70101
3.6838
4.80698
4.78681
3.66528
1.4466
2.56417
2.54729
1.43135
5.97411
7.11167
7.09157
5.95539
8.25719
9.41213
9.38923
8.23569
8.21239
9.36437
9.33747
8.18719
5.93516
7.06981
7.04629
5.91332
5.88979
7.02094
6.99365
5.86447
8.16
9.30843
9.27716
8.13072
8.09928
9.24358
9.2076
8.06559
5.83728
6.96434
6.93292
5.80812
1.415
2.52916
2.50968
1.39745
3.64536
4.76508
4.74173
3.62395
3.60096
4.71664
4.68974
3.5763
1.37861
2.48877
2.46634
1.3584
0.350768
0.338555
-0.787308
-0.776056
0.325535
0.311618
-0.81205
-0.799276
-1.92467
-1.93616
-3.06206
-3.05199
-1.90373
-1.91389
-3.04253
-3.0336
0.296714
0.280733
-0.840373
-0.825719
0.263585
0.245181
-0.872997
-0.856103
-1.97583
-1.99108
-3.1104
-3.09694
-1.94846
-1.96165
-3.08445
-3.07286
-4.20024
-4.2101
-5.33994
-5.33195
-4.22076
-4.23231
-5.35813
-5.34864
-6.48191
-6.48922
-7.62691
-7.62193
-6.46933
-6.47531
-7.61756
-7.61372
-4.16701
-4.17456
-5.31134
-5.30528
-4.18256
-4.19109
-5.32458
-5.31774
-6.45885
-6.46387
-7.61031
-7.60725
-6.44977
-6.45418
-7.60444
-7.6018
-8.76273
-8.76346
-9.93256
-9.93388
-8.76426
-8.76523
-9.92996
-9.93123
-11.1095
-11.1059
-12.2943
-12.3004
-11.1166
-11.1131
-12.3064
-12.3122
-8.76645
-8.76801
-9.92801
-9.92886
-8.77001
-8.77253
-9.92743
-9.92751
-11.0958
-11.0929
-12.2704
-12.2761
-11.1023
-11.0989
-12.282
-12.2881
-13.4876
-13.4787
-14.6903
-14.7022
-13.4699
-13.4612
-14.6666
-14.6784
-15.9031
-15.888
-17.1267
-17.1452
-15.9331
-15.9181
-17.1636
-17.1817
-13.5221
-13.5138
-14.7367
-14.7476
-13.5053
-13.4965
-14.7139
-14.7254
-15.9623
-15.9478
-17.1996
-17.2171
-15.9899
-15.9763
-17.2341
-17.2506
-8.74881
-8.75217
-9.93509
-9.93304
-8.7549
-8.75706
-9.93708
-9.93641
-11.1303
-11.1293
-12.3352
-12.3379
-11.1299
-11.1305
-12.3398
-12.3408
-8.75877
-8.76009
-9.93684
-9.93719
-8.76114
-8.76199
-9.93509
-9.93611
-11.1229
-11.1199
-12.3178
-12.3229
-11.1277
-11.1256
-12.3276
-12.3317
-13.5505
-13.5443
-14.777
-14.7854
-13.5374
-13.53
-14.758
-14.7678
-16.0153
-16.003
-17.2664
-17.2814
-16.0378
-16.027
-17.2957
-17.3089
-13.567
-13.5643
-14.8053
-14.8099
-13.5606
-13.556
-14.793
-14.7997
-16.0565
-16.0476
-17.3212
-17.3324
-16.0708
-16.0643
-17.3424
-17.3511
-9.10975
-10.299
-11.0379
-9.83939
-11.5015
-12.7185
-13.4788
-12.2506
-13.0062
-14.2462
-15.0209
-13.7685
-10.5743
-11.7827
-12.5336
-11.3148
-13.9514
-15.2015
-15.9871
-14.7238
-16.4702
-17.7588
-18.5734
-17.2698
-18.0783
-19.3975
-20.2313
-18.8958
-15.504
-16.7809
-17.5832
-16.292
-17.088
-18.3941
-19.214
-17.8924
-19.7226
-21.0749
-21.9286
-20.5589
-21.4049
-22.7925
-23.6669
-22.2607
-18.7053
-20.0429
-20.8812
-19.527
-12.061
-13.2909
-14.0546
-12.8132
-14.5377
-15.803
-16.5929
-15.3141
-16.0978
-17.3907
-18.1967
-16.889
-13.5715
-14.8252
-15.6027
-14.3363
-15.1075
-16.3873
-17.1794
-15.8856
-17.688
-19.011
-19.8338
-18.495
-19.3102
-20.6655
-21.5061
-20.1337
-16.6707
-17.979
-18.7865
-17.463
-20.3575
-21.729
-22.5865
-21.1972
-23.1267
-24.5521
-25.4481
-24.003
-24.8899
-26.3553
-27.2738
-25.7875
-22.0463
-23.454
-24.3317
-22.905
-23.7734
-25.2197
-26.1183
-24.6519
-26.6961
-28.2039
-29.1458
-27.6158
-28.547
-30.0996
-31.0656
-29.4897
-25.5405
-27.0277
-27.9481
-26.4396
-18.2628
-19.602
-20.4257
-19.0702
-20.9659
-22.3559
-23.2152
-21.8069
-22.6569
-24.084
-24.9627
-23.5162
-19.8855
-21.2579
-22.0987
-20.7088
-10.1707
-11.3802
-12.1222
-10.9026
-12.6053
-13.8473
-14.6124
-13.3584
-14.1173
-15.3839
-16.1621
-14.8822
-11.6391
-12.8695
-13.6222
-12.3805
-13.127
-14.3805
-15.1448
-13.8788
-15.6534
-16.9471
-17.7391
-16.4311
-17.2154
-18.5384
-19.3453
-18.0067
-14.6361
-15.9151
-16.6918
-15.3991
