FiniteElementSpace
FiniteElementCollection: H1_2D_P2
VDim: 1
Ordering: 0

1
20
-10.1804
12.389
1.49275
34.1414
10.125
19.833
-4.53589
-4.22616
6.76133
6.64936
22.4207
26.807
1.14898
16.1184
5.51563
10.0771
-3.53654
-9.20932
-1.76116
-1.67874
3.87673
3.81904
11.2783
13.0888
14.9219
19.9382
14.779
-15.1412
-7.33778
-7.16822
-1.54746
-1.34293
4.08895
3.95859
9.52348
9.50225
17.2406
19.2253
28.023
30.4027
21.2634
23.3432
-6.34733
1.06232
8.37767
14.8674
-12.1361
-4.41773
1.28435
6.69336
14.2289
24.5853
18.046
3.25196
7.80274
10.1038
7.75786
10.0443
-1.26291
-4.93638
-4.04118
-0.37973
-7.77108
-6.85183
-3.14598
-0.347579
2.43787
2.40881
-3.10293
-0.309319
-0.261907
2.50809
2.46995
5.25658
5.23208
6.08516
6.94253
8.94331
9.82247
13.6661
14.5946
10.7083
11.5993
12.4941
14.8985
12.4431
17.4199
19.9742
17.3619
19.8914
17.2652
14.8278
12.3627
-10.6638
-9.70844
-5.93259
-13.628
-12.6246
-8.75315
-5.87083
-3.04765
-8.66484
-5.79069
-5.68913
-2.88818
-2.97708
-0.202301
-0.127449
2.61475
2.55535
-2.7779
-0.0343127
0.0801498
2.78217
2.68934
5.41477
5.36011
5.28406
8.08769
8.07228
5.31756
8.13034
8.10603
10.9425
10.9407
11.8377
12.7467
14.7796
15.7264
19.7837
20.8112
16.6875
17.6615
21.854
22.9106
18.6469
25.1632
26.289
31.0119
32.2534
27.431
28.5877
23.9795
15.5308
16.473
19.6424
25.0593
20.6463
21.6572
7.78242
7.72833
-2.64885
-5.44161
1.02964
-1.72454
1.10109
3.84639
4.66614
7.51041
12.18
9.24969
12.4719
17.3954
17.3187
12.4069
-8.27354
-11.1582
-4.48447
-7.26372
-4.33265
-1.62073
1.20906
-1.45587
1.3779
4.01618
6.66988
3.91312
6.72283
9.51141
10.3853
13.302
18.2255
15.1682
20.2384
23.4951
29.2045
25.6898
14.0032
17.0782
22.2988
19.0204
8.95874
10.115
8.93798
7.79307
10.0912
8.91239
7.77072
10.0615
8.88124
7.74376
-0.130789
-1.95518
-1.51265
0.310241
-2.39772
-4.23518
-3.78964
-5.64036
-5.19032
-3.34411
-2.89857
-1.07012
-4.74028
-4.29023
-2.45304
-7.0575
-6.60145
-8.48828
-8.02471
-6.14539
-5.68934
-3.84019
0.325185
1.71888
1.70432
-1.05382
0.340892
0.357743
1.7495
1.73381
3.12765
3.11366
-2.43439
-1.03598
-3.81823
-2.41345
-2.38983
-0.994202
-1.01624
0.376118
0.396398
1.78468
1.76633
-0.969494
0.418963
0.444193
1.82745
1.80493
3.19112
3.17336
3.14201
4.53797
4.52512
3.15712
4.56515
4.55119
5.95125
5.9401
3.53583
3.95853
2.12525
4.94953
5.37496
7.22739
7.65898
5.80122
6.22814
4.3816
6.36776
6.79692
7.79193
8.22582
10.105
10.5489
8.66149
9.09878
10.9948
11.4424
9.53749
12.4649
12.9212
14.8835
15.3542
13.3794
13.8395
11.8916
8.09153
8.52484
6.65552
9.97745
12.3421
10.4185
10.8604
11.303
12.4838
11.2813
13.7
14.9111
13.6772
14.884
13.6472
12.4584
11.2535
16.1614
17.4087
16.1375
18.699
19.9883
18.6738
19.9575
18.6391
17.3798
16.1052
17.3416
16.0638
14.8487
19.9162
18.5941
19.8637
18.5381
17.2933
16.0126
14.8046
12.4259
11.2191
13.6093
13.5628
12.3859
-7.56115
-7.09758
-5.23328
-9.93441
-9.46182
-11.3976
-10.9145
-8.98924
-8.51666
-6.63402
-10.4314
-9.94827
-8.04408
-12.8795
-12.3843
-14.3818
-13.8732
-11.8892
-11.3941
-9.46518
-5.20703
-3.7932
-6.60248
-5.17694
-5.14264
-3.73244
-3.76473
-2.36315
-8.0063
-6.56635
-9.42016
-7.96315
-7.91425
-6.47878
-6.52525
-5.10375
-5.05988
-3.65485
-3.69594
-6.42657
-5.01067
-4.95572
-3.5574
-3.6088
-2.21826
-2.26098
-2.33304
-0.941735
-2.29911
-0.875539
-0.910543
0.472469
0.504175
1.88087
1.85264
-0.836338
0.539687
0.579388
1.94797
1.91252
3.28488
3.25727
-2.17059
-0.792563
-3.50028
-2.11757
-2.05884
-0.68977
-0.743834
0.623656
0.672872
2.0318
1.98761
-0.629992
0.727417
0.787672
2.1354
2.08094
3.43328
3.38973
3.31591
4.6859
4.65948
3.35073
4.74937
4.71574
6.08535
6.06067
5.96276
7.3689
7.36003
4.58024
5.97501
5.98838
7.3881
7.37814
8.79233
8.78629
3.21077
4.59684
3.23269
4.63607
4.61532
6.00325
6.02
7.41176
7.39918
6.03902
7.44293
7.42622
8.82379
8.81407
8.79872
10.223
10.2203
8.80584
10.2296
10.2259
11.6622
11.6635
9.22345
9.66307
10.6637
11.1101
13.0256
13.4859
11.5592
12.0108
12.1142
12.5683
13.5762
14.039
16.0005
16.4813
14.5056
14.9756
16.9659
17.4541
15.449
18.5011
19.002
21.0897
21.6129
19.5068
20.0154
17.9458
13.9492
14.4151
15.9256
18.4407
16.4051
16.8875
18.9388
19.4398
17.3724
20.5276
21.0431
23.2061
23.7444
21.5619
22.0836
19.9435
22.1402
22.6713
23.778
24.3257
26.5777
27.1521
24.8776
25.4335
27.7308
28.3136
25.9931
29.5006
30.1039
32.5583
33.1927
30.7116
31.3235
28.9003
24.2861
24.8309
22.6083
26.5564
29.4908
27.1231
27.6931
25.3786
12.7938
13.2464
14.3013
14.7646
16.7785
17.2567
15.2291
15.6948
15.8271
16.3019
17.8598
20.4497
18.3495
18.8412
20.9583
21.4691
19.3348
23.1356
25.9292
23.6654
24.1974
21.9819
17.7363
18.2171
19.8301
22.4966
20.3269
20.8251
8.94892
8.92583
8.89755
-0.82132
-3.09269
-4.48878
-2.205
-3.59358
-5.89447
-7.31146
-4.98875
1.01463
-0.364227
1.04541
2.42316
-1.7438
-3.12579
-1.70298
-0.329403
1.08075
-0.286947
1.1237
2.48808
3.83253
2.45335
3.86099
5.24415
2.83024
4.2422
6.5134
5.09068
5.65799
7.07902
9.38196
7.94336
10.2646
11.7282
14.1293
12.6336
7.37237
8.81318
11.1533
9.68702
11.2928
13.6894
13.6631
11.2682
16.1504
18.6875
18.6577
16.1224
16.0856
18.6179
18.5675
16.0395
11.2372
13.6293
13.5872
-6.39221
-8.74143
-10.1861
-7.80566
-9.23079
-11.6471
-13.1263
-10.6693
-4.5119
-5.90382
-4.4532
-3.07701
-7.30324
-8.71187
-7.21884
-5.83325
-4.37767
-5.74278
-4.28227
-2.93511
-1.65145
-3.01447
-1.58619
-0.233819
1.17731
-0.16697
1.24461
2.58334
-1.50414
-2.8359
-1.40226
-0.0833562
1.32865
0.0200625
1.43247
2.73329
3.98568
2.64996
4.05048
5.38574
6.65944
5.26976
6.68106
8.07981
3.89398
2.53039
3.93453
5.29987
6.70715
5.33751
6.74076
8.11725
9.50666
8.0963
9.51689
10.9414
8.50669
9.94241
12.2908
10.8306
11.3876
12.8437
15.2511
13.7638
16.2052
17.7311
20.2955
18.7237
13.2052
14.6971
17.173
15.642
18.1529
19.7303
22.3807
20.7495
21.3308
22.9558
25.724
24.0384
26.858
28.6116
31.6304
29.8016
23.4436
25.1359
28.0076
26.2469
12.0464
13.5454
16.0012
14.4621
15.0618
16.5972
19.1435
17.5612
20.1433
21.7799
24.5182
22.82
16.946
18.5325
21.151
19.5097
8.37955
8.95396
8.3698
7.79802
9.54049
10.1202
9.5306
10.1096
9.51951
8.9436
8.35902
7.78787
8.93207
8.34709
7.77671
10.0976
9.50713
10.0843
9.49339
8.91928
8.33394
7.76444
8.90515
8.31947
7.75097
10.0695
9.47818
10.0531
9.46141
8.88958
8.3036
7.73622
0.434693
-0.475966
-0.255335
0.655135
-0.696595
-1.60889
-1.38788
-2.30183
-2.08026
-1.16687
-0.945867
-0.0347037
-1.82989
-2.74497
-2.5234
-2.96654
-3.88555
-3.66323
-4.58545
-4.36219
-3.44091
-3.21858
-4.13892
-3.91566
-2.99626
-5.28801
-5.06363
-5.99346
-5.76776
-4.83924
-4.61485
-3.6924
-1.85869
-1.63712
-0.72486
-2.77394
-3.46914
-2.55162
-2.3293
-1.41555
-3.24588
-3.02262
-2.10698
-4.39046
-4.16607
-5.09065
-4.86495
-3.94169
-3.7173
-2.79936
-5.54206
-5.31635
-6.702
-6.4748
-7.41385
-7.18495
-6.24759
-6.02039
-6.95606
-6.72716
-5.79318
-8.12922
-7.89844
-8.84831
-8.61547
-7.66767
-7.43689
-6.49826
-4.63924
-4.41354
-3.49291
-5.56597
-6.26937
-5.33877
-5.11156
-4.18784
0.662464
1.35943
1.35215
-0.0272036
0.66989
0.677459
1.37418
1.36676
2.06374
2.05653
-0.717068
-0.019512
-1.40734
-0.708988
-0.700573
-0.00336477
-0.0115816
0.685218
0.693215
1.38951
1.38175
0.0051859
0.701498
0.710114
1.40578
1.3975
2.09353
2.08585
2.071
2.76825
2.76118
2.07835
2.78257
2.77537
3.47313
3.46627
-2.09823
-1.39875
-2.78996
-2.08901
-2.07926
-1.38023
-1.38973
-0.691776
-3.48272
-2.77998
-4.17675
-3.47187
-3.46029
-2.75811
-2.76938
-2.06893
-2.05799
-1.35961
-1.3702
-2.74612
-2.04638
-2.03405
-1.3365
-1.34839
-0.651817
-0.662617
-0.68255
0.014118
-0.672846
0.0333168
0.0234791
0.71911
0.728535
1.42338
1.41439
0.0436785
0.738436
0.74886
1.44269
1.43279
2.12709
2.11818
-0.640396
0.0546119
-1.3239
-0.628307
-0.615504
0.078384
0.0661646
0.759855
0.771469
1.46409
1.4531
0.0913177
0.783748
0.796741
1.48796
1.47569
2.16749
2.15658
2.13643
2.83044
2.82167
2.14625
2.84929
2.83963
3.53358
3.52504
3.48003
4.17855
4.17198
2.78992
3.48702
3.49416
4.19188
4.18517
4.8847
4.87848
2.10144
2.79746
2.10965
2.81329
2.80523
3.50148
3.50903
4.20576
4.19872
3.51687
4.22057
4.21302
4.91048
4.9038
4.89096
5.59174
5.58595
4.89731
5.6035
5.59758
6.29986
6.29457
2.26707
2.47767
1.56253
2.972
3.18295
4.10048
4.3122
3.39399
3.60513
2.68832
3.6775
3.88891
4.38374
4.59574
5.51661
5.72988
4.80796
5.02039
5.94338
6.1571
5.233
6.65536
6.87016
7.80143
8.01804
7.08521
7.30049
6.37101
4.52403
4.73596
3.81631
5.44576
6.58509
5.65865
5.87166
4.94797
5.09089
5.30361
5.79914
6.01271
6.93813
7.15344
6.22661
6.44083
6.50867
6.7232
7.21964
7.43526
8.36643
8.58429
7.65134
7.86787
8.80263
9.02143
8.08481
9.52276
9.74313
10.6901
10.9132
9.964
10.1853
9.24065
7.36911
7.58511
8.30214
9.46029
8.51985
8.73791
9.68031
9.9007
8.9563
10.4071
10.6293
11.5857
11.8108
10.8519
11.0749
10.1214
11.1369
11.3611
11.8699
12.0961
13.0636
13.2932
12.3228
12.5501
13.5233
13.7539
12.7778
14.2727
14.5059
15.4987
15.7357
14.7396
14.9739
13.985
12.0362
12.2621
11.2983
13.006
14.2165
13.2346
13.4636
12.4883
6.79931
7.01366
6.08475
7.51598
7.73165
8.66937
8.88691
7.94748
8.16346
7.22812
8.23491
8.45203
9.17499
10.3425
9.39396
9.61319
10.5638
10.7854
9.83266
11.522
12.7149
11.7459
11.9702
11.0073
9.10463
9.3225
10.0523
11.2294
10.2722
10.4922
10.7124
11.2981
10.7024
11.8968
12.4892
11.8866
12.4781
11.8748
11.2872
10.691
13.0951
13.6949
13.0847
14.3088
14.9167
14.2982
14.9051
14.2858
13.6835
13.0726
13.6704
13.0588
12.4653
14.8915
14.2715
14.876
14.2552
13.6554
13.0432
12.4509
11.2749
10.6781
11.8615
11.8466
11.2611
10.6638
15.5393
16.1561
15.5285
16.7882
17.4146
16.7771
17.4023
16.7639
16.1442
15.5157
18.0568
18.6935
18.0455
19.3466
19.9945
19.3351
19.9816
19.3212
18.681
18.0319
18.666
18.0161
17.3879
19.9662
19.3048
19.9482
19.2858
18.6487
17.9978
17.3711
16.1302
15.5009
16.7486
16.7311
16.1141
15.484
16.0957
15.4649
14.8583
17.352
16.7111
17.3305
16.6888
16.075
15.4435
14.8385
18.6288
17.9771
19.9276
19.2642
19.9042
19.2399
18.6064
17.9538
18.5812
17.9278
17.3063
19.8779
19.2128
19.8487
19.1828
18.5532
17.899
17.2796
16.0519
15.4197
14.8165
16.6639
16.6364
16.0263
15.3935
14.7921
11.2456
10.6478
12.4347
11.8298
12.4167
11.8112
11.2283
10.6301
13.6385
13.0257
14.2369
14.2165
13.6196
13.0062
13.5985
12.9846
12.3966
14.1938
14.1688
13.5753
12.9609
12.3745
-6.04047
-5.81158
-4.88436
-7.20612
-6.97534
-7.91695
-7.68411
-6.74457
-6.5138
-5.58268
-8.38263
-8.14979
-9.57135
-9.33625
-10.2985
-10.061
-9.10115
-8.86606
-9.82346
-9.58592
-8.63097
-11.0301
-10.7899
-11.7662
-11.5232
-10.5498
-10.3096
-9.34839
-7.45127
-7.21843
-6.28302
-8.39587
-9.11086
-8.16078
-7.92569
-6.98559
-8.87332
-8.63579
-7.6906
-10.0694
-9.82926
-10.7943
-10.5513
-9.5891
-9.34894
-8.39826
-11.2803
-11.0373
-12.5071
-12.2612
-13.2531
-13.0039
-12.0152
-11.7692
-12.7547
-12.5055
-11.5232
-14.0042
-13.7516
-14.7608
-14.5046
-13.4991
-13.2465
-12.2564
-10.3083
-10.0654
-9.10878
-11.2772
-12.0072
-11.0312
-10.7852
-9.82238
-4.87224
-4.16489
-5.56942
-4.85927
-4.84538
-4.1387
-4.15223
-3.44796
-6.26849
-5.5552
-6.96966
-6.2529
-6.23621
-5.52369
-5.53997
-4.83054
-4.81469
-4.10886
-4.12426
-5.50631
-4.79779
-4.77979
-4.07501
-4.09246
-3.38999
-3.40587
-3.4348
-2.73337
-3.42079
-2.70538
-2.7198
-2.02095
-7.67316
-6.95259
-8.37918
-7.65447
-7.63449
-6.91479
-6.93431
-6.21837
-9.08794
-8.35875
-9.79965
-9.06566
-9.0419
-8.3137
-8.33694
-7.61316
-7.59045
-6.87183
-6.89398
-8.28896
-7.56631
-7.54068
-6.82332
-6.84829
-6.13458
-6.15749
-6.19934
-5.48778
-6.17906
-5.44709
-5.46806
-4.76064
-4.74029
-4.03676
-4.05646
-5.42483
-4.71871
-4.69583
-3.99374
-4.01587
-3.31598
-3.33615
-6.11028
-5.40123
-6.79686
-6.08455
-6.05734
-5.34983
-5.37625
-4.67162
-4.64602
-3.94555
-3.97031
-5.32193
-4.61898
-4.59047
-3.89183
-3.91941
-3.22286
-3.2481
-3.29461
-2.59811
-2.61869
-3.272
-2.55332
-2.57634
-1.88299
-1.9039
-2.00705
-1.31053
-2.69005
-1.99228
-1.97661
-1.28132
-1.29636
-0.601938
-3.37311
-2.67376
-3.35518
-2.63813
-2.65647
-1.95998
-1.94236
-1.24849
-1.26538
-1.92368
-1.21165
-1.23059
-0.539098
-0.55619
-0.587563
0.105013
-0.572329
0.134879
0.119517
0.810495
0.825059
1.51469
1.50094
0.151147
0.84048
0.856804
1.54465
1.52924
2.21776
2.2041
-0.521004
0.168367
-1.19161
-0.501863
-0.481625
0.205854
0.186587
0.87408
0.892355
1.57822
1.56096
0.226215
0.911676
0.932091
1.61578
1.59648
2.28095
2.26378
2.23223
2.9199
2.9064
2.24756
2.94938
2.93421
3.62127
3.60799
-1.86087
-1.17042
-2.52901
-1.83752
-1.81288
-1.12443
-1.14804
-0.460245
-3.19624
-2.50337
-3.86277
-3.16819
-3.13866
-2.44789
-2.47635
-1.78691
-1.75955
-1.07329
-1.09953
-2.41796
-1.73076
-1.7005
-1.01662
-1.04567
-0.362342
-0.38877
-0.437674
0.247719
-0.413865
0.294344
0.270413
0.953648
0.976394
1.65772
1.63618
0.319561
1.00038
1.02564
1.70441
1.68044
2.3601
2.33865
-0.334533
0.34611
-0.9861
-0.305296
-0.274582
0.403395
0.374039
1.05224
1.08022
1.75623
1.72965
0.434227
1.10963
1.14051
1.81357
1.78419
2.45826
2.43177
2.38274
3.06098
3.03969
2.40661
3.10717
3.08346
3.76053
3.73947
3.63536
4.32206
4.30907
2.96545
3.6503
3.66615
4.3505
4.33585
5.02243
5.00981
2.29913
2.98247
2.31834
3.01954
3.00048
3.68294
3.70072
4.38253
4.36604
3.71955
4.41855
4.40002
5.08143
5.06531
5.03586
5.72257
5.71039
5.05014
5.7494
5.73556
6.42266
6.41098
6.3052
7.00923
7.0045
5.60956
6.31063
6.31619
7.01886
7.014
7.72003
7.71594
4.91739
5.61581
4.22846
4.92458
4.9321
5.62906
5.62229
6.32194
6.32792
7.02904
7.02386
5.63615
6.33419
6.34077
7.04014
7.03445
7.73728
7.73274
7.72416
8.43244
8.42905
7.72838
8.43937
8.43586
9.14662
9.14402
3.54256
4.23671
2.85948
3.552
3.56197
4.25455
4.2454
4.94
2.17901
2.87024
2.1912
2.89365
2.88161
3.5725
3.58366
4.27447
4.26423
3.59547
4.29684
4.28532
4.9763
4.96642
4.94832
5.64361
4.95711
5.65986
5.6515
6.34774
6.35512
7.05255
7.04616
5.66874
6.36298
6.37136
7.06664
7.05936
7.75822
7.75247
4.9868
5.67819
4.99795
5.69896
5.68824
6.3803
6.38985
7.0828
7.07444
6.40006
7.10142
7.09178
7.78589
7.77817
7.76438
8.46492
8.45989
7.77102
8.4763
8.47037
9.17284
9.16859
9.14926
9.86276
9.861
8.44301
9.15199
9.15485
9.86642
9.86455
10.581
10.5802
7.74205
8.44684
7.74709
8.45523
8.45089
9.15789
9.16117
9.87062
9.86843
9.16472
9.87574
9.87304
10.5852
10.5839
10.5819
11.3016
11.3018
10.5828
11.3014
11.3015
12.0247
12.0259
7.93223
8.14907
8.64663
8.86481
9.80294
10.0239
9.08357
9.30289
9.363
9.58265
10.0815
10.3028
11.2491
11.4735
10.5247
10.7473
11.6987
11.9246
10.9706
12.4298
12.6578
13.6252
13.8569
12.8864
13.1159
12.1511
10.2454
10.4674
11.1945
12.3783
11.4191
11.6442
10.8024
11.0253
11.5257
11.7505
12.7062
12.9347
11.9762
12.2026
12.2518
12.4785
12.9807
13.2095
14.1758
14.4088
13.4393
13.6701
14.6429
14.8778
13.9017
15.3878
15.6253
16.6181
16.8604
15.8638
16.1033
15.1137
13.1641
13.3942
14.1342
15.3505
14.3676
14.6018
15.5881
15.8266
14.8367
16.3437
16.585
17.5931
17.8392
16.8272
17.0702
16.0659
17.1037
17.3479
17.8682
18.1155
19.1396
19.3922
18.3638
18.6131
19.6458
19.9005
18.8634
20.4337
20.6919
21.752
22.016
20.9511
21.2113
20.1561
18.0862
18.3341
17.3141
19.1146
20.4126
19.3667
19.6197
18.5828
12.6061
12.8346
13.3459
13.5767
14.5565
14.7911
13.8081
14.0401
14.0894
14.3226
15.0725
16.306
15.309
15.5463
16.5468
16.7884
15.7843
17.5588
18.8323
17.8042
18.0505
17.0308
15.0263
15.2622
16.023
17.2739
16.2623
16.5023
17.5176
17.762
16.743
18.2974
18.5451
19.5857
19.8383
18.7935
19.0426
18.007
19.0827
19.3338
19.8735
20.1282
21.1877
21.4478
20.3837
20.64
21.7087
21.9704
20.8971
22.5268
22.7925
23.8922
24.164
23.0592
23.3266
22.233
20.0917
20.3457
19.2924
21.1549
22.4963
21.4134
21.6727
20.6004
20.6701
20.9284
21.4725
21.7347
22.8143
23.0824
21.9978
22.2618
22.2811
22.5472
23.096
23.3661
24.467
24.7436
23.6373
23.9096
25.0212
25.2999
24.1828
25.8667
26.1499
27.2964
27.5866
26.4342
26.7196
25.5796
23.3514
23.6214
24.4571
25.8603
24.7323
25.0085
26.142
26.4246
25.2856
27.006
27.2934
28.4636
28.758
27.5819
27.8713
26.7082
27.8779
28.1702
28.7577
29.0551
30.2519
30.5568
29.3536
29.6531
30.8628
31.1699
29.9538
31.7806
32.0932
33.3452
33.6659
32.407
32.7219
31.4781
29.0535
29.3499
28.1616
30.2555
31.7873
30.5582
30.8619
29.6473
22.7603
23.0251
21.9326
23.5949
23.8639
24.9843
25.2594
24.1337
24.4043
23.2905
24.4366
24.71
25.5635
26.9927
25.8424
26.1221
27.2781
27.5643
26.4027
28.4529
29.9456
28.7451
29.0381
27.8514
25.5352
25.8118
24.6755
26.684
28.1393
26.9661
27.249
26.0891
11.4517
11.6742
12.1948
12.4195
13.3965
13.6243
12.6446
12.8698
12.9418
13.169
13.693
13.9228
14.9138
15.1471
14.1529
14.3833
15.3806
15.6145
14.614
16.1522
16.3892
17.4097
17.6506
16.6265
16.8641
15.8487
13.8522
14.0804
14.845
16.0832
15.0762
15.3077
14.4486
14.681
15.2086
15.4439
16.4502
16.6894
15.6796
15.9157
15.9734
16.2115
16.9842
18.2527
17.226
17.4683
18.4989
18.7457
17.7112
19.5427
20.8557
19.7937
20.0452
18.9931
16.929
17.1692
17.9546
19.241
18.1985
18.4429
19.4894
19.7383
18.6877
20.2974
20.55
21.6254
21.8831
20.8032
21.0569
19.9876
21.1117
21.3683
22.1932
23.5566
22.4545
22.7163
23.8234
24.0908
22.9787
24.9474
26.3671
25.22
25.4933
24.3588
22.1413
22.4001
21.311
23.2418
24.6274
23.5053
23.7694
22.6593
16.318
16.553
17.1021
17.3404
18.3757
18.618
17.5789
17.8178
17.892
18.1336
18.9329
20.2374
19.1785
19.4245
20.4875
20.7381
19.6708
21.5656
22.919
21.8206
22.076
20.989
18.8606
19.1035
19.9175
21.2403
20.1644
20.4117
8.3748
9.53569
9.52521
8.36455
8.3532
9.51349
9.50044
8.34067
8.32688
9.48597
9.46999
8.31172
0.0897281
-1.04212
-1.73392
-0.600525
-2.17645
-3.31461
-4.01241
-2.87077
-3.56687
-4.71258
-5.41534
-4.26498
-1.29139
-2.42692
-3.12134
-1.98308
-2.6758
-3.81738
-4.51525
-3.36978
-4.9653
-6.1209
-6.82947
-5.66804
-6.37342
-7.54127
-8.2565
-7.08164
-4.06521
-5.21518
-5.91736
-4.76232
1.00729
0.317642
1.02206
1.71157
-0.372098
-1.06214
-0.35607
0.332919
1.03741
0.349151
1.0537
1.74154
2.41596
1.72627
2.43045
3.12063
-1.75269
-2.44398
-1.73443
-1.04512
-3.1362
-3.82957
-3.11472
-2.42423
-1.71407
-2.402
-1.69122
-1.00553
-0.338705
-1.02637
-0.319623
0.366716
1.07132
0.385996
1.09066
1.77529
-0.298443
-0.982205
-0.274785
0.407371
1.11209
0.431221
1.13599
1.81588
2.4788
1.79454
2.49782
3.18202
3.82576
3.13476
3.83939
4.53152
2.44549
1.75775
2.46148
3.14945
3.85357
3.16507
3.8687
4.55805
5.2381
4.54451
5.2503
5.94566
1.91476
2.61948
3.74713
3.04107
3.32467
4.03051
5.16213
4.45409
5.588
6.29916
7.44306
6.72786
4.17003
4.87835
6.01461
5.30311
4.73719
5.44487
6.58217
5.87143
6.15374
6.86396
8.00864
7.29451
8.44344
9.16239
10.3267
9.602
7.012
7.7267
8.87995
8.16036
9.31797
10.0434
11.2184
10.4863
10.7716
11.503
12.6928
11.9538
13.15
13.8975
15.1186
14.3617
11.6668
12.4066
13.6093
12.861
6.44178
7.15737
8.3081
7.5875
7.87515
8.59529
9.75732
9.03132
10.1978
10.9306
12.1167
11.3762
8.74173
9.46826
10.6393
9.90594
10.7076
11.8919
11.8809
10.6968
13.0901
14.3037
14.2922
13.0789
13.0659
14.2788
14.2636
13.0513
10.6847
11.8684
11.8543
10.6711
15.5341
16.7829
16.7708
15.5223
18.0514
19.3412
19.3284
18.039
18.0243
19.3133
19.2956
18.0073
15.5086
16.7566
16.7401
15.4927
15.4747
16.7214
16.7003
15.4545
17.9878
19.2754
19.2524
17.9658
17.9411
19.2267
19.1981
17.9137
15.4319
16.6767
16.6505
15.4069
10.656
11.8384
11.8208
10.6392
13.0347
14.2463
14.227
13.0162
12.9957
14.2054
14.1816
12.973
-5.46131
-6.62202
-7.32936
-6.1624
-7.79293
-8.97538
-9.69811
-8.50749
-9.22553
-10.4249
-11.156
-9.94727
-6.8658
-8.0396
-8.75295
-7.57172
-8.28037
-9.46962
-10.1898
-8.99197
-10.6729
-11.8916
-12.6319
-11.4027
-12.1368
-13.3771
-14.1275
-12.8754
-9.70673
-10.9138
-11.6417
-10.4249
-4.5243
-5.22061
-4.49864
-3.80612
-5.91871
-6.6188
-5.88787
-5.19248
-4.46934
-5.16034
-4.43602
-3.74909
-3.09038
-3.77942
-3.06278
-2.3769
-7.32111
-8.02584
-7.28413
-6.58502
-8.7332
-9.44341
-8.68909
-7.98542
-7.24198
-7.93944
-7.19427
-6.50271
-5.85264
-6.54645
-5.81262
-5.12379
-4.3983
-5.08246
-4.35581
-3.67599
-5.76743
-6.45342
-5.7167
-5.03597
-4.30815
-4.98393
-4.25496
-3.5838
-2.95669
-3.63247
-2.91229
-2.24022
-1.6655
-2.34855
-1.63655
-0.95602
-3.03156
-3.71474
-2.99632
-2.31658
-1.60396
-2.28059
-1.56737
-0.893542
-0.248268
-0.926592
-0.218513
0.457926
1.16274
0.48787
1.19273
1.86635
-0.185136
-0.856486
-0.147757
0.521431
1.22633
0.55899
1.26393
1.92975
2.56894
1.89625
2.59859
3.27067
-1.52639
-2.19507
-1.48065
-0.815046
-2.86273
-3.52958
-2.80764
-2.14477
-1.42975
-2.08895
-1.37333
-0.717493
-0.105998
-0.768841
-0.0594772
0.600927
1.3059
0.647622
1.35263
2.00911
-0.00781537
-0.660619
0.0493683
0.699455
1.40449
0.756807
1.46187
2.10748
2.71072
2.05573
2.75709
3.41091
3.97173
3.29994
4.00048
4.67229
2.63185
1.96724
2.6691
3.33282
4.03283
3.36968
4.06917
4.73206
5.37252
4.70037
5.3998
6.07261
6.65438
5.95694
6.6646
7.36444
5.26306
4.57253
5.27675
5.96877
6.67536
5.98153
6.68705
7.383
8.07602
7.37345
8.08368
8.78929
3.88514
3.20068
3.90329
4.58833
2.51893
1.83969
2.54251
3.22142
3.92351
3.24462
3.9462
4.62539
5.29175
4.60582
5.30845
5.9956
6.70005
6.01137
6.71473
7.40526
5.32723
4.64742
5.34846
6.0292
6.73149
6.04949
6.75069
7.43426
8.11143
7.41873
8.12354
8.81872
9.50443
8.79546
9.50897
10.2216
8.09188
7.39348
8.101
8.80217
9.51404
8.80979
9.52003
10.2277
10.941
10.2244
10.9419
11.6628
7.57572
8.28919
9.44297
8.72473
9.00455
9.72198
10.8866
10.1635
11.3343
12.0639
13.2554
12.5184
9.88374
10.6076
11.7847
11.0542
10.4416
11.1637
12.3408
11.6123
11.8884
12.6158
13.8071
13.0724
14.2718
15.0148
16.2404
15.4883
12.7965
13.5325
14.7402
13.9959
15.2119
15.9654
17.2095
16.446
16.7231
17.4853
18.7511
17.9779
19.2539
20.0391
21.3508
20.5529
17.6995
18.4742
19.7607
18.9741
12.2376
12.9756
14.1818
13.4354
13.7172
14.4626
15.6869
14.9323
16.165
16.9299
18.1929
17.4169
14.649
15.4048
16.646
15.8799
17.1296
17.9069
19.1889
18.3996
18.6894
19.4774
20.7849
19.984
21.3021
22.1169
23.4748
22.6452
19.6913
20.4936
21.8224
21.0061
20.2711
21.0705
22.4053
21.592
21.876
22.6877
24.0513
23.225
24.6011
25.4431
26.8644
26.006
22.9382
23.7663
25.155
24.3114
25.7128
26.573
28.0217
27.144
27.441
28.3168
29.8017
28.9075
30.4072
31.3206
32.8749
31.9414
28.6065
29.5026
31.017
30.1016
22.3456
23.1767
24.5581
23.7112
24.0148
24.8602
26.2743
25.4124
26.8394
27.7188
29.1951
28.2972
25.1044
25.9679
27.4077
26.5266
11.0816
11.8227
13.02
12.2702
12.5678
13.3169
14.5328
13.7741
14.9967
15.7658
17.0174
16.2369
13.4731
14.2325
15.4618
14.6919
14.0702
14.828
16.0643
15.2961
15.5904
16.3575
17.6158
16.8374
18.1044
18.8949
20.1963
19.3926
16.54
17.3195
18.5951
17.8034
19.0878
19.8926
21.2135
20.3946
20.7037
21.5213
22.8716
22.0391
23.4002
24.2485
25.6536
24.7885
21.7253
22.5591
23.9311
23.0814
15.928
16.7093
17.9765
17.1828
17.4963
18.2891
19.5822
18.7763
20.0783
20.8984
22.239
21.4039
18.4579
19.2649
20.5759
19.7547
