FiniteElementSpace
FiniteElementCollection: H1_3D_P1
VDim: 3
Ordering: 1

0 0 0
-0.0078125 0 0.0546875
-0.03125 0 0.1875
-0.0703125 0 0.351563
-0.125 0 0.5
-0.195312 0 0.585938
-0.28125 0 0.5625
-0.382812 0 0.382812
-0.5 0 0
0 0 0
-0.0078125 0 0.0546875
-0.03125 0 0.1875
-0.0703125 0 0.351563
-0.125 0 0.5
-0.195312 0 0.585938
-0.28125 0 0.5625
-0.382812 0 0.382812
-0.5 0 0
0 0 0
-0.0078125 0 0.0546875
-0.03125 0 0.1875
-0.0703125 0 0.351563
-0.125 0 0.5
-0.195312 0 0.585938
-0.28125 0 0.5625
-0.382812 0 0.382812
-0.5 0 0
0 0 0
-0.0078125 0 0.0546875
-0.03125 0 0.1875
-0.0703125 0 0.351563
-0.125 0 0.5
-0.195312 0 0.585938
-0.28125 0 0.5625
-0.382812 0 0.382812
-0.5 0 0
-0.00195312 0 0.0146484
-0.0078125 0 0.0546875
-0.00195312 0 0.0146484
0 0 0
-0.00195312 0 0.0146484
-0.0078125 0 0.0546875
-0.00195312 0 0.0146484
0 0 0
0 0 0
-0.0078125 0 0.0546875
-0.0078125 0 0.0546875
0 0 0
-0.0175781 0 0.114258
-0.03125 0 0.1875
-0.0175781 0 0.114258
-0.0175781 0 0.114258
-0.03125 0 0.1875
-0.0175781 0 0.114258
-0.03125 0 0.1875
-0.03125 0 0.1875
-0.0488281 0 0.268555
-0.0703125 0 0.351563
-0.0488281 0 0.268555
-0.0488281 0 0.268555
-0.0703125 0 0.351563
-0.0488281 0 0.268555
-0.0703125 0 0.351563
-0.0703125 0 0.351563
-0.0957031 0 0.430664
-0.125 0 0.5
-0.0957031 0 0.430664
-0.0957031 0 0.430664
-0.125 0 0.5
-0.0957031 0 0.430664
-0.125 0 0.5
-0.125 0 0.5
-0.158203 0 0.553711
-0.195312 0 0.585938
-0.158203 0 0.553711
-0.158203 0 0.553711
-0.195312 0 0.585938
-0.158203 0 0.553711
-0.195312 0 0.585938
-0.195312 0 0.585938
-0.236328 0 0.59082
-0.28125 0 0.5625
-0.236328 0 0.59082
-0.236328 0 0.59082
-0.28125 0 0.5625
-0.236328 0 0.59082
-0.28125 0 0.5625
-0.28125 0 0.5625
-0.330078 0 0.495117
-0.382812 0 0.382812
-0.330078 0 0.495117
-0.330078 0 0.495117
-0.382812 0 0.382812
-0.330078 0 0.495117
-0.382812 0 0.382812
-0.382812 0 0.382812
-0.439453 0 0.219727
-0.5 0 0
-0.439453 0 0.219727
-0.439453 0 0.219727
-0.5 0 0
-0.439453 0 0.219727
-0.5 0 0
-0.5 0 0
-0.00195312 0 0.0146484
-0.00195312 0 0.0146484
-0.0078125 0 0.0546875
-0.00195312 0 0.0146484
0 0 0
-0.00195312 0 0.0146484
-0.0175781 0 0.114258
-0.0175781 0 0.114258
-0.03125 0 0.1875
-0.0175781 0 0.114258
-0.0175781 0 0.114258
-0.0488281 0 0.268555
-0.0488281 0 0.268555
-0.0703125 0 0.351563
-0.0488281 0 0.268555
-0.0488281 0 0.268555
-0.0957031 0 0.430664
-0.0957031 0 0.430664
-0.125 0 0.5
-0.0957031 0 0.430664
-0.0957031 0 0.430664
-0.158203 0 0.553711
-0.158203 0 0.553711
-0.195312 0 0.585938
-0.158203 0 0.553711
-0.158203 0 0.553711
-0.236328 0 0.59082
-0.236328 0 0.59082
-0.28125 0 0.5625
-0.236328 0 0.59082
-0.236328 0 0.59082
-0.330078 0 0.495117
-0.330078 0 0.495117
-0.382812 0 0.382812
-0.330078 0 0.495117
-0.330078 0 0.495117
-0.439453 0 0.219727
-0.439453 0 0.219727
-0.5 0 0
-0.439453 0 0.219727
-0.439453 0 0.219727
-0.00195312 0 0.0146484
-0.0175781 0 0.114258
-0.0488281 0 0.268555
-0.0957031 0 0.430664
-0.158203 0 0.553711
-0.236328 0 0.59082
-0.330078 0 0.495117
-0.439453 0 0.219727
