MFEM mesh v1.0

#
# MFEM Geometry Types (see mesh/geom.hpp):
#
# POINT       = 0
# SEGMENT     = 1
# TRIANGLE    = 2
# SQUARE      = 3
# TETRAHEDRON = 4
# CUBE        = 5
# PRISM       = 6
#

dimension
3

elements
64
1 5 0 36 104 39 44 105 145 108
1 5 36 1 37 104 105 45 106 145
1 5 104 37 10 38 145 106 46 107
1 5 39 104 38 9 108 145 107 47
1 5 44 105 145 108 18 40 109 43
1 5 105 45 106 145 40 19 41 109
1 5 145 106 46 107 109 41 28 42
1 5 108 145 107 47 43 109 42 27
1 5 1 48 110 37 45 111 146 106
1 5 48 2 49 110 111 54 112 146
1 5 110 49 11 50 146 112 55 113
1 5 37 110 50 10 106 146 113 46
1 5 45 111 146 106 19 51 114 41
1 5 111 54 112 146 51 20 52 114
1 5 146 112 55 113 114 52 29 53
1 5 106 146 113 46 41 114 53 28
1 5 2 56 115 49 54 116 147 112
1 5 56 3 57 115 116 62 117 147
1 5 115 57 12 58 147 117 63 118
1 5 49 115 58 11 112 147 118 55
1 5 54 116 147 112 20 59 119 52
1 5 116 62 117 147 59 21 60 119
1 5 147 117 63 118 119 60 30 61
1 5 112 147 118 55 52 119 61 29
1 5 3 64 120 57 62 121 148 117
1 5 64 4 65 120 121 70 122 148
1 5 120 65 13 66 148 122 71 123
1 5 57 120 66 12 117 148 123 63
1 5 62 121 148 117 21 67 124 60
1 5 121 70 122 148 67 22 68 124
1 5 148 122 71 123 124 68 31 69
1 5 117 148 123 63 60 124 69 30
2 5 4 72 125 65 70 126 149 122
2 5 72 5 73 125 126 78 127 149
2 5 125 73 14 74 149 127 79 128
2 5 65 125 74 13 122 149 128 71
2 5 70 126 149 122 22 75 129 68
2 5 126 78 127 149 75 23 76 129
2 5 149 127 79 128 129 76 32 77
2 5 122 149 128 71 68 129 77 31
2 5 5 80 130 73 78 131 150 127
2 5 80 6 81 130 131 86 132 150
2 5 130 81 15 82 150 132 87 133
2 5 73 130 82 14 127 150 133 79
2 5 78 131 150 127 23 83 134 76
2 5 131 86 132 150 83 24 84 134
2 5 150 132 87 133 134 84 33 85
2 5 127 150 133 79 76 134 85 32
2 5 6 88 135 81 86 136 151 132
2 5 88 7 89 135 136 94 137 151
2 5 135 89 16 90 151 137 95 138
2 5 81 135 90 15 132 151 138 87
2 5 86 136 151 132 24 91 139 84
2 5 136 94 137 151 91 25 92 139
2 5 151 137 95 138 139 92 34 93
2 5 132 151 138 87 84 139 93 33
2 5 7 96 140 89 94 141 152 137
2 5 96 8 97 140 141 102 142 152
2 5 140 97 17 98 152 142 103 143
2 5 89 140 98 16 137 152 143 95
2 5 94 141 152 137 25 99 144 92
2 5 141 102 142 152 99 26 100 144
2 5 152 142 103 143 144 100 35 101
2 5 137 152 143 95 92 144 101 34

boundary
136
3 3 9 38 104 39
3 3 38 10 37 104
3 3 104 37 1 36
3 3 39 104 36 0
3 3 0 36 105 44
3 3 36 1 45 105
3 3 105 45 19 40
3 3 44 105 40 18
3 3 10 38 107 46
3 3 38 9 47 107
3 3 107 47 27 42
3 3 46 107 42 28
1 3 9 39 108 47
1 3 39 0 44 108
1 3 108 44 18 43
1 3 47 108 43 27
3 3 18 40 109 43
3 3 40 19 41 109
3 3 109 41 28 42
3 3 43 109 42 27
3 3 10 50 110 37
3 3 50 11 49 110
3 3 110 49 2 48
3 3 37 110 48 1
3 3 1 48 111 45
3 3 48 2 54 111
3 3 111 54 20 51
3 3 45 111 51 19
3 3 11 50 113 55
3 3 50 10 46 113
3 3 113 46 28 53
3 3 55 113 53 29
3 3 19 51 114 41
3 3 51 20 52 114
3 3 114 52 29 53
3 3 41 114 53 28
3 3 11 58 115 49
3 3 58 12 57 115
3 3 115 57 3 56
3 3 49 115 56 2
3 3 2 56 116 54
3 3 56 3 62 116
3 3 116 62 21 59
3 3 54 116 59 20
3 3 12 58 118 63
3 3 58 11 55 118
3 3 118 55 29 61
3 3 63 118 61 30
3 3 20 59 119 52
3 3 59 21 60 119
3 3 119 60 30 61
3 3 52 119 61 29
3 3 12 66 120 57
3 3 66 13 65 120
3 3 120 65 4 64
3 3 57 120 64 3
3 3 3 64 121 62
3 3 64 4 70 121
3 3 121 70 22 67
3 3 62 121 67 21
3 3 13 66 123 71
3 3 66 12 63 123
3 3 123 63 30 69
3 3 71 123 69 31
3 3 21 67 124 60
3 3 67 22 68 124
3 3 124 68 31 69
3 3 60 124 69 30
3 3 13 74 125 65
3 3 74 14 73 125
3 3 125 73 5 72
3 3 65 125 72 4
3 3 4 72 126 70
3 3 72 5 78 126
3 3 126 78 23 75
3 3 70 126 75 22
3 3 14 74 128 79
3 3 74 13 71 128
3 3 128 71 31 77
3 3 79 128 77 32
3 3 22 75 129 68
3 3 75 23 76 129
3 3 129 76 32 77
3 3 68 129 77 31
3 3 14 82 130 73
3 3 82 15 81 130
3 3 130 81 6 80
3 3 73 130 80 5
3 3 5 80 131 78
3 3 80 6 86 131
3 3 131 86 24 83
3 3 78 131 83 23
3 3 15 82 133 87
3 3 82 14 79 133
3 3 133 79 32 85
3 3 87 133 85 33
3 3 23 83 134 76
3 3 83 24 84 134
3 3 134 84 33 85
3 3 76 134 85 32
3 3 15 90 135 81
3 3 90 16 89 135
3 3 135 89 7 88
3 3 81 135 88 6
3 3 6 88 136 86
3 3 88 7 94 136
3 3 136 94 25 91
3 3 86 136 91 24
3 3 16 90 138 95
3 3 90 15 87 138
3 3 138 87 33 93
3 3 95 138 93 34
3 3 24 91 139 84
3 3 91 25 92 139
3 3 139 92 34 93
3 3 84 139 93 33
3 3 16 98 140 89
3 3 98 17 97 140
3 3 140 97 8 96
3 3 89 140 96 7
3 3 7 96 141 94
3 3 96 8 102 141
3 3 141 102 26 99
3 3 94 141 99 25
2 3 8 97 142 102
2 3 97 17 103 142
2 3 142 103 35 100
2 3 102 142 100 26
3 3 17 98 143 103
3 3 98 16 95 143
3 3 143 95 34 101
3 3 103 143 101 35
3 3 25 99 144 92
3 3 99 26 100 144
3 3 144 100 35 101
3 3 92 144 101 34

vertices
153

nodes
FiniteElementSpace
FiniteElementCollection: H1_3D_P1
VDim: 3
Ordering: 1

0 0 0
0.992188 0 0.0546875
1.96875 0 0.1875
2.92969 0 0.351563
3.875 0 0.5
4.80469 0 0.585938
5.71875 0 0.5625
6.61719 0 0.382812
7.5 0 0
0 1 0
0.992188 1 0.0546875
1.96875 1 0.1875
2.92969 1 0.351563
3.875 1 0.5
4.80469 1 0.585938
5.71875 1 0.5625
6.61719 1 0.382812
7.5 1 0
0 0 1
0.992188 0 1.05469
1.96875 0 1.1875
2.92969 0 1.35156
3.875 0 1.5
4.80469 0 1.58594
5.71875 0 1.5625
6.61719 0 1.38281
7.5 0 1
0 1 1
0.992188 1 1.05469
1.96875 1 1.1875
2.92969 1 1.35156
3.875 1 1.5
4.80469 1 1.58594
5.71875 1 1.5625
6.61719 1 1.38281
7.5 1 1
0.498047 0 0.0146484
0.992188 0.5 0.0546875
0.498047 1 0.0146484
0 0.5 0
0.498047 0 1.01465
0.992188 0.5 1.05469
0.498047 1 1.01465
0 0.5 1
0 0 0.5
0.992188 0 0.554688
0.992188 1 0.554688
0 1 0.5
1.48242 0 0.114258
1.96875 0.5 0.1875
1.48242 1 0.114258
1.48242 0 1.11426
1.96875 0.5 1.1875
1.48242 1 1.11426
1.96875 0 0.6875
1.96875 1 0.6875
2.45117 0 0.268555
2.92969 0.5 0.351563
2.45117 1 0.268555
2.45117 0 1.26855
2.92969 0.5 1.35156
2.45117 1 1.26855
2.92969 0 0.851562
2.92969 1 0.851562
3.4043 0 0.430664
3.875 0.5 0.5
3.4043 1 0.430664
3.4043 0 1.43066
3.875 0.5 1.5
3.4043 1 1.43066
3.875 0 1
3.875 1 1
4.3418 0 0.553711
4.80469 0.5 0.585938
4.3418 1 0.553711
4.3418 0 1.55371
4.80469 0.5 1.58594
4.3418 1 1.55371
4.80469 0 1.08594
4.80469 1 1.08594
5.26367 0 0.59082
5.71875 0.5 0.5625
5.26367 1 0.59082
5.26367 0 1.59082
5.71875 0.5 1.5625
5.26367 1 1.59082
5.71875 0 1.0625
5.71875 1 1.0625
6.16992 0 0.495117
6.61719 0.5 0.382812
6.16992 1 0.495117
6.16992 0 1.49512
6.61719 0.5 1.38281
6.16992 1 1.49512
6.61719 0 0.882812
6.61719 1 0.882812
7.06055 0 0.219727
7.5 0.5 0
7.06055 1 0.219727
7.06055 0 1.21973
7.5 0.5 1
7.06055 1 1.21973
7.5 0 0.5
7.5 1 0.5
0.498047 0.5 0.0146484
0.498047 0 0.514648
0.992188 0.5 0.554688
0.498047 1 0.514648
0 0.5 0.5
0.498047 0.5 1.01465
1.48242 0.5 0.114258
1.48242 0 0.614258
1.96875 0.5 0.6875
1.48242 1 0.614258
1.48242 0.5 1.11426
2.45117 0.5 0.268555
2.45117 0 0.768555
2.92969 0.5 0.851562
2.45117 1 0.768555
2.45117 0.5 1.26855
3.4043 0.5 0.430664
3.4043 0 0.930664
3.875 0.5 1
3.4043 1 0.930664
3.4043 0.5 1.43066
4.3418 0.5 0.553711
4.3418 0 1.05371
4.80469 0.5 1.08594
4.3418 1 1.05371
4.3418 0.5 1.55371
5.26367 0.5 0.59082
5.26367 0 1.09082
5.71875 0.5 1.0625
5.26367 1 1.09082
5.26367 0.5 1.59082
6.16992 0.5 0.495117
6.16992 0 0.995117
6.61719 0.5 0.882812
6.16992 1 0.995117
6.16992 0.5 1.49512
7.06055 0.5 0.219727
7.06055 0 0.719727
7.5 0.5 0.5
7.06055 1 0.719727
7.06055 0.5 1.21973
0.498047 0.5 0.514648
1.48242 0.5 0.614258
2.45117 0.5 0.768555
3.4043 0.5 0.930664
4.3418 0.5 1.05371
5.26367 0.5 1.09082
6.16992 0.5 0.995117
7.06055 0.5 0.719727
