FiniteElementSpace
FiniteElementCollection: H1_3D_P1
VDim: 3
Ordering: 1

0 0 0
0.0142587 0.00736316 0.0441643
0.000380003 -0.0030926 0.178634
-0.0491615 -0.0134995 0.343969
-0.124415 -0.0236405 0.495132
-0.210804 -0.0289631 0.577616
-0.290809 -0.0219046 0.523348
-0.356785 -0.0138099 0.369423
-0.40616 -0.00597163 0.147497
0 0 0
0.0142587 -0.00736316 0.0441643
0.000380009 0.00309258 0.178634
-0.0491615 0.0134994 0.343969
-0.124415 0.0236404 0.495132
-0.210804 0.0289629 0.577615
-0.290809 0.0219044 0.523348
-0.356784 0.0138097 0.369423
-0.406159 0.00597135 0.147497
0 0 0
-0.0606611 -0.0230421 0.0550796
-0.131653 -0.0156517 0.187479
-0.190943 -0.00810352 0.354489
-0.226332 0.00209856 0.509649
-0.221399 0.0119658 0.590953
-0.197257 0.0108371 0.52704
-0.187004 0.00841863 0.357341
-0.202108 0.00260586 0.127064
0 0 0
-0.0606611 0.0230421 0.0550796
-0.131653 0.0156517 0.187479
-0.190943 0.00810356 0.354489
-0.226332 -0.00209836 0.509649
-0.221399 -0.0119656 0.590953
-0.197257 -0.0108369 0.527039
-0.187004 -0.00841846 0.357341
-0.202107 -0.00260619 0.127063
0.0073817 0.00913004 0.00831442
0.014775 -4.19572e-09 0.0507135
0.0073817 -0.00913005 0.00831441
0 0 0
-0.0241772 -0.0225787 0.0187171
-0.0609356 1.22532e-10 0.062853
-0.0241772 0.0225787 0.0187171
0 0 0
0 0 0
-0.0223095 -0.00762879 0.0471421
-0.0223095 0.00762879 0.0471421
0 0 0
0.0122336 0.00224387 0.104151
0.0017348 -1.34798e-08 0.181778
0.0122336 -0.0022439 0.104151
-0.0971652 -0.0194665 0.113914
-0.132945 -6.44955e-09 0.190378
-0.0971652 0.0194664 0.113914
-0.0650876 -0.00928211 0.182
-0.0650876 0.00928208 0.182
-0.0204951 -0.00832279 0.260464
-0.0471913 -2.83911e-08 0.34289
-0.0204951 0.00832276 0.260464
-0.163262 -0.011987 0.269544
-0.191881 2.11988e-08 0.353144
-0.163262 0.011987 0.269544
-0.119795 -0.0108966 0.3498
-0.119795 0.0108966 0.3498
-0.0843101 -0.0186747 0.42403
-0.122482 -5.50257e-08 0.488603
-0.0843102 0.0186746 0.42403
-0.212831 -0.00348201 0.436677
-0.227292 1.02132e-07 0.503959
-0.212831 0.00348212 0.436677
-0.175676 -0.0105852 0.504674
-0.175676 0.0105852 0.504674
-0.167427 -0.0275842 0.549781
-0.211095 -7.35887e-08 0.567051
-0.167427 0.0275841 0.549781
-0.229098 0.00791221 0.564798
-0.22216 1.23096e-07 0.582263
-0.229098 -0.007912 0.564798
-0.216819 -0.00763918 0.587904
-0.216819 0.00763921 0.587904
-0.252327 -0.0265905 0.568682
-0.292951 -7.30636e-08 0.516081
-0.252327 0.0265904 0.568682
-0.208367 0.0125135 0.578111
-0.19784 4.71845e-08 0.520577
-0.208367 -0.0125133 0.57811
-0.244449 -0.00473309 0.52864
-0.244448 0.004733 0.52864
-0.325438 -0.0178596 0.456231
-0.359147 -9.92272e-08 0.364617
-0.325438 0.0178593 0.456231
-0.190044 0.00984041 0.452329
-0.187601 6.15009e-08 0.352633
-0.190044 -0.00984055 0.452329
-0.272245 -0.00236467 0.365397
-0.272245 0.00236443 0.365397
-0.385886 -0.00867369 0.254313
-0.408032 -1.25063e-07 0.144813
-0.385886 0.00867374 0.254313
-0.193421 0.00491757 0.236531
-0.202454 -2.01867e-07 0.124081
-0.193421 -0.00491785 0.236531
-0.304439 -0.0015814 0.137586
-0.304439 0.00158102 0.137585
0.00719488 -3.29785e-09 0.0148828
-0.00726737 -0.00575759 0.0100336
-0.0220517 3.37247e-09 0.0537338
-0.00726737 0.00575759 0.0100336
0 0 0
-0.0230306 5.03619e-09 0.0252757
0.0132979 -1.11358e-08 0.109111
-0.0418187 -0.00842891 0.107162
-0.0650205 -1.57027e-08 0.184987
-0.0418187 0.0084289 0.107162
-0.0983942 -1.38916e-08 0.119246
-0.0188351 -1.07109e-08 0.26161
-0.0914337 -0.0101864 0.264762
-0.119267 1.14258e-08 0.348557
-0.0914338 0.0101864 0.264762
-0.164348 -1.11853e-08 0.270273
-0.0821682 -3.75676e-08 0.420387
-0.148581 -0.0111161 0.431768
-0.17527 2.18613e-08 0.498697
-0.148581 0.0111162 0.431767
-0.213752 5.88949e-08 0.433196
-0.166328 -4.97009e-08 0.540553
-0.198818 -0.00930284 0.560371
-0.217435 2.32906e-08 0.5787
-0.198818 0.00930284 0.560371
-0.230023 1.03502e-07 0.557137
-0.253912 -4.6382e-09 0.559089
-0.231023 -0.00603611 0.57713
-0.245753 8.62994e-10 0.521836
-0.231023 0.0060362 0.57713
-0.208961 1.50429e-07 0.569984
-0.327679 -1.53355e-07 0.450533
-0.258044 -0.00356656 0.457206
-0.273661 -4.35765e-08 0.36068
-0.258044 0.00356639 0.457206
-0.190692 -4.49302e-08 0.447049
-0.388061 8.07804e-08 0.250898
-0.289978 -0.00164099 0.246239
-0.305532 -2.60988e-07 0.134697
-0.289978 0.00164096 0.246238
-0.193842 -1.24919e-07 0.23291
-0.00675405 2.72022e-10 0.0166067
-0.0418476 -6.36512e-09 0.112118
-0.0911157 -8.87798e-09 0.26568
-0.148 2.59813e-08 0.428209
-0.198843 6.57423e-10 0.552253
-0.232132 2.30357e-08 0.568553
-0.259406 -8.69994e-08 0.451741
-0.291245 -6.19844e-08 0.242698
