FiniteElementSpace
FiniteElementCollection: H1_3D_P1
VDim: 3
Ordering: 1

0 0 0
-0.00196302 -3.07609e-05 0.00449475
-0.0123634 -0.00185298 0.0320425
-0.0273101 -0.00131467 0.0692036
-0.0369479 0.000532713 0.106852
-0.0351289 0.00332644 0.117686
-0.0317509 0.000884894 0.0966831
-0.0374464 0.000353652 0.072631
-0.0268123 0.0050801 0.0552858
0 0 0
-0.00196302 3.07263e-05 0.00449469
-0.0123634 0.00185299 0.0320424
-0.0273102 0.00131457 0.0692036
-0.0369479 -0.000532742 0.106852
-0.0351288 -0.00332633 0.117686
-0.0317508 -0.000885197 0.0966826
-0.0374468 -0.000353618 0.0726305
-0.0268127 -0.0050804 0.0552852
0 0 0
-0.0151871 -0.00514725 0.00912632
-0.034629 -0.00277203 0.0352661
-0.0505126 -0.000847622 0.069765
-0.053424 0.00387207 0.101621
-0.0377772 0.00447763 0.109975
-0.0258874 0.00523713 0.0920374
-0.0123771 0.00659782 0.0649605
-0.0182243 -0.00436566 0.05866
0 0 0
-0.0151871 0.00514723 0.00912637
-0.0346291 0.00277203 0.0352662
-0.0505127 0.000847635 0.069765
-0.0534238 -0.00387213 0.101621
-0.0377772 -0.00447757 0.109975
-0.0258874 -0.00523762 0.0920377
-0.0123772 -0.00659721 0.0649611
-0.0182257 0.0043666 0.0586577
-0.000426237 0.00082836 -0.000644319
-0.00155247 -2.97394e-08 0.00449174
-0.000426213 -0.000828369 -0.000644352
0 0 0
-0.00602921 -0.00526877 0.00363736
-0.0151162 -2.50557e-09 0.00921582
-0.00602916 0.00526872 0.00363735
0 0 0
0 0 0
-0.00824201 -0.00251675 0.00623471
-0.00824202 0.00251673 0.0062347
0 0 0
-0.00601867 -0.00127974 0.0161644
-0.0121183 -1.28783e-08 0.0316764
-0.00601869 0.00127963 0.0161643
-0.0251027 -0.00385033 0.0202195
-0.034813 -3.2012e-08 0.0348917
-0.0251027 0.00385023 0.0202195
-0.0233116 -0.00245375 0.0333891
-0.0233117 0.00245372 0.0333891
-0.0198785 -0.0018034 0.0499239
-0.0275982 -6.60707e-08 0.0691458
-0.0198785 0.00180337 0.0499239
-0.0433191 -0.00202787 0.052154
-0.0510877 3.24516e-08 0.0699421
-0.0433192 0.00202787 0.052154
-0.0394354 -0.00140753 0.0695336
-0.0394354 0.00140756 0.0695336
-0.0333822 -0.000522159 0.0889428
-0.0375426 -3.26728e-08 0.107121
-0.0333823 0.000522062 0.0889427
-0.0545137 0.00126569 0.0868716
-0.0540965 -5.28537e-09 0.101541
-0.0545136 -0.0012656 0.0868715
-0.0461119 0.00232155 0.104657
-0.0461118 -0.00232161 0.104657
-0.0373334 0.00187564 0.118309
-0.0349939 1.49938e-07 0.120032
-0.0373334 -0.00187582 0.118308
-0.0468641 0.00543887 0.110675
-0.0375381 4.42583e-08 0.110869
-0.0468638 -0.00543878 0.110675
-0.0362804 0.00449729 0.114655
-0.0362802 -0.00449718 0.114655
-0.0326439 0.00361199 0.105554
-0.0305585 -2.0756e-07 0.0978528
-0.0326436 -0.00361236 0.105554
-0.0310761 0.00275416 0.100056
-0.0261772 -2.18777e-07 0.0935602
-0.0310761 -0.00275421 0.100056
-0.0276302 0.00286734 0.0950397
-0.0276306 -0.00286722 0.0950395
-0.0318898 -0.00169566 0.0980793
-0.0390361 1.55082e-07 0.0702551
-0.0318903 0.00169563 0.0980795
-0.0156516 0.0101378 0.0897156
-0.0119406 -9.54751e-09 0.0626949
-0.0156519 -0.0101374 0.0897155
-0.0246456 0.004008 0.0677392
-0.0246458 -0.00400801 0.0677392
-0.0429001 0.00376299 0.0471762
-0.0273902 -2.50922e-07 0.0564761
-0.0429005 -0.00376209 0.047176
-0.0226034 -0.0014849 0.0460441
-0.0166515 -1.30329e-08 0.0592116
-0.0226047 0.00148308 0.0460437
-0.0220764 0.000180276 0.0557287
-0.0220761 -0.000180249 0.055728
-0.000315614 1.64779e-08 8.92604e-05
-0.00281247 -0.00187903 0.000951539
-0.007929 1.67893e-08 0.0061501
-0.00281246 0.00187903 0.000951554
0 0 0
-0.00565313 1.45443e-09 0.00403589
-0.0055575 -2.98138e-09 0.0157527
-0.0152575 -0.00255694 0.0176744
-0.023225 4.68188e-09 0.0330871
-0.0152575 0.00255695 0.0176744
-0.0252482 -1.50071e-08 0.0197934
-0.0199087 2.49149e-08 0.0497291
-0.0317128 -0.00220031 0.0509666
-0.0398868 3.24354e-08 0.069577
-0.0317128 0.00220025 0.0509666
-0.0436247 2.04369e-08 0.0521146
-0.0338777 3.27483e-08 0.0889823
-0.0448159 0.000177958 0.0881052
-0.0468949 -8.1804e-09 0.104785
-0.0448158 -0.000177923 0.0881052
-0.0552957 4.64287e-08 0.0869825
-0.0377861 -1.17238e-07 0.119308
-0.0426624 0.00411872 0.115155
-0.0361056 1.0175e-07 0.116081
-0.0426623 -0.00411856 0.115156
-0.0470806 -4.90431e-08 0.110715
-0.0316094 4.06503e-08 0.108634
-0.0308468 0.00352835 0.103642
-0.0270061 2.64779e-07 0.0963644
-0.0308469 -0.00352805 0.103642
-0.0308814 6.49867e-08 0.102107
-0.0320518 4.04198e-08 0.0958925
-0.0233944 0.00425381 0.0940425
-0.0251844 3.35716e-07 0.0658331
-0.0233945 -0.00425387 0.0940428
-0.0159669 1.67915e-07 0.0884573
-0.0441507 9.50436e-09 0.047361
-0.032302 0.00132376 0.0449946
-0.0216129 -5.38082e-07 0.0565118
-0.0323028 -0.00132414 0.0449945
-0.0213002 -7.44922e-07 0.0456686
-0.00256978 3.49377e-09 0.00150448
-0.0150381 5.68771e-09 0.0172744
-0.0318466 -8.21946e-09 0.0508746
-0.0455497 7.77342e-09 0.088175
-0.0431217 9.97077e-09 0.115671
-0.0301136 -6.04593e-08 0.105876
-0.0235388 -2.13845e-07 0.0928217
-0.0323035 -4.51631e-08 0.0449171
