FiniteElementSpace
FiniteElementCollection: H1_3D_P1
VDim: 3
Ordering: 1

0 0 0
0.00159964 0.000408207 0.010587
-0.000747056 -0.000985518 0.0362894
-0.00823706 -0.00234513 0.0681039
-0.0208716 -0.00373085 0.0967516
-0.0386725 -0.00514029 0.112907
-0.0615209 -0.00640285 0.107264
-0.0866454 -0.00562912 0.0707267
-0.102844 -0.00251436 0.0108575
0 0 0
0.00159963 -0.000408204 0.010587
-0.000747055 0.000985523 0.0362894
-0.00823706 0.00234513 0.0681039
-0.0208716 0.00373085 0.0967516
-0.0386725 0.0051403 0.112907
-0.0615209 0.00640286 0.107264
-0.0866454 0.00562916 0.0707267
-0.102844 0.00251431 0.0108575
0 0 0
-0.00599459 -0.00199752 0.0121507
-0.0133661 -0.00185928 0.0390808
-0.0215711 -0.00192275 0.0723131
-0.0308449 -0.00201491 0.102461
-0.0411596 -0.00209168 0.120122
-0.0524214 -0.00212716 0.115741
-0.0648469 -0.00260148 0.0787867
-0.0770385 -0.00226886 0.0154229
0 0 0
-0.0059946 0.00199752 0.0121507
-0.0133661 0.00185929 0.0390808
-0.0215711 0.00192276 0.0723131
-0.0308449 0.00201491 0.102461
-0.0411596 0.00209169 0.120122
-0.0524214 0.00212718 0.11574
-0.0648468 0.00260141 0.0787868
-0.0770386 0.0022689 0.0154229
0.000938786 0.000880285 0.00308002
0.00174489 1.39921e-09 0.0110579
0.000938786 -0.000880287 0.00308003
0 0 0
-0.00241555 -0.00196776 0.00415071
-0.00593043 -3.98001e-10 0.0126165
-0.00241555 0.00196775 0.00415071
0 0 0
0 0 0
-0.0020853 -0.000788457 0.0110821
-0.00208531 0.000788458 0.0110821
0 0 0
0.00106787 -0.000298599 0.0220963
-0.000533892 2.0934e-09 0.036461
0.00106787 0.0002986 0.0220963
-0.0096151 -0.00188375 0.024238
-0.0133301 1.29472e-09 0.0392388
-0.0096151 0.00188375 0.024238
-0.00692699 -0.00141796 0.0375712
-0.00692699 0.00141796 0.0375712
-0.00384973 -0.00166361 0.0520105
-0.00801488 2.11042e-11 0.0680292
-0.00384973 0.00166362 0.0520105
-0.0173379 -0.00188225 0.0554965
-0.0215161 1.44523e-09 0.0722306
-0.0173379 0.00188226 0.0554965
-0.0147681 -0.00213319 0.0702661
-0.0147681 0.00213319 0.070266
-0.0139102 -0.0030344 0.0834066
-0.0206417 -1.52264e-09 0.0964301
-0.0139102 0.0030344 0.0834066
-0.0260743 -0.00196832 0.0883592
-0.0307858 -3.75801e-09 0.102138
-0.0260743 0.00196832 0.0883592
-0.0257212 -0.00287142 0.0998346
-0.0257212 0.00287142 0.0998346
-0.0291244 -0.00443359 0.106973
-0.038453 4.50955e-10 0.112321
-0.0291244 0.00443359 0.106973
-0.0358766 -0.00205844 0.113442
-0.0411102 5.69706e-09 0.119557
-0.0358766 0.00205844 0.113442
-0.0397829 -0.00361626 0.116917
-0.0397828 0.00361626 0.116917
-0.0495048 -0.00583062 0.113392
-0.061456 5.70691e-09 0.10639
-0.0495048 0.00583061 0.113392
-0.0466782 -0.00210814 0.121306
-0.0523903 8.74639e-09 0.114989
-0.0466782 0.00210815 0.121306
-0.0569028 -0.00430961 0.112054
-0.0569027 0.0043096 0.112054
-0.0742992 -0.00653048 0.0933643
-0.0870355 1.90818e-08 0.0700727
-0.0742992 0.00653047 0.0933643
-0.0584289 -0.0022535 0.102043
-0.0648924 -2.79992e-08 0.0783057
-0.0584288 0.00225349 0.102043
-0.075939 -0.00420163 0.0751601
-0.075939 0.00420167 0.0751601
-0.0964787 -0.00369659 0.0395241
-0.103285 -1.18519e-08 0.0107893
-0.0964787 0.00369664 0.0395241
-0.0714926 -0.00254988 0.0455569
-0.0771876 1.09842e-08 0.0153232
-0.0714927 0.0025498 0.0455569
-0.0902234 -0.00238351 0.0131789
-0.0902235 0.00238353 0.0131788
0.000968157 -5.47502e-10 0.00361505
-0.000652838 -0.000488147 0.00318799
-0.00197496 1.43268e-09 0.0115086
-0.000652839 0.000488148 0.00318799
0 0 0
-0.00228439 -1.42212e-09 0.0045877
0.00126999 9.43857e-10 0.0224038
-0.00415202 -0.00108496 0.0229632
-0.00680137 -4.84542e-10 0.0377381
-0.00415202 0.00108496 0.0229632
-0.00958857 8.97138e-10 0.024533
-0.00363227 1.12027e-09 0.0520575
-0.0104597 -0.00177101 0.0537259
-0.014629 -6.30879e-10 0.0701875
-0.0104597 0.00177101 0.0537259
-0.0172898 4.14e-09 0.0555329
-0.0136835 1.30538e-09 0.0832095
-0.0198556 -0.00250058 0.0860256
-0.0255761 -1.17471e-09 0.0995118
-0.0198556 0.00250058 0.0860256
-0.0260159 7.97599e-10 0.088157
-0.0288947 -2.82553e-09 0.106523
-0.0323638 -0.00324405 0.110522
-0.0396438 1.53889e-09 0.116344
-0.0323638 0.00324405 0.110522
-0.0358202 -5.08627e-10 0.112997
-0.0493264 -2.57291e-09 0.112659
-0.0479742 -0.0039815 0.117835
-0.056843 -1.51117e-08 0.111275
-0.0479741 0.00398151 0.117835
-0.0466386 -9.67794e-11 0.120628
-0.0744509 -9.17375e-09 0.0924562
-0.0664047 -0.00448456 0.0982609
-0.076167 2.37694e-08 0.0746148
-0.0664047 0.00448456 0.098261
-0.0584142 -1.00786e-09 0.101339
-0.0969541 3.5856e-08 0.0392864
-0.0842632 -0.00314726 0.0426883
-0.0905345 -1.05902e-08 0.0130795
-0.0842632 0.00314723 0.0426882
-0.0716109 -6.53371e-08 0.0453566
-0.000571562 -5.73673e-10 0.00367134
-0.00403585 -1.5553e-09 0.0232588
-0.0103262 -1.03856e-10 0.0537688
-0.0197127 -4.07916e-10 0.0858255
-0.0322189 1.30474e-09 0.110075
-0.0478562 5.53176e-09 0.117143
-0.0664686 -1.34623e-09 0.097502
-0.0845769 -4.9192e-09 0.0424605
