FiniteElementSpace
FiniteElementCollection: H1_3D_P1
VDim: 3
Ordering: 1

0 0 0
0.00476177 0.000816414 0.0102364
0.00475589 -0.00197104 0.0350788
-0.00241162 -0.00469027 0.0658953
-0.0167432 -0.00746169 0.0935032
-0.0382824 -0.0102806 0.108626
-0.0667917 -0.0128057 0.102028
-0.0967282 -0.0112582 0.064891
-0.105687 -0.00502872 0.021715
0 0 0
0.00476177 -0.000816408 0.0102364
0.00475589 0.00197105 0.0350788
-0.00241161 0.00469027 0.0658953
-0.0167432 0.00746169 0.0935032
-0.0382825 0.0102806 0.108626
-0.0667917 0.0128057 0.102028
-0.0967284 0.0112583 0.064891
-0.105687 0.00502863 0.021715
0 0 0
-0.0104267 -0.00399504 0.0133639
-0.0204822 -0.00371857 0.0406617
-0.0290796 -0.00384551 0.0743137
-0.0366898 -0.00402983 0.104921
-0.0432567 -0.00418335 0.123057
-0.0485929 -0.00425432 0.118981
-0.0531313 -0.00520295 0.0810109
-0.054077 -0.00453771 0.0308459
0 0 0
-0.0104267 0.00399504 0.0133639
-0.0204822 0.00371857 0.0406617
-0.0290796 0.00384551 0.0743137
-0.0366898 0.00402981 0.104921
-0.0432567 0.00418337 0.123057
-0.0485929 0.00425435 0.118981
-0.0531312 0.00520283 0.0810111
-0.0540772 0.00453781 0.0308457
0.0022682 0.00176057 0.00323036
0.00505229 2.79842e-09 0.0111783
0.0022682 -0.00176057 0.00323036
0 0 0
-0.00444048 -0.00393551 0.00537173
-0.0102984 -7.96003e-10 0.0142954
-0.00444048 0.00393551 0.00537174
0 0 0
0 0 0
-0.00260811 -0.00157691 0.0112267
-0.00260811 0.00157692 0.0112267
0 0 0
0.00565137 -0.000597199 0.0213411
0.00518222 4.18679e-09 0.0354219
0.00565137 0.0005972 0.0213411
-0.0157146 -0.0037675 0.0256244
-0.0204101 2.58944e-09 0.0409775
-0.0157146 0.0037675 0.0256244
-0.00760398 -0.00283592 0.0376425
-0.00760398 0.00283592 0.0376425
0.00206617 -0.00332723 0.05031
-0.00196726 4.22084e-11 0.0657459
0.00206617 0.00332723 0.05031
-0.0249102 -0.00376451 0.057282
-0.0289696 2.89046e-09 0.0741487
-0.0249102 0.00376452 0.057282
-0.0154736 -0.00426639 0.0702196
-0.0154736 0.00426639 0.0702196
-0.00867981 -0.00606879 0.0806804
-0.0162834 -3.04529e-09 0.0928601
-0.00867981 0.0060688 0.0806804
-0.033008 -0.00393665 0.0905856
-0.0365716 -7.51601e-09 0.104276
-0.033008 0.00393665 0.0905856
-0.0264425 -0.00574285 0.0996691
-0.0264425 0.00574284 0.0996691
-0.0266082 -0.00886718 0.103203
-0.0378436 9.01909e-10 0.107455
-0.0266082 0.00886717 0.103203
-0.0401127 -0.00411688 0.116141
-0.0431579 1.13941e-08 0.121927
-0.0401127 0.00411688 0.116141
-0.0405032 -0.00723252 0.116646
-0.0405032 0.00723253 0.116646
-0.051744 -0.0116612 0.10862
-0.066662 1.14138e-08 0.10028
-0.0517441 0.0116612 0.10862
-0.0460907 -0.00421629 0.124448
-0.0485305 1.74928e-08 0.117478
-0.0460907 0.00421629 0.124448
-0.0575555 -0.00861921 0.111607
-0.0575555 0.00861919 0.111607
-0.0825827 -0.013061 0.0877051
-0.0975084 3.81635e-08 0.063583
-0.0825828 0.0130609 0.0877051
-0.0508422 -0.004507 0.105062
-0.0532224 -5.59984e-08 0.0800489
-0.0508421 0.00450698 0.105062
-0.0753155 -0.00840327 0.0737577
-0.0753155 0.00840333 0.0737578
-0.105067 -0.00739317 0.035103
-0.106569 -2.37038e-08 0.0215786
-0.105067 0.00739329 0.0351029
-0.0550947 -0.00509977 0.0471685
-0.0543752 2.19683e-08 0.0306464
-0.0550947 0.0050996 0.0471685
-0.0804468 -0.00476701 0.0263577
-0.0804469 0.00476707 0.0263576
0.00232694 -1.095e-09 0.00430041
-0.000915051 -0.000976294 0.00344629
-0.00238741 2.86536e-09 0.0120797
-0.000915054 0.000976295 0.00344629
0 0 0
-0.00417815 -2.84423e-09 0.00624572
0.0060556 1.88771e-09 0.021956
-0.00478841 -0.00216992 0.0230747
-0.00735273 -9.69084e-10 0.0379763
-0.00478842 0.00216992 0.0230747
-0.0156615 1.79428e-09 0.0262144
0.00250108 2.24054e-09 0.0504041
-0.0111537 -0.00354203 0.0537409
-0.0151956 -1.26176e-09 0.0700625
-0.0111537 0.00354203 0.0537409
-0.024814 8.28001e-09 0.0573548
-0.00822639 2.61077e-09 0.0802862
-0.0205705 -0.00500117 0.0859183
-0.0261523 -2.34941e-09 0.0990236
-0.0205705 0.00500117 0.0859183
-0.0328912 1.5952e-09 0.0901811
-0.0261488 -5.65105e-09 0.102304
-0.033087 -0.00648811 0.110302
-0.0402251 3.07778e-09 0.1155
-0.033087 0.00648811 0.110302
-0.0399999 -1.01725e-09 0.115253
-0.0513872 -5.14581e-09 0.107154
-0.0486827 -0.00796301 0.117506
-0.0574361 -3.02233e-08 0.11005
-0.0486827 0.00796302 0.117506
-0.0460117 -1.93559e-10 0.123093
-0.0828862 -1.83475e-08 0.085889
-0.0667938 -0.00896912 0.0974984
-0.0757714 4.75388e-08 0.0726672
-0.0667938 0.00896913 0.0974985
-0.0508128 -2.01572e-09 0.103654
-0.106018 7.1712e-08 0.0346274
-0.0806357 -0.00629452 0.0414314
-0.0810691 -2.11805e-08 0.026159
-0.0806358 0.00629446 0.0414312
-0.0553312 -1.30674e-07 0.0467678
-0.000752498 -1.14735e-09 0.004413
-0.00455608 -3.11059e-09 0.0236661
-0.0108867 -2.07713e-10 0.0538266
-0.0202848 -8.15833e-10 0.0855182
-0.0327972 2.60949e-09 0.109408
-0.0484467 1.10635e-08 0.116122
-0.0669215 -2.69246e-09 0.0959805
-0.0812631 -9.8384e-09 0.0409757
