FiniteElementSpace
FiniteElementCollection: H1_2D_P2
VDim: 1
Ordering: 0

1
8
-2.82333
4.87654
1.33739
14.629
4.125
7.88101
-0.857362
-0.625305
2.92743
2.89315
8.90822
11.0508
1.0713
6.3622
2.51563
4.10112
-0.521705
-2.51596
0.0781062
0.12168
1.95978
1.94093
4.52211
5.21064
5.92188
7.96221
5.82696
-4.76929
-1.81998
-1.68926
0.214132
0.379819
2.09431
2.0028
3.85032
3.86792
6.72812
7.59097
11.5106
12.7683
8.50718
9.46511
-1.49324
1.02348
3.49957
5.89142
-3.60346
-0.778043
1.16783
2.8983
5.59453
9.95097
7.1679
1.75196
3.30274
4.11578
3.28187
4.08033
0.244503
-1.00192
-0.6945
0.539901
-1.99735
-1.66589
-0.387083
0.552631
1.4794
1.46976
-0.363459
0.571471
0.599464
1.51078
1.49206
2.42001
2.41493
2.70705
3.00347
3.68709
4.00531
5.4099
5.77747
4.33019
4.66028
4.99414
5.91054
4.96707
6.91993
7.98617
6.88589
7.9274
6.81316
5.8638
4.91071
-3.05077
-2.68324
-1.33443
-4.17573
-3.76012
-2.31572
-1.29209
-0.327593
-2.24683
-1.23137
-1.14922
-0.206955
-0.27644
0.639653
0.695085
1.57859
1.53861
-0.116094
0.768801
0.863844
1.70718
1.63377
2.5005
2.46527
2.42806
3.373
3.37701
2.44213
3.3768
3.37192
4.34966
4.3673
4.70336
5.05138
5.76713
6.15298
7.77125
8.23783
6.55316
6.96623
8.71966
9.2153
7.39072
10.1508
10.7156
12.9994
13.68
11.2966
11.8924
9.72329
6.15264
6.53394
7.82518
10.2422
8.26816
8.71819
3.29443
3.26434
-0.221797
-1.1753
1.01022
0.0953047
1.04283
1.94886
2.22709
3.19325
4.86281
3.81063
4.98391
6.90739
6.85472
4.94291
-2.16797
-3.21339
-0.825358
-1.76534
-0.712373
0.160274
1.11196
0.2863
1.24196
2.04097
2.89425
1.97675
2.90835
3.85767
4.18999
5.2286
7.15215
5.97288
8.04313
9.42174
12.1311
10.4945
5.56415
6.76103
8.98166
7.58138
3.70874
4.12102
3.69999
3.29907
4.10917
3.68639
3.28872
4.09154
3.66724
3.27377
0.62292
0.0120481
0.160685
0.770057
-0.136592
-0.760528
-0.608885
-1.24608
-1.08993
-0.457243
-0.3056
0.309322
-0.933781
-0.777631
-0.153958
-1.74359
-1.58143
-2.25474
-2.08506
-1.41926
-1.2571
-0.62148
0.77529
1.23964
1.23479
0.315917
0.781286
0.788427
1.25084
1.24486
1.70936
1.70508
-0.145023
0.324042
-0.609227
-0.133791
-0.119882
0.346404
0.334077
0.797092
0.807662
1.2666
1.25796
0.361403
0.820517
0.836039
1.28996
1.27714
1.73399
1.72594
1.71401
2.18063
2.17749
1.71941
2.18839
2.18413
2.65486
2.65342
1.84678
1.98901
1.37525
2.32143
2.46638
3.09928
3.2504
2.61217
2.75861
2.1316
2.8006
2.94928
3.28572
3.43913
4.09874
4.26224
3.59433
3.75114
4.42764
4.59478
3.90938
4.95867
5.13446
5.87726
6.06751
5.31226
5.49191
4.76345
3.40248
3.55532
2.90552
4.06887
4.93349
4.22941
4.39085
4.55298
4.9898
4.54326
5.44995
5.91713
5.43918
5.90199
5.42121
4.97636
4.52753
6.41138
6.91473
6.39945
7.44898
7.99431
7.4358
7.9755
7.41309
6.8978
6.37916
6.87156
6.34977
5.87872
7.94621
7.38011
7.9057
7.33615
6.83529
6.31059
5.84658
4.95595
4.50506
5.39533
5.36083
4.92786
-1.91539
-1.74571
-1.09494
-2.78124
-2.60254
-3.32477
-3.13556
-2.42385
-2.24516
-1.57604
-2.94635
-2.75714
-2.06647
-3.88704
-3.68581
-4.46975
-4.25499
-3.48458
-3.28335
-2.56793
-1.07839
-0.593911
-1.55422
-1.05801
-1.03342
-0.552565
-0.57515
-0.102916
-2.03839
-1.52779
-2.53262
-2.00495
-1.96576
-1.45964
-1.49639
-1.00424
-0.970085
-0.494398
-0.525774
-1.41714
-0.930578
-0.885338
-0.416366
-0.458055
0.00314065
-0.0298628
-0.0825106
0.379453
-0.0582864
0.426232
0.400936
0.854606
0.876601
1.32396
1.30544
0.455723
0.902404
0.932394
1.37164
1.34589
1.78891
1.77101
0.0411053
0.489788
-0.368949
0.0844106
0.133437
0.57316
0.528807
0.966952
1.00646
1.43604
1.40156
0.623229
1.05129
1.10184
1.52022
1.47547
1.89847
1.86463
1.81023
2.25088
2.23416
1.83534
2.29492
2.271
2.71127
2.6963
2.65665
3.13345
3.13429
2.19377
2.65919
2.66285
3.13323
3.13297
3.61783
3.6215
1.74393
2.20065
1.75614
2.22047
2.20943
2.66801
2.67505
3.13747
3.1346
2.68435
3.14921
3.14221
3.61044
3.61043
3.61451
4.10939
4.11647
3.61191
4.09665
4.10266
4.60955
4.6206
3.77818
3.93732
4.27941
4.44528
5.14125
5.32113
4.6139
4.7851
4.7908
4.96441
5.31377
5.49611
6.23809
6.43837
5.68217
5.87176
6.64248
6.85023
6.06468
7.23869
7.45909
8.32727
8.56999
7.68344
7.91154
7.06144
5.50388
5.68932
6.26077
7.27592
6.45984
6.66171
7.4935
7.714
6.8662
8.14322
8.37829
9.32176
9.57961
8.61657
8.85789
7.93722
8.81677
9.06742
9.51556
9.78279
10.8153
11.1092
10.0542
10.3296
11.4074
11.7097
10.6088
12.2381
12.561
13.7959
14.1498
12.8882
13.2196
12.016
9.84078
10.1051
9.10204
10.8916
12.3259
11.1778
11.4674
10.3724
5.10471
5.27692
5.67321
5.85599
6.65038
6.8481
6.04007
6.22526
6.25991
6.45426
7.07312
8.163
7.28229
7.49354
8.39114
8.62148
7.70667
9.34887
10.6424
9.59818
9.84979
8.85381
7.04722
7.24757
7.92152
9.08797
8.13788
8.35559
3.70492
3.69384
3.67756
0.392204
-0.37175
-0.848209
-0.0718453
-0.540791
-1.33427
-1.83162
-1.01633
1.00492
0.545693
1.01628
1.47439
0.0857488
-0.376611
0.107155
0.561097
1.0322
0.584133
1.05573
1.50047
1.94471
1.48516
1.95376
2.41728
1.61071
2.08362
2.85482
2.37115
2.56036
3.04233
3.84528
3.34572
4.167
4.69147
5.59265
5.03592
3.15284
3.6546
4.49467
3.9675
4.54883
5.44542
5.43114
4.53619
6.40642
7.44354
7.42569
6.39039
6.36565
7.39793
7.35955
6.33145
4.51718
5.4093
5.3792
-1.50016
-2.34197
-2.867
-1.99398
-2.49948
-3.40842
-3.96793
-3.01836
-0.843083
-1.31537
-0.803804
-0.347247
-1.79515
-2.28415
-1.73017
-1.26421
-0.747692
-1.19316
-0.671704
-0.244179
0.139259
-0.304118
0.185105
0.617843
1.08992
0.665273
1.1378
1.55689
0.247738
-0.164386
0.330201
0.729467
1.20242
0.813466
1.28682
1.668
2.02018
1.60409
2.06556
2.48118
2.89352
2.42347
2.89572
3.37483
1.96732
1.52337
1.98845
2.43416
2.90239
2.45238
2.91657
3.37342
3.86262
3.3719
3.85344
4.35831
3.53095
4.02761
4.87597
4.35489
4.53374
5.05075
5.95817
5.40992
6.35137
6.93819
8.00254
7.3698
5.22942
5.78225
6.75818
6.16626
7.17714
7.81547
8.96585
8.27376
8.47693
9.16292
10.4311
9.68448
11.0042
11.8187
13.3375
12.4477
9.46785
10.221
11.5927
10.7711
4.82683
5.38677
6.34261
5.74257
5.9642
6.56051
7.60679
6.96355
8.04569
8.7432
9.98146
9.22235
6.72644
7.37391
8.49238
7.79014
3.50455
3.70697
3.50081
3.30102
3.91549
4.12316
3.9116
4.11856
3.90651
3.7026
3.49602
3.29687
3.69707
3.49009
3.29171
4.11265
3.90014
4.10533
3.89239
3.69028
3.48295
3.28544
3.68215
3.47448
3.27798
4.09653
3.88318
4.08614
3.87242
3.67259
3.46461
3.26923
0.811548
0.507651
0.581335
0.885043
0.433967
0.128438
0.202498
-0.104688
-0.0300639
0.276558
0.350618
0.65502
0.054379
-0.253935
-0.179311
-0.328557
-0.640807
-0.565432
-0.880889
-0.804575
-0.490057
-0.414682
-0.72826
-0.651946
-0.339307
-1.12364
-1.0462
-1.36927
-1.29052
-0.968757
-0.891316
-0.575632
0.0445599
0.119184
0.424679
-0.263932
-0.499317
-0.188556
-0.113181
0.193808
-0.423003
-0.346688
-0.0378058
-0.813874
-0.736433
-1.05425
-0.975491
-0.658991
-0.58155
-0.270374
-1.21176
-1.133
-1.618
-1.53774
-1.87003
-1.78808
-1.45748
-1.37722
-1.70613
-1.62418
-1.29696
-2.12558
-2.04175
-2.38486
-2.29897
-1.95792
-1.8741
-1.54223
-0.896735
-0.817978
-0.504108
-1.2167
-1.46028
-1.13644
-1.05618
-0.739221
0.887517
1.11981
1.11738
0.657664
0.890087
0.8928
1.12485
1.12229
1.3546
1.35224
0.427616
0.660501
0.19716
0.430841
0.4344
0.666937
0.663576
0.895704
0.898846
1.13047
1.12756
0.670633
0.902274
0.906035
1.13703
1.1336
1.36496
1.36213
1.357
1.58958
1.58737
1.3595
1.59419
1.59184
1.82493
1.82293
-0.0339166
0.200895
-0.265825
-0.0295484
-0.0246538
0.209705
0.205061
0.438342
-0.498778
-0.260702
-0.732987
-0.492777
-0.486058
-0.24854
-0.254956
-0.0191852
-0.0130952
0.220617
0.214874
-0.241408
-0.00633615
0.00113947
0.234012
0.226981
0.458881
0.452935
0.442713
0.67471
0.447562
0.684199
0.679216
0.910176
0.914746
1.14492
1.14078
0.689706
0.919792
0.925361
1.15452
1.14948
1.37911
1.37505
0.465448
0.695784
0.24176
0.472681
0.48063
0.709847
0.702482
0.931502
0.93826
1.16621
1.16008
0.717926
0.945685
0.953824
1.18037
1.17296
1.40009
1.39403
1.38359
1.61293
1.60902
1.38855
1.62207
1.61726
1.84655
1.84286
1.82698
2.06083
2.05911
1.59668
1.82911
1.83139
2.06444
2.06259
2.29745
2.29609
1.36802
1.59937
1.37137
1.60548
1.60228
1.83386
1.83656
2.06861
2.06643
1.83954
2.07372
2.07103
2.30381
2.30198
2.29885
2.53497
2.53403
2.30035
2.53701
2.53594
2.77356
2.77312
1.42254
1.49291
1.18753
1.65795
1.72866
2.03643
2.10791
1.79947
1.87036
1.56332
1.89392
1.96509
2.13063
2.20239
2.51351
2.58653
2.27438
2.34657
2.6598
2.73328
2.41894
2.90225
2.97681
3.29832
3.37469
3.05163
3.12667
2.80695
2.17951
2.2512
1.94131
2.49147
2.88079
2.56412
2.63689
2.32297
2.36826
2.44074
2.60699
2.68031
2.99597
3.07104
2.75398
2.82796
2.84698
2.92127
3.08842
3.16381
3.48522
3.56284
3.23965
3.31594
3.64094
3.7195
3.39265
3.89154
3.97168
4.30886
4.39179
4.05231
4.13341
3.79849
3.14647
3.22224
3.46975
3.87789
3.54722
3.62504
3.95768
4.03783
3.70319
4.21496
4.29694
4.64353
4.72835
4.37931
4.46206
4.11832
4.47523
4.55915
4.73865
4.82464
5.18236
5.27169
4.91116
4.99817
5.36156
5.45194
5.08566
5.64147
5.73441
6.11744
6.21426
5.8279
5.92192
5.54281
4.81359
4.89921
4.54517
5.1736
5.63414
5.26197
5.35075
4.98521
2.95479
3.0289
2.70975
3.20192
3.27736
3.60532
3.68262
3.35296
3.42869
3.10312
3.45133
3.52821
3.78164
4.19913
3.86038
3.93937
4.28024
4.36162
4.0186
4.62861
5.07156
4.71237
4.7964
4.44325
3.7601
3.83773
4.09805
4.52511
4.17768
4.25749
4.33743
4.55107
4.33337
4.77182
4.99216
4.76758
4.98706
4.76185
4.54623
4.32796
5.22012
5.44789
5.21569
5.68381
5.91973
5.67917
5.91407
5.67275
5.44252
5.20962
5.43539
5.20183
4.98034
5.90651
5.66446
5.89697
5.65421
5.42641
5.19222
4.97194
4.53992
4.32113
4.75454
4.74556
4.53206
4.31277
6.16434
6.40914
6.15949
6.66318
6.91759
6.6581
6.91133
6.65095
6.40319
6.15271
7.18179
7.44654
7.17648
7.72165
7.99745
7.71609
7.99055
7.70815
7.43996
7.16894
7.43105
7.15909
6.90288
7.98116
7.69776
7.96919
7.68482
7.4197
7.14684
6.89214
6.39519
6.14391
6.64163
6.63006
6.38505
6.133
6.37269
6.1199
5.88534
6.87904
6.61614
6.86346
6.59979
6.35801
6.10451
5.87154
7.40583
7.1321
7.95455
7.66924
7.93716
7.65092
7.38936
7.11477
7.37018
7.09477
6.84533
7.91691
7.62979
7.89373
7.60575
7.34821
7.07201
6.82456
6.34093
6.08674
5.85548
6.58091
6.55941
6.32134
6.0665
5.83708
4.52257
4.30281
4.96174
4.73483
4.94967
4.72225
4.51135
4.29115
5.41551
5.18071
5.64191
5.62747
5.40258
5.16721
5.38754
5.15162
4.93564
5.61079
5.5918
5.3703
5.13386
4.91955
-1.37833
-1.29638
-0.975926
-1.79027
-1.70644
-2.04128
-1.95539
-1.62261
-1.53878
-1.21443
-2.21307
-2.12718
-2.64808
-2.55993
-2.91546
-2.82486
-2.47178
-2.38363
-2.73427
-2.64368
-2.29549
-3.1872
-3.09398
-3.46351
-3.36748
-3.00076
-2.90754
-2.55309
-1.86949
-1.7836
-1.45496
-2.20734
-2.4625
-2.11919
-2.03104
-1.69771
-2.37191
-2.28133
-1.9429
-2.81432
-2.7211
-3.07937
-2.98333
-2.62788
-2.53466
-2.19074
-3.27144
-3.1754
-3.74462
-3.64558
-4.03074
-3.9285
-3.54654
-3.4475
-3.82626
-3.72403
-3.34845
-4.32206
-4.21644
-4.61881
-4.50963
-4.11083
-4.00521
-3.62179
-2.88729
-2.79126
-2.44144
-3.24941
-3.51956
-3.15037
-3.05133
-2.69522
-0.968666
-0.725987
-1.20602
-0.960543
-0.951511
-0.709496
-0.718172
-0.478574
-1.44528
-1.19666
-1.68663
-1.43454
-1.42271
-1.17486
-1.18629
-0.941521
-0.930526
-0.68937
-0.699912
-1.16233
-0.918479
-0.905332
-0.665227
-0.677824
-0.440029
-0.451051
-0.470276
-0.23351
-0.461118
-0.215231
-0.224801
0.00937891
-1.93031
-1.67441
-2.17651
-1.91647
-1.90135
-1.64633
-1.66099
-1.40972
-2.42545
-2.16094
-2.67735
-2.40803
-2.38912
-2.12559
-2.14399
-1.88488
-1.86702
-1.61307
-1.63037
-2.10571
-1.84773
-1.82695
-1.57427
-1.59439
-1.34534
-1.3634
-1.39554
-1.14866
-1.38012
-1.11767
-1.13379
-0.891038
-0.875548
-0.636687
-0.651531
-1.10027
-0.858816
-0.840794
-0.60337
-0.62065
-0.38543
-0.400751
-1.3259
-1.08152
-1.55266
-1.30503
-1.28267
-1.03983
-1.0614
-0.821433
-0.800688
-0.564895
-0.584801
-1.01679
-0.778509
-0.754851
-0.520881
-0.543604
-0.311733
-0.332114
-0.368915
-0.137089
-0.152817
-0.351159
-0.102006
-0.120168
0.108511
0.0924464
0.0184301
0.250271
-0.204754
0.0283405
0.0391578
0.269773
0.259592
0.489341
-0.428003
-0.193321
-0.414926
-0.167401
-0.180886
0.0509295
0.0637031
0.292899
0.280859
0.0775262
0.320031
0.30594
0.532764
0.520527
0.498863
0.726767
0.509242
0.746925
0.736417
0.962724
0.972432
1.19739
1.1885
0.758337
0.982998
0.994467
1.21764
1.20708
1.43094
1.42213
0.546003
0.770702
0.335217
0.560289
0.575671
0.798478
0.784066
1.00689
1.02031
1.2415
1.22909
0.813985
1.03477
1.05033
1.26935
1.2549
1.47471
1.46239
1.44055
1.66355
1.6549
1.45102
1.68332
1.67301
1.89539
1.88697
0.125769
0.351548
-0.0825556
0.144266
0.16405
0.387831
0.36907
0.592197
-0.289967
-0.0617698
-0.496678
-0.26677
-0.242095
-0.0160015
-0.039601
0.185169
0.20767
0.42926
0.407879
0.00907616
0.231602
0.257011
0.476216
0.452023
0.67068
0.649107
0.609913
0.830634
0.628867
0.867549
0.848473
1.06704
1.08493
1.30158
1.28489
0.88791
1.10405
1.12447
1.33856
1.31945
1.53444
1.51784
0.693634
0.909604
0.501885
0.718017
0.743875
0.95718
0.932679
1.14621
1.16933
1.38067
1.35895
0.983158
1.19388
1.21991
1.4283
1.40377
1.61317
1.59154
1.55222
1.76579
1.74935
1.57124
1.80227
1.78341
1.99581
1.97961
1.90463
2.12665
2.11852
1.69453
1.91471
1.9257
2.14538
2.13559
2.3575
2.34973
1.48802
1.70669
1.50239
1.73406
1.71985
1.93763
1.95056
2.1677
2.15606
1.96454
2.19401
2.18033
2.39708
2.38581
2.36607
2.58811
2.58078
2.37549
2.60522
2.59624
2.81866
2.81184
2.77404
3.0134
3.01353
2.53822
2.77461
2.77532
3.01332
3.01332
3.25467
3.25544
2.30586
2.53961
2.07675
2.3082
2.31086
2.54315
2.54124
2.77622
2.77734
3.01378
3.01346
2.54538
2.77875
2.78048
3.01517
3.01434
3.2525
3.25281
3.25395
3.49755
3.49902
3.25331
3.49477
3.49612
3.7422
3.74446
1.85066
2.08015
1.6274
1.85525
1.86037
2.08827
2.08398
2.3139
1.40675
1.63331
1.41409
1.647
1.63982
1.86604
1.87234
2.09848
2.09309
1.8793
2.11115
2.10448
2.33079
2.32576
2.31737
2.54799
2.32131
2.55453
2.55103
2.78259
2.78512
3.01787
3.01634
2.55855
2.78812
2.79164
3.02225
3.01983
3.25401
3.25312
2.33642
2.56314
2.34272
2.57421
2.56835
2.79572
2.80042
3.02871
3.0252
2.80578
3.03761
3.03283
3.26226
3.2594
3.25533
3.49119
3.49101
3.25711
3.49285
3.49179
3.72958
3.73019
3.73999
3.98882
3.99192
3.49356
3.73786
3.73587
3.98277
3.98575
4.23756
4.24158
3.25241
3.49253
3.2526
3.49121
3.49173
3.73406
3.73248
3.97726
3.97992
3.73117
3.97266
3.97482
4.22231
4.2259
4.23357
4.48861
4.49363
4.22967
4.47874
4.48363
4.74215
4.74823
3.33149
3.40809
3.57636
3.6543
3.98267
4.06334
3.73283
3.81192
3.8232
3.90261
4.0722
4.1532
4.48973
4.57396
4.23491
4.3173
4.6589
4.74454
4.40035
4.92047
5.00819
5.36587
5.45737
5.09665
5.18581
4.83085
4.14462
4.22646
4.48403
4.91782
4.56832
4.6532
4.32352
4.40625
4.57735
4.66192
5.00782
5.0961
4.74731
4.8335
4.83386
4.9204
5.09323
5.18186
5.53834
5.63117
5.27144
5.36193
5.72496
5.81969
5.45332
6.00032
6.09763
6.48063
6.58269
6.19591
6.29514
5.91533
5.18522
5.27515
5.54559
6.01186
5.63871
5.73266
6.10925
6.20748
5.82741
6.3953
6.49636
6.8947
7.00057
6.5983
6.7011
6.30654
6.68574
6.78975
6.98075
7.08783
7.50212
7.61451
7.19592
7.30498
7.72791
7.8423
7.415
8.04623
8.16419
8.61454
8.73834
8.28317
8.40316
7.95766
7.10733
7.21497
6.80473
7.52595
8.07396
7.63781
7.75055
7.32345
5.0054
5.09359
5.27566
5.36618
5.73623
5.83057
5.45733
5.5491
5.54961
5.64257
5.92295
6.40639
6.01924
6.11628
6.50702
6.60841
6.21403
6.90918
7.43276
7.01441
7.12042
6.71052
5.92557
6.0212
6.31247
6.81333
6.41158
6.51134
6.91684
7.021
6.61173
7.22716
7.33463
7.76543
7.87782
7.44279
7.55164
7.1258
7.54288
7.65377
7.86416
7.97861
8.42833
8.54819
8.09388
8.20995
8.66889
8.79039
8.32678
9.01741
9.14296
9.63289
9.7644
9.26936
9.39658
8.91269
7.99092
8.10472
7.66113
8.44437
9.03575
8.56268
8.6817
8.21918
8.19119
8.30932
8.52414
8.64607
9.11591
9.24375
8.76894
8.89273
8.86318
8.98905
9.2085
9.33842
9.82958
9.9659
9.4694
9.60141
10.1033
10.2417
9.73444
10.4793
10.6222
11.159
11.3089
10.7663
10.9114
10.3812
9.37254
9.50226
9.86845
10.5216
10.0034
10.1394
10.6631
10.8055
10.2762
11.0576
11.2048
11.7652
11.9194
11.353
11.5022
10.9488
11.4599
11.612
11.8702
12.0274
12.6145
12.7791
12.1856
12.345
12.9448
13.1117
12.5054
13.3931
13.5655
14.2077
14.3882
13.7391
13.9137
13.2797
12.0746
12.2308
11.6523
12.6668
13.4487
12.8293
12.9928
12.3879
9.15955
9.28406
8.8014
9.52461
9.65341
10.164
10.2988
9.78297
9.91326
9.40928
9.89677
10.03
10.414
11.0931
10.5526
10.6921
11.2382
11.3843
10.8324
11.8033
12.546
11.9552
12.1081
11.5311
10.4344
10.5708
10.0443
10.9735
11.6788
11.1154
11.258
10.7078
4.60717
4.68941
4.88071
4.96526
5.33246
5.41997
5.05002
5.13499
5.15823
5.2452
5.43991
5.52944
5.91073
6.0037
5.6193
5.70948
6.09704
6.1907
5.79996
6.39913
6.49583
6.90658
7.00728
6.5929
6.69032
6.28467
5.50771
5.59566
5.8907
6.37892
5.9817
6.07291
5.72592
5.81813
6.01645
6.11145
6.50804
6.60699
6.20691
6.30281
6.31165
6.40959
6.71271
7.23122
6.81428
6.9164
7.33723
7.44381
7.01905
7.77126
8.33428
7.88199
7.99331
7.55094
6.70641
6.80628
7.12221
7.6586
7.22587
7.32998
7.76675
7.87539
7.43454
8.10519
8.2176
8.68324
8.8007
8.33054
8.44397
7.98448
8.45001
8.56634
8.92176
9.53517
9.04276
9.16437
9.66171
9.78888
9.28657
10.176
10.8456
10.3083
10.4413
9.91665
8.91869
9.03718
8.55787
9.40934
10.045
9.53266
9.6565
9.15616
6.47344
6.5682
6.78806
6.8861
7.3116
7.4137
6.98442
7.08299
7.10837
7.20982
7.53952
8.09401
7.6449
7.75065
8.20395
8.31428
7.85675
8.67222
9.27561
8.78699
8.90217
8.42497
7.51609
7.61874
7.96318
8.536
8.06991
8.17693
3.5028
3.91369
3.90921
3.49855
3.4932
3.90349
3.89644
3.48668
3.47888
3.88797
3.878
3.46973
0.69649
0.318355
0.086367
0.466053
-0.0622702
-0.446725
-0.684707
-0.296773
-0.533064
-0.925063
-1.16801
-0.771355
0.235004
-0.146821
-0.381421
0.00313075
-0.229779
-0.617646
-0.855706
-0.463937
-1.01186
-1.41375
-1.66251
-1.25478
-1.50035
-1.91449
-2.1699
-1.74876
-0.699555
-1.09581
-1.33818
-0.936846
1.00244
0.772602
1.0075
1.23719
0.542678
0.312452
0.548995
0.778169
1.01313
0.78469
1.01971
1.24774
1.47205
1.24218
1.47683
1.7072
0.0817123
-0.149754
0.0902637
0.319764
-0.382158
-0.615712
-0.370394
-0.139718
0.100919
-0.127195
0.114059
0.339931
0.55665
0.328797
0.566022
0.792545
1.02763
0.802115
1.03725
1.26207
0.577492
0.353546
0.591441
0.81378
1.04897
0.827921
1.06316
1.28324
1.49605
1.27161
1.50537
1.72975
1.9428
1.71161
1.94672
2.17904
1.48216
1.25424
1.48845
1.71659
1.95119
1.72251
1.95661
2.18614
2.41608
2.18231
2.41858
2.65412
1.305
1.54019
1.91784
1.6813
1.77585
2.01217
2.39379
2.15527
2.53918
2.78081
3.17471
2.92905
2.06027
2.29906
2.68532
2.44335
2.24932
2.48747
2.87477
2.63356
2.72681
2.96751
3.36219
3.11759
3.51652
3.76594
4.18024
3.92507
3.02413
3.2693
3.67255
3.42248
3.83009
4.08596
4.51101
4.24842
4.34471
4.60653
5.0463
4.77691
5.22312
5.501
5.97211
5.68481
4.67893
4.94915
5.40187
5.12309
2.83202
3.07808
3.47881
3.22773
3.32633
3.57694
3.98898
3.7325
4.14902
4.41228
4.84831
4.57735
3.63197
3.88897
4.31003
4.04618
4.33556
4.76988
4.7649
4.33084
5.21811
5.68171
5.67619
5.21287
5.20595
5.66885
5.65959
5.19726
4.32473
4.7584
4.75027
4.31715
6.16215
6.66089
6.65479
6.15634
7.17941
7.71916
7.71242
7.17299
7.16431
7.70327
7.69161
7.15327
6.14857
6.64657
6.63613
6.13873
6.12673
6.6234
6.60827
6.1125
7.13979
7.67736
7.66043
7.12376
7.10511
7.64072
7.61814
7.08374
6.09592
6.59067
6.57049
6.07693
4.308
4.74042
4.72878
4.2972
5.18671
5.64832
5.63496
5.17421
5.15968
5.61942
5.60159
5.14301
-1.17602
-1.58303
-1.83055
-1.4173
-2.00023
-2.42897
-2.69189
-2.25497
-2.5132
-2.95888
-3.23016
-2.77512
-1.66088
-2.08097
-2.33451
-1.90698
-2.15582
-2.59136
-2.85174
-2.4076
-3.04095
-3.50594
-3.78643
-3.31091
-3.58519
-4.07183
-4.36237
-3.86403
-2.66254
-3.11588
-3.38396
-2.92085
-0.85063
-1.08712
-0.834675
-0.601975
-1.3254
-1.56568
-1.30428
-1.06871
-0.815083
-1.04627
-0.791473
-0.564359
-0.355759
-0.584985
-0.337874
-0.111805
-1.80817
-2.05308
-1.7809
-1.5416
-2.30063
-2.55102
-2.26623
-2.02237
-1.74845
-1.9861
-1.71046
-1.47871
-1.27875
-1.51274
-1.24844
-1.01943
-0.763465
-0.987807
-0.730678
-0.510683
-1.21296
-1.43913
-1.17193
-0.951024
-0.692731
-0.908698
-0.649245
-0.437903
-0.260906
-0.476871
-0.226211
-0.0139574
0.130063
-0.0931668
0.149313
0.370023
-0.316357
-0.539719
-0.290828
-0.0708997
0.172188
-0.0446233
0.19907
0.413084
0.608249
0.389742
0.628296
0.844918
1.08021
0.865151
1.10049
1.31429
0.651963
0.44043
0.679631
0.889003
1.12438
0.916851
1.15227
1.35827
1.54735
1.33447
1.56729
1.77955
0.230339
0.0214792
0.266376
0.47216
-0.186362
-0.393397
-0.140979
0.0620666
0.30756
0.108185
0.354271
0.550293
0.711681
0.508654
0.748491
0.949078
1.18453
0.986063
1.22155
1.41821
0.790443
0.597457
0.837917
1.02819
1.2637
1.07583
1.31137
1.49716
1.65029
1.45511
1.68695
1.88095
2.01108
1.79912
2.03012
2.24211
1.59084
1.38605
1.61838
1.82228
2.05277
1.84944
2.07939
2.28246
2.47282
2.26049
2.49039
2.70338
2.89331
2.65569
2.89382
3.13385
2.42162
2.19091
2.4256
2.65781
2.89487
2.66086
2.89685
3.13299
3.3759
3.13315
3.37385
3.61964
1.96334
1.7387
1.97177
2.197
1.51677
1.29734
1.53063
1.74972
1.98229
1.76322
1.99527
2.21464
2.4309
2.20478
2.43789
2.66522
2.90013
2.67127
2.90511
3.13582
2.44695
2.22696
2.45847
2.67939
2.91215
2.68997
2.92165
3.1454
3.37246
3.13958
3.37486
3.61022
3.86525
3.6161
3.86008
4.11291
3.37234
3.13375
3.37175
3.6131
3.85544
3.61101
3.85172
4.09954
4.36279
4.10596
4.35392
4.61506
3.20974
3.45369
3.85746
3.60875
3.69952
3.94742
4.36199
4.10848
4.52926
4.7893
5.23082
4.96333
4.01776
4.27214
4.69919
4.43822
4.19756
4.45011
4.87719
4.61817
4.70526
4.96318
5.40447
5.13923
5.58869
5.86217
6.33774
6.05511
5.05243
5.31884
5.77653
5.50183
5.96781
6.25174
6.74591
6.45185
6.53996
6.83266
7.34839
7.0447
7.57079
7.88638
8.44811
8.11969
6.95541
7.26052
7.79703
7.47995
4.8716
5.14008
5.59628
5.31937
5.41216
5.68801
6.16234
5.87721
6.35995
6.65528
7.16828
6.86183
5.78299
6.06924
6.56044
6.26392
6.76364
7.07134
7.6034
7.2836
7.38434
7.70281
8.26034
7.92892
8.49704
8.84234
9.45026
9.09018
7.82528
8.15808
8.73686
8.39013
8.02695
8.35691
8.94162
8.59785
8.69289
9.03504
9.64864
9.29183
9.91798
10.2904
10.9617
10.5728
9.19414
9.55263
10.1914
9.81727
10.4687
10.8594
11.5581
11.1499
11.2578
11.6641
12.399
11.9744
12.724
13.1679
13.9722
13.5082
11.8624
12.2889
13.0534
12.6075
8.97962
9.3412
9.97256
9.59522
9.70979
10.0856
10.7497
10.3573
11.0343
11.4442
12.1705
11.7421
10.2384
10.6324
11.3222
10.9106
4.47184
4.74345
5.1907
4.9104
5.01896
5.29854
5.76443
5.47532
5.94788
6.24744
6.74905
6.43812
5.36335
5.65324
6.13254
5.83213
5.58236
5.87061
6.35685
6.05821
6.16345
6.46107
6.96937
6.66051
7.17744
7.49846
8.0498
7.71571
6.55211
6.86205
7.38767
7.06551
7.59988
7.93518
8.50605
8.15669
8.27679
8.62488
9.22514
8.86214
9.47322
9.85205
10.5071
10.1115
8.73741
9.10173
9.72371
9.34349
6.31821
6.63005
7.14726
6.82307
6.94749
7.27071
7.81389
7.47747
8.02952
8.38006
8.97068
8.6051
7.34815
7.68561
8.24658
7.89494
