FiniteElementSpace
FiniteElementCollection: H1_2D_P2
VDim: 1
Ordering: 0

1
0.890679
7.56539
-5.94389
-5.58739
-12.9442
7.88101
3.85903
0.968326
-2.07507
-5.78955
-2.12911
-9.08877
-7.04761
4.05267
-2.10256
-4.3836
2.51563
2.46437
0.987037
-0.532954
-2.11882
-0.521705
-3.21195
-2.51596
5.82696
7.75065
5.57309
3.97389
2.32948
0.938124
-0.566729
-2.08606
-3.72006
-5.69157
-3.82618
-5.87557
-3.90794
-7.43431
-6.54596
-10.9209
-9.74402
-5.65763
-4.76929
2.49758
-0.527386
-1.49324
5.72277
2.41026
-0.544152
-3.77329
-3.87298
-5.16374
-8.0682
-3.60346
1.75196
2.50814
1.73654
0.993878
3.30274
3.28187
4.08033
3.24113
2.48323
1.71068
0.978759
0.234096
-0.524917
0.244503
0.22087
-0.529825
-1.30386
-2.11108
-1.30812
-2.12507
-1.30934
-1.00192
-2.66028
-2.32882
-3.78583
-3.4183
-1.99735
6.81316
4.91071
5.78019
4.81931
4.01743
7.82234
6.69598
7.66524
6.5286
5.65397
4.68714
3.92133
2.44029
1.66861
0.955021
3.17478
3.07705
2.37356
1.6046
0.916916
0.199083
-0.537489
0.162985
-0.553659
-1.30918
-2.07952
-1.30229
-2.09398
-2.90615
-3.80014
-2.93976
-2.87513
-3.74636
-4.62057
-5.6399
-4.6982
-5.7417
-4.77254
-2.97021
-3.8923
-2.99174
-3.8507
-5.83441
-4.83787
-5.9123
-4.88842
-4.52088
-4.15335
-6.66944
-6.25382
-8.24018
-7.76445
-5.8382
-5.42258
-7.28873
-6.81301
-5.00697
-9.98178
-9.43393
-11.9078
-11.2758
-8.88607
-8.3382
-6.33727
-3.05077
-4.59135
-5.86155
-4.17573
1.7452
3.29443
3.26434
1.72528
0.239294
0.228194
-1.30601
-1.30947
-1.81117
-2.86396
4.94291
4.86975
6.76048
6.61892
4.75868
1.69203
3.21151
3.1302
1.63971
0.211406
0.183182
-1.30432
-1.30238
-2.92299
-2.88996
-4.65944
-4.73614
-2.98245
-2.95574
-4.80669
-4.86535
-3.55994
-5.55381
-6.99013
-4.77367
-6.1018
-8.57849
-10.3325
-7.55791
-3.99353
-5.21346
1.37525
1.74877
1.36882
0.996984
2.1316
2.51222
2.12448
2.50329
2.11489
1.74115
1.36108
0.990592
2.90552
3.29907
2.89763
3.28872
2.88609
3.27377
2.87016
2.49092
3.66724
4.0674
3.64182
3.25349
2.84914
2.47441
1.73128
1.35132
0.983123
2.10209
2.08537
1.71844
1.33882
0.973857
0.61712
0.241853
0.62292
0.610964
0.236738
-0.144908
-0.5262
-0.140939
-0.523448
-0.136592
0.603739
0.231278
0.594724
0.224755
-0.154577
-0.531258
-0.149214
-0.528564
-0.914978
-1.30712
-0.914677
-0.915601
-1.30489
-1.69906
-2.10687
-1.70426
-2.11509
-1.70906
-0.913981
-1.30963
-0.912174
-1.30893
-2.12218
-1.71272
-2.12741
-1.71454
-1.55839
-1.40223
-0.760528
-2.39224
-2.23007
-2.93344
-2.76377
-2.06791
-1.90575
-1.24608
-2.59409
-2.42442
-1.74359
-3.49601
-3.31731
-4.08162
-3.89241
-3.13862
-2.95993
-2.25474
4.50506
4.92786
4.47514
4.89137
4.43706
4.03604
5.36083
5.80487
5.31697
5.75286
5.26306
4.84576
4.39008
3.99674
6.31059
6.78826
6.26088
7.33615
7.85325
7.28048
7.78817
7.2124
6.72975
6.19992
6.65906
6.12701
5.68984
7.70971
7.13118
7.61717
7.0361
6.57546
6.04141
5.61509
4.79032
4.3335
3.94878
5.19835
5.12215
4.72432
4.26659
3.89144
1.7019
1.32285
0.962078
2.45303
2.06402
2.42606
2.03731
1.68096
1.30271
0.947067
3.22717
2.8223
3.6094
3.56928
3.19408
2.78892
3.15351
2.7483
2.39279
3.52072
3.46301
3.10474
2.6997
2.35249
1.65489
1.27766
0.928104
2.00452
1.96493
1.62297
1.247
0.904471
0.583204
0.21645
0.568458
0.205647
-0.17134
-0.54051
-0.161712
-0.535001
0.549768
0.191625
0.526415
0.173666
-0.20095
-0.559703
-0.18418
-0.548505
-0.926592
-1.303
-0.920689
-0.935692
-1.30635
-1.68852
-2.07699
-1.68818
-2.08257
-1.6903
-0.917265
-1.30299
-1.30212
-2.08989
-1.69417
-2.09823
-2.50314
-2.93143
-2.51567
-2.49089
-2.91454
-3.33317
-3.78677
-3.35488
-3.81331
-3.37615
-2.47966
-2.89793
-2.47016
-2.88233
-3.29131
-3.73308
-3.31174
-3.75979
-4.19514
-4.67887
-4.22786
-4.1627
-4.63997
-5.09502
-5.6137
-5.14057
-5.66589
-5.18566
-4.26011
-4.75458
-4.2912
-4.71732
-5.71688
-5.22955
-5.76595
-5.27154
-2.54787
-2.98751
-2.5544
-2.53876
-2.97665
-3.4145
-3.88306
-3.43014
-3.90062
-3.44248
-2.52779
-2.96321
-2.94789
-3.83868
-3.39626
-3.86217
-4.3204
-4.8227
-4.34699
-4.78994
-5.8124
-5.31092
-5.8555
-5.34695
-4.37026
-4.87748
-4.38948
-4.85211
-5.89454
-5.37892
-5.92879
-5.40611
-3.2728
-3.10312
-4.21078
-4.03208
-4.83846
-4.64925
-3.85339
-3.6747
-5.21689
-5.02768
-6.30186
-6.10062
-7.04685
-6.83209
-5.89938
-5.69815
-6.61733
-6.40257
-5.49691
-7.83201
-7.60222
-8.65903
-8.41271
-7.37244
-7.14265
-6.18781
-4.46004
-4.27083
-5.29568
-5.97305
-5.09444
-4.89321
-5.7583
-5.54354
-4.69198
-6.91287
-6.68308
-7.67378
-7.42746
-6.4533
-6.22351
-5.32878
-8.1664
-7.92009
-9.52962
-9.26527
-10.4455
-10.1616
-9.00093
-8.73658
-9.8777
-9.59382
-8.47223
-11.4083
-11.1033
-12.4197
-12.0923
-10.7984
-10.4935
-9.30993
-7.18114
-6.93482
-5.99372
-8.20788
-9.02604
-7.94352
-7.67917
-6.6885
-3.70319
-3.51398
-2.78124
-4.49074
-5.11402
-4.28951
-4.08827
-3.32477
-4.89926
-4.6845
-3.88704
-5.76393
-6.44218
-5.53415
-5.30437
-4.46975
1.37215
2.1283
2.12004
1.36516
2.90199
2.89236
2.87871
3.65536
2.86033
1.3565
2.10894
2.09427
1.34546
0.62002
0.614131
-0.142926
-0.138857
0.60753
0.5995
-0.151719
-0.146974
-0.914832
-0.915204
-1.70167
-1.70676
-0.91326
-0.914423
-1.71107
-1.7139
-1.15563
-1.97014
-2.49455
-1.6522
-2.16308
-3.03795
-3.60206
-2.68996
4.49108
4.45716
5.34011
5.29132
4.41472
6.28709
7.30982
7.24804
6.23185
6.16501
7.17348
7.08542
6.08584
4.36303
5.2321
5.16173
4.30138
1.33131
2.07532
2.05138
1.31335
2.83649
3.62653
3.59035
2.80647
2.76956
3.5461
3.49305
2.72504
1.29084
2.02172
1.98562
1.26308
0.589323
0.576279
-0.16617
-0.157878
0.559651
0.538719
-0.192029
-0.177314
-0.923286
-0.930697
-1.688
-1.68898
-0.916258
-0.918713
-1.69206
-1.69653
-2.50941
-2.49693
-3.34404
-3.36561
-2.4851
-2.47465
-3.30136
-3.32238
-4.21151
-4.17884
-5.11781
-5.16322
-4.27585
-4.24409
-5.2078
-5.25083
-2.5515
-2.54359
-3.42269
-3.43677
-2.53346
-2.52183
-3.3864
-3.40566
-4.33407
-4.30608
-5.2916
-5.32939
-4.38041
-4.35908
-5.36349
-5.39316
-2.82601
-3.73394
-4.33712
-3.38595
-4.70465
-5.74885
-6.46163
-5.35877
-6.04601
-7.21222
-8.00232
-6.76805
-3.96959
-4.9687
-5.63039
-4.57863
-5.21478
-6.32388
-7.05087
-5.87971
-7.5266
-8.83363
-9.70785
-8.32335
-9.16
-10.6267
-11.5918
-10.0382
-6.57514
-7.81306
-8.61213
-7.30276
-3.23453
-4.18856
-4.79916
-3.79849
-4.38354
-5.43554
-6.09941
-4.99137
1.18753
1.37372
1.18448
0.998498
1.56332
1.7504
1.56018
1.74703
1.55673
1.37052
1.18126
0.995448
1.94131
2.13001
1.93808
2.32297
2.514
2.31962
2.51027
2.31567
2.12646
1.93438
2.12234
1.93014
1.74324
2.50582
2.31103
2.50055
2.3056
2.11756
1.92526
1.73892
1.36703
1.17779
0.992263
1.55288
1.54854
1.36318
1.17397
0.988854
2.70975
2.90385
2.70628
3.10312
3.30102
3.09952
3.29687
3.09502
2.89992
2.70206
2.89512
2.69701
3.29171
3.08954
3.28544
3.08298
2.88935
2.69101
2.88254
2.684
2.49438
3.27798
3.07524
3.26923
3.06625
2.87459
2.67588
2.48721
3.46461
3.6615
3.45325
3.2591
3.87242
4.07408
3.86002
4.06027
3.84588
3.6488
3.4403
3.2475
2.86541
2.66656
2.47897
3.05591
3.04414
2.85491
2.65594
2.46955
1.35886
1.16973
0.985131
1.734
1.54362
1.72838
1.53803
1.35399
1.16496
0.981003
2.11202
1.91966
2.2993
2.29203
2.10563
1.91324
2.09831
1.90591
1.72197
2.28371
2.27424
2.08996
1.89758
1.71468
1.34848
1.15958
0.976381
1.53168
1.52448
1.34224
1.15349
0.971176
0.808569
0.621466
0.811548
0.805548
0.618575
0.428424
0.240568
0.431171
0.243163
0.433967
0.802394
0.615642
0.799017
0.612576
0.422713
0.235433
0.425635
0.238021
0.0472736
-0.141939
0.0495621
0.0449446
-0.143912
-0.335629
-0.526799
-0.334028
-0.525576
-0.332376
0.0519002
-0.137751
0.054379
-0.139915
-0.524211
-0.330583
-0.522615
-0.328557
0.795325
0.609286
0.791231
0.605685
0.416116
0.229775
0.41957
0.232714
0.786644
0.601681
0.781473
0.597185
0.407912
0.222873
0.41226
0.226524
0.0368177
-0.150428
0.0398065
0.0334293
-0.153098
-0.343315
-0.532068
-0.341021
-0.530515
-0.339036
0.0424856
-0.145925
-0.148067
-0.529179
-0.337268
-0.52797
-0.72103
-0.914761
-0.720346
-0.72175
-0.9149
-1.10968
-1.30657
-1.11014
-1.30764
-1.11055
-0.722597
-0.915075
-0.72366
-0.915376
-1.10894
-1.30436
-1.10925
-1.30545
-1.50231
-1.70297
-1.50415
-1.50051
-1.70036
-1.89969
-2.10472
-1.90313
-2.10899
-1.90652
-1.50593
-1.70794
-1.50757
-1.70553
-2.11311
-1.90975
-2.117
-1.91275
-0.717617
-0.912767
-0.716181
-0.71873
-0.913661
-1.11084
-1.3096
-1.11054
-1.30955
-1.10983
-0.719609
-0.914231
-0.914568
-1.30856
-1.11081
-1.30924
-1.50897
-1.71195
-1.51004
-1.71011
-2.12055
-1.91542
-2.12369
-1.91768
-1.5107
-1.71429
-1.51085
-1.71338
-2.12632
-1.91942
-2.12835
-1.92057
-1.03352
-0.957204
-0.640807
-1.43341
-1.35596
-1.6843
-1.60554
-1.27852
-1.20108
-0.880889
-1.84181
-1.76306
-2.26007
-2.17981
-2.52563
-2.44368
-2.09955
-2.0193
-2.36173
-2.27978
-1.93904
-2.79621
-2.71238
-3.07202
-2.98612
-2.62855
-2.54472
-2.19783
-1.52679
-1.44803
-1.12364
-1.85878
-2.11588
-1.77852
-1.69826
-1.36927
-2.03393
-1.95198
-1.618
-2.46089
-2.37707
-2.72844
-2.64254
-2.29324
-2.20941
-1.87003
-2.90023
-2.81433
-3.35327
-3.26512
-3.64018
-3.54959
-3.17697
-3.08883
-3.459
-3.36841
-3.00068
-3.93296
-3.83974
-4.23182
-4.13579
-3.74652
-3.6533
-3.27782
-2.55665
-2.47075
-2.12558
-2.91253
-3.18723
-2.82438
-2.73623
-2.38486
4.29115
4.49831
4.27769
4.72225
4.93564
4.70774
4.91955
4.6912
4.48336
4.26236
4.46641
4.24506
4.0446
4.90132
4.67254
4.88085
4.65168
4.44738
4.2257
4.02699
5.13386
5.35077
5.11383
5.5918
5.81623
5.5704
5.79286
5.54649
5.32885
5.09145
5.30447
5.06663
4.85806
5.76687
5.52
5.73816
5.49082
5.27752
5.03928
4.83285
4.42617
4.20419
4.00735
4.62852
4.60297
4.4027
4.18045
3.98559
6.0665
6.29917
6.0437
6.55941
6.80106
6.53522
6.77473
6.50822
6.27433
6.01826
7.07201
7.32336
7.0464
7.60575
7.86752
7.57871
7.8382
7.54859
7.29553
7.01784
7.26465
6.98626
6.74549
7.80566
7.51528
7.76983
7.47871
7.23062
6.95155
6.71325
6.24672
5.99008
6.47835
6.4455
6.21625
5.95908
6.18284
5.92515
5.70667
6.67792
6.40958
6.6394
6.37051
6.1464
5.88822
5.67228
7.19335
6.91363
7.73062
7.43877
7.68792
7.39539
7.15275
6.87241
7.10873
6.82781
6.59761
7.64166
7.34847
7.59174
7.29793
7.06121
6.77972
6.55246
6.10683
5.8482
5.63491
6.3282
6.28256
6.06404
5.80498
5.59448
4.37686
4.15437
3.96162
4.80514
4.57496
4.77484
4.54437
4.34858
4.12588
3.93535
5.24792
5.0093
5.45888
5.42408
5.21558
4.97662
5.18041
4.94113
4.74185
5.38633
5.34553
5.14232
4.90274
4.70609
4.31777
4.09488
3.9067
4.51113
4.47515
4.28432
4.06128
3.87556
1.33518
1.14662
0.965298
1.70642
1.51635
1.69711
1.50718
1.32721
1.13886
0.958657
2.0805
1.88817
2.45887
2.26355
2.44684
2.25153
2.06983
1.87758
2.05787
1.86573
1.68665
2.43337
2.23809
2.41836
2.22316
2.04453
1.85252
1.67495
1.31824
1.13013
0.951162
1.4969
1.4854
1.30817
1.12034
0.942725
2.843
2.64395
3.23435
3.03083
3.21956
3.01591
2.82959
2.63048
3.6344
3.42567
3.82993
3.81206
3.6182
3.40928
3.60012
3.39104
3.20303
3.79219
3.77023
3.58007
3.37085
3.18467
2.81459
2.61546
2.99929
2.98086
2.79792
2.59878
2.77948
2.58037
2.40174
3.16439
2.96055
3.14211
2.93826
2.75917
2.56013
2.3834
3.55795
3.34863
3.74608
3.71967
3.53369
3.32429
3.50718
3.29773
3.11774
3.6909
3.65967
3.47833
3.26887
3.09118
2.73692
2.53796
2.36326
2.9139
2.88739
2.71264
2.51379
2.34123
1.29693
1.1094
0.933254
1.66193
1.47261
1.64749
1.45843
1.28442
1.09722
0.922662
2.02971
1.83787
2.20663
2.18842
2.01332
1.82168
1.99529
1.80386
1.63154
2.16844
2.14659
1.97551
1.78433
1.61399
1.27055
1.0837
0.910856
1.44277
1.42555
1.25523
1.06877
0.897749
0.775631
0.592107
0.769027
0.586359
0.397387
0.214012
0.402985
0.218733
0.76157
0.579848
0.753171
0.572486
0.383818
0.202471
0.391028
0.208622
0.0199704
-0.163857
0.0250958
0.0140861
-0.16866
-0.357364
-0.542247
-0.352941
-0.538928
-0.349185
0.0295521
-0.156166
-0.159723
-0.536184
-0.346006
-0.533928
0.74374
0.564184
0.733188
0.55485
0.366488
0.187532
0.375668
0.195471
0.721424
0.544395
0.708359
0.53273
0.344679
0.168476
0.356189
0.178564
-0.00901783
-0.187976
-0.000318172
-0.0188356
-0.19635
-0.383525
-0.563088
-0.375535
-0.556564
-0.368571
0.00735321
-0.174221
-0.18063
-0.550976
-0.362544
-0.546234
-0.735363
-0.921905
-0.731871
-0.73961
-0.924845
-1.11477
-1.30358
-1.11244
-1.30257
-1.11077
-0.744702
-0.928539
-0.750729
-0.933078
-1.12179
-1.30766
-1.11786
-1.30524
-1.49634
-1.68801
-1.4954
-1.49803
-1.68817
-1.88081
-2.07595
-1.88149
-2.07818
-1.88283
-1.49512
-1.68958
-1.49541
-1.68851
-2.08098
-1.88474
-2.08426
-1.88713
-0.725029
-0.915891
-0.726794
-0.916712
-1.10907
-1.30265
-1.10886
-1.3034
-0.729045
-0.917928
-0.919629
-1.30214
-1.10968
-1.3022
-1.49619
-1.69308
-1.49736
-1.69113
-2.08793
-1.88991
-2.09191
-1.89299
-1.49883
-1.69778
-1.69532
-2.09609
-1.89628
-2.10039
-2.30255
-2.51255
-2.30783
-2.2973
-2.50627
-2.71164
-2.92722
-2.71898
-2.93561
-2.72626
-2.29217
-2.50002
-2.28725
-2.49389
-2.69713
-2.91033
-2.70433
-2.91876
-3.12771
-3.34947
-3.13735
-3.11811
-3.3386
-3.55151
-3.78004
-3.56367
-3.79348
-3.57576
-3.14692
-3.37091
-3.15633
-3.36027
-3.80676
-3.58769
-3.81979
-3.59938
-2.28263
-2.48796
-2.2784
-2.48233
-2.68346
-2.89391
-2.69015
-2.90201
-2.27465
-2.47709
-2.27146
-2.47233
-2.67132
-2.87867
-2.67715
-2.88609
-3.09034
-3.30651
-3.09933
-3.08173
-3.29629
-3.50403
-3.72653
-3.51555
-3.7397
-3.52736
-3.10862
-3.32776
-3.31703
-3.75306
-3.53938
-3.76654
-3.98378
-4.21969
-3.99869
-3.9689
-4.20332
-4.42527
-4.66916
-4.44315
-4.68856
-4.46097
-3.95412
-4.18698
-3.93955
-4.17074
-4.38965
-4.63026
-4.4074
-4.6497
-4.87672
-5.1292
-4.89782
-4.85564
-5.10642
-5.33888
-5.60056
-5.36342
-5.62682
-5.38788
-4.91884
-5.17447
-4.9397
-5.15192
-5.65292
-5.41218
-5.67877
-5.43623
-4.04264
-4.28358
-4.05674
-4.02821
-4.26802
-4.49604
-4.74541
-4.51311
-4.76362
-4.52975
-4.01352
-4.25213
-4.23599
-4.70779
-4.47863
-4.72677
-4.96032
-5.21873
-4.98059
-5.19677
-5.70428
-5.45993
-5.72935
-5.4832
-5.00043
-5.26126
-5.01975
-5.24026
-5.7539
-5.50595
-5.77784
-5.52809
-2.33805
-2.55305
-2.34033
-2.33508
-2.54977
-2.7636
-2.98507
-2.76793
-2.98973
-2.77148
-2.33151
-2.54581
-2.32744
-2.54124
-2.75296
-2.9735
-2.75858
-2.97963
-3.19796
-3.42652
-3.20457
-3.19066
-3.41868
-3.64188
-3.87812
-3.651
-3.88779
-3.65933
-3.2104
-3.43974
-3.21535
-3.43356
-3.89658
-3.66679
-3.90441
-3.67328
-2.32294
-2.53616
-2.31811
-2.53067
-2.74027
-2.95952
-2.74683
-2.96677
-2.31305
-2.52484
-2.51877
-2.94386
-2.73339
-2.95186
-3.16551
-3.39138
-3.17434
-3.38131
-3.83248
-3.61073
-3.84476
-3.62166
-3.18276
-3.41016
-3.40103
-3.85651
-3.63207
-3.86766
-4.09611
-4.34063
-4.10796
-4.08356
-4.32732
-4.56139
-4.81479
-4.57621
-4.83039
-4.59024
-4.07041
-4.31332
-4.29871
-4.78132
-4.54587
-4.79841
-5.03847
-5.30136
-5.05648
-5.28166
-5.80107
-5.54953
-5.82352
-5.57017
-5.0737
-5.33829
-5.09005
-5.32027
-5.84508
-5.58994
-5.86567
-5.60873
-4.13844
-4.38509
-4.14661
-4.12922
-4.37547
-4.61558
-4.87156
-4.6267
-4.8831
-4.63668
-4.11903
-4.36479
-4.35315
-4.84511
-4.60339
-4.85886
-5.10542
-5.37135
-5.11974
-5.35535
-5.8852
-5.62647
-5.90358
-5.64305
-5.13291
-5.3998
-5.14483
-5.38619
-5.92071
-5.65839
-5.93652
-5.6724
-2.68953
-2.60758
-3.13152
-3.04769
-3.41559
-3.3297
-2.96386
-2.88004
-3.58739
-3.50149
-4.05846
-3.97031
-4.36491
-4.27432
-3.88216
-3.79401
-4.18373
-4.09313
-3.70587
-4.67873
-4.5855
-5.00013
-4.90409
-4.49228
-4.39906
-4.00254
-3.24381
-3.15791
-3.61772
-3.91195
-3.52957
-3.44142
-4.54609
-4.4555
-5.05161
-4.95839
-5.38428
-5.28824
-4.86517
-4.77195
-5.57636
-5.48032
-6.12169
-6.02264
-6.48443
-6.38219
-5.92359
-5.82455
-6.27996
-6.17772
-5.7255
-6.85691
-6.75129
-7.23931
-7.13012
-6.64566
-6.54005
-6.07548
-5.1922
-5.09616
-5.62646
-5.97324
-5.52741
-5.42837
-5.871
-5.76876
-5.32932
-6.43443
-6.32881
-6.80256
-6.69337
-6.22319
-6.11757
-5.66653
-7.02093
-6.91175
-7.63187
-7.51892
-8.03478
-7.91789
-7.40597
-7.29303
-7.801
-7.68411
-7.18008
-8.44826
-8.32724
-8.87253
-8.74718
-8.20622
-8.08519
-7.56722
-6.58418
-6.47499
-6.01195
-7.06714
-7.45033
-6.9542
-6.84125
-6.36581
-3.82136
-3.73077
-4.30584
-4.21262
-4.61597
-4.51994
-4.1194
-4.02618
-4.80805
-4.71201
-5.23028
-5.56429
-5.13123
-5.03219
-5.46205
-5.35982
-4.93315
-5.90633
-6.25662
-5.80072
-5.6951
-5.25758
-4.4239
-4.32786
-4.83411
-5.15535
-4.73506
-4.63602
-5.05311
-4.95087
-4.53698
-5.58948
-5.48386
-5.92906
-5.81987
-5.37824
-5.27263
-4.84863
-6.14743
-6.03825
-6.72831
-6.61537
-7.09967
-6.98278
-6.50242
-6.38948
-6.86589
-6.749
-6.27653
-7.4801
-7.35907
-7.8698
-7.74446
-7.23805
-7.11703
-6.63211
-5.71069
-5.6015
-5.16701
-6.16359
-6.51522
-6.05065
-5.9377
-5.49231
-7.33344
-7.21656
-7.96417
-7.84316
-8.37117
-8.24583
-7.72214
-7.60112
-8.62184
-8.49651
-9.30779
-9.17795
-9.75427
-9.61973
-9.0481
-8.91825
-9.48518
-9.35064
-8.7884
-10.2122
-10.0727
-10.6817
-10.5372
-9.93331
-9.79388
-9.21609
-8.12049
-7.99514
-8.65855
-9.08155
-8.5287
-8.39885
-8.947
-8.81246
-8.269
-9.65445
-9.51502
-10.1037
-9.95919
-9.37559
-9.23616
-8.67791
-10.3927
-10.2482
-11.1631
-11.0133
-11.6565
-11.5013
-10.8636
-10.7138
-11.3461
-11.1909
-10.564
-12.1622
-12.0014
-12.6804
-12.5137
-11.8405
-11.6797
-11.0357
-9.81469
-9.67019
-9.09673
-10.4143
-10.8805
-10.2645
-10.1147
-9.52568
-6.39833
-6.28144
-5.82475
-6.99601
-6.87499
-7.36843
-7.24309
-6.75396
-6.63294
-6.16455
-7.61912
-7.49378
-8.13915
-8.54336
-8.0093
-7.87945
-8.40881
-8.27427
-7.7496
-8.9573
-9.38118
-8.81787
-8.67843
-8.13972
-7.11774
-6.9924
-6.51191
-7.61975
-8.00517
-7.48989
-7.36004
-6.86706
-3.09664
-3.00605
-2.64808
-3.56008
-3.46686
-3.84767
-3.75163
-3.37364
-3.28042
-2.91546
-4.03975
-3.94371
-4.43793
-4.7464
-4.33889
-4.23984
-4.64416
-4.54192
-4.1408
-5.06139
-5.38312
-4.95577
-4.85015
-4.43968
-3.65559
-3.55955
-3.1872
-4.04175
-4.33745
-3.94271
-3.84367
-3.46351
-4.23521
-4.13297
-3.74462
-4.74453
-4.63891
-5.05556
-4.94637
-4.5333
-4.42768
-4.03074
-5.27393
-5.16475
-5.71181
-6.04766
-5.59887
-5.48592
-5.93077
-5.81389
-5.37298
-6.39089
-6.74171
-6.26987
-6.14885
-5.697
-4.83719
-4.728
-4.32206
-5.26003
-5.58011
-5.14709
-5.03415
-4.61881
1.18602
1.56179
1.5585
1.18289
1.93975
2.32136
2.31773
1.93629
1.93234
2.31344
2.30842
1.92779
1.17956
1.55486
1.55078
1.17593
2.7081
3.10143
3.09739
2.70427
2.69965
3.09241
3.0864
2.69413
2.68764
3.07926
3.07091
2.68009
3.45912
3.86643
3.85317
3.44697
2.67137
3.06126
3.05021
2.66142
1.17191
1.54616
1.54092
1.16741
1.92256
2.30256
2.29579
1.91655
1.90969
2.28801
2.27912
1.90187
1.16235
1.53496
1.5282
1.15663
0.810057
0.80707
0.429797
0.432557
0.803994
0.800739
0.424196
0.42704
0.0484173
0.0461198
-0.334829
-0.333214
0.0531156
0.0507193
-0.331503
-0.329606
0.797216
0.793334
0.417888
0.421175
0.789004
0.784137
0.410153
0.414243
0.0383564
0.035179
-0.342124
-0.339996
0.043737
0.0411792
-0.33813
-0.336438
-0.720689
-0.72138
-1.10991
-1.11035
-0.722152
-0.723096
-1.10907
-1.10945
-1.50323
-1.5014
-1.90141
-1.90484
-1.50677
-1.50506
-1.90816
-1.91129
-0.716946
-0.718208
-1.11074
-1.11024
-0.719193
-0.71999
-1.1107
-1.11086
-1.50955
-1.5083
-1.91413
-1.91661
-1.51084
-1.51043
-1.91862
-1.92007
-0.836349
-1.23248
-1.48031
-1.07877
-1.63646
-2.04963
-2.31116
-1.89066
-2.14899
-2.57741
-2.84861
-2.41168
-1.32416
-1.73169
-1.98683
-1.57272
-1.82467
-2.24595
-2.50925
-2.08022
-2.67893
-3.12495
-3.40666
-2.95096
-3.22797
-3.69394
-3.98701
-3.51018
-2.33958
-2.77696
-3.04928
-2.60296
4.28465
4.71524
4.69973
4.27027
4.25396
4.68214
4.66239
4.23564
5.12413
5.58141
5.55876
5.10294
5.07935
5.53358
5.50575
5.05328
4.21522
4.64039
4.61605
4.1926
6.05543
6.54766
6.52207
6.03132
7.05957
7.59261
7.56404
7.03249
7.00243
7.53234
7.49741
6.9693
6.00452
6.49365
6.4623
5.97494
5.94248
6.42793
6.39045
5.90707
6.933
7.45916
7.41752
6.89344
6.85054
7.37238
7.32366
6.8042
5.8686
6.34977
6.3058
5.82699
4.1677
4.58928
4.55999
4.14043
5.02463
5.4752
5.44184
4.9933
4.95923
5.40558
5.36632
4.9223
4.1107
4.52809
4.49349
4.07841
1.15016
1.52054
1.5119
1.14285
1.89302
2.26906
2.25771
1.88303
1.87182
2.24499
2.23082
1.8593
1.13462
1.50218
1.49131
1.12537
2.65012
3.03768
3.02358
2.6374
3.4332
3.83814
3.82124
3.4177
3.4004
3.80238
3.78147
3.3812
2.62317
3.00782
2.9903
2.60733
2.5898
2.97095
2.94966
2.57048
3.36
3.75843
3.73317
3.33673
3.31129
3.70559
3.6756
3.28359
2.54929
2.92635
2.90092
2.52613
1.11502
1.47917
1.4657
1.10347
1.84538
2.2151
2.19774
1.82997
1.81298
2.17865
2.15775
1.79432
1.09063
1.45079
1.43436
1.07642
0.778642
0.77243
0.400275
0.405527
0.765411
0.757494
0.387535
0.394308
0.0226223
0.0171287
-0.355063
-0.350985
0.0315575
0.027402
-0.347529
-0.344605
0.74859
0.73861
0.371213
0.379866
0.727463
0.71506
0.350591
0.361484
-0.00453385
-0.0137813
-0.379396
-0.37193
0.0108314
0.00364044
-0.365446
-0.359854
-0.733528
-0.737386
-1.11352
-1.11153
-0.742044
-0.747593
-1.11971
-1.11622
-1.49578
-1.49709
-1.88107
-1.88208
-1.4952
-1.49518
-1.88372
-1.88588
-0.724301
-0.725856
-1.10892
-1.10887
-0.727853
-0.73038
-1.11016
-1.10932
-1.49673
-1.49575
-1.88847
-1.89141
-1.49965
-1.49806
-1.89461
-1.89797
-2.30519
-2.29992
-2.71532
-2.72264
-2.29472
-2.28968
-2.70071
-2.70798
-3.13253
-3.1229
-3.55759
-3.56972
-3.15165
-3.14215
-3.58175
-3.59357
-2.2849
-2.28046
-2.68676
-2.69361
-2.27646
-2.27298
-2.67417
-2.68025
-3.09479
-3.08598
-3.50975
-3.52143
-3.11334
-3.10394
-3.53335
-3.54544
-3.99124
-3.97633
-4.43421
-4.45208
-3.96149
-3.94681
-4.3985
-4.41633
-4.88727
-4.86617
-5.35115
-5.37566
-4.9293
-4.90834
-5.40006
-5.42424
-4.04974
-4.03546
-4.50462
-4.52149
-4.02089
-4.00612
-4.46982
-4.48737
-4.9705
-4.95005
-5.44813
-5.47162
-5.01016
-4.99057
-5.49465
-5.5171
-2.33928
-2.33665
-2.76586
-2.76981
-2.33337
-2.32953
-2.75584
-2.76117
-3.20136
-3.19439
-3.64653
-3.65527
-3.21299
-3.20759
-3.66317
-3.67016
-2.32523
-2.32056
-2.7436
-2.74995
-2.3156
-2.31045
-2.72985
-2.73687
-3.16997
-3.16095
-3.6051
-3.61625
-3.18678
-3.17861
-3.62694
-3.63706
-4.10213
-4.08992
-4.56889
-4.58333
-4.07705
-4.06363
-4.53788
-4.55371
-5.04757
-5.02919
-5.5389
-5.55995
-5.08199
-5.0652
-5.58017
-5.59946
-4.14267
-4.13396
-4.62128
-4.63184
-4.12424
-4.1136
-4.59693
-4.60961
-5.11272
-5.09786
-5.61774
-5.63491
-5.13903
-5.12647
-5.65088
-5.66557
-2.47332
-2.90887
-3.18796
-2.74314
-3.35764
-3.82094
-4.12143
-3.64694
-3.94274
-4.429
-4.74386
-4.24523
-3.01828
-3.47294
-3.76404
-3.29895
-4.30013
-4.79653
-5.12229
-4.61277
-5.3115
-5.84637
-6.20124
-5.65133
-6
-6.56553
-6.93947
-6.35772
-4.93307
-5.45629
-5.79876
-5.26125
-5.59753
-6.14991
-6.50995
-5.9421
-6.72471
-7.32326
-7.71712
-7.10118
-7.48733
-8.12125
-8.53587
-7.88339
-6.29519
-6.87909
-7.25754
-6.65701
-3.58535
-4.06147
-4.36544
-3.87771
-4.55465
-5.06622
-5.39629
-4.87118
-5.19506
-5.73429
-6.08043
-5.52649
-4.17623
-4.67615
-4.99383
-4.48112
-4.7926
-5.31868
-5.65092
-5.11087
-5.86568
-6.43492
-6.79798
-6.21284
-6.56819
-7.1698
-7.55062
-6.93194
-5.43616
-5.99076
-6.3384
-5.76867
-7.02776
-7.64553
-8.04325
-7.40767
-8.28956
-8.9612
-9.39745
-8.70606
-9.1331
-9.84482
-10.3035
-9.57089
-7.79693
-8.45092
-8.86875
-8.19578
-8.6044
-9.29696
-9.73576
-9.02303
-10.0196
-10.7738
-11.2558
-10.4796
-10.9509
-11.7498
-12.256
-11.4338
-9.45187
-10.1854
-10.646
-9.89113
-6.10862
-6.69407
-7.05798
-6.45621
-7.3043
-7.94063
-8.34005
-7.68548
-8.0757
-8.7491
-9.16798
-8.47517
-6.81166
-7.43033
-7.81135
-7.17518
-2.87058
-3.32641
-3.60859
-3.14265
-3.7978
-4.28608
-4.59136
-4.09105
-4.39013
-4.90306
-5.2214
-4.69525
-3.41938
-3.89601
-4.18889
-3.70097
-3.98766
-4.48744
-4.79188
-4.27964
-5.00664
-5.54658
-5.87883
-5.3245
-5.64904
-6.21834
-6.56534
-5.98048
-4.57712
-5.10242
-5.41926
-4.88033
