FiniteElementSpace
FiniteElementCollection: H1_3D_P1
VDim: 3
Ordering: 1

0 0 0
0.00979507 0.00392675 0.021413
0.0100751 -0.00063516 0.0731442
-0.00451505 -0.00527325 0.136473
-0.0339145 -0.0102505 0.192995
-0.0780151 -0.0153574 0.224686
-0.134471 -0.0182917 0.21341
-0.187638 -0.0110349 0.140477
-0.212321 -0.00265817 0.0448776
0 0 0
0.00979507 -0.00392675 0.021413
0.0100751 0.00063516 0.0731442
-0.00451505 0.00527325 0.136473
-0.0339145 0.0102505 0.192995
-0.0780151 0.0153574 0.224686
-0.134471 0.0182917 0.21341
-0.187638 0.0110349 0.140477
-0.212321 0.00265817 0.0448776
0 0 0
-0.0209358 -0.00770981 0.0247661
-0.0425781 -0.00497483 0.0778879
-0.0603599 -0.00317913 0.143975
-0.0752756 -0.00173765 0.20437
-0.0868814 -0.000114617 0.239815
-0.0943426 0.00172482 0.228982
-0.10194 0.000301783 0.148781
-0.114745 -0.0016634 0.0463907
0 0 0
-0.0209358 0.00770981 0.0247661
-0.0425781 0.00497483 0.0778879
-0.0603599 0.00317913 0.143975
-0.0752756 0.00173765 0.20437
-0.0868814 0.000114617 0.239815
-0.0943426 -0.00172482 0.228982
-0.10194 -0.000301783 0.148781
-0.114745 0.0016634 0.0463907
0.0045927 0.0049043 0.00646549
0.0101832 1.4315e-17 0.0240688
0.0045927 -0.0049043 0.00646549
0 0 0
-0.00854777 -0.00794028 0.00918708
-0.0208994 -1.88895e-18 0.0275037
-0.00854777 0.00794028 0.00918708
0 0 0
0 0 0
-0.00525184 -0.00184347 0.0221282
-0.00525184 0.00184347 0.0221282
0 0 0
0.0117815 0.00165343 0.0446211
0.0108667 2.88853e-17 0.0741881
0.0117815 -0.00165343 0.0446211
-0.0323542 -0.00622968 0.0485321
-0.0427604 -1.37309e-17 0.0788214
-0.0323542 0.00622968 0.0485321
-0.0158799 -0.00276499 0.0751207
-0.0158799 0.00276499 0.0751207
0.00463422 -0.00292308 0.104525
-0.00358043 -4.46329e-18 0.136069
0.00463422 0.00292308 0.104525
-0.051846 -0.00399219 0.110472
-0.0603625 1.65066e-17 0.143468
-0.051846 0.00399219 0.110472
-0.032008 -0.00420721 0.140448
-0.032008 0.00420721 0.140448
-0.0173646 -0.00771809 0.166718
-0.0328755 1.20478e-17 0.191086
-0.0173646 0.00771809 0.166718
-0.0681808 -0.0024473 0.176067
-0.0752139 1.09763e-17 0.202481
-0.0681808 0.0024473 0.176067
-0.0541463 -0.00595877 0.199526
-0.0541463 0.00595877 0.199526
-0.0541559 -0.0128339 0.213058
-0.077177 -6.95264e-18 0.221077
-0.0541559 0.0128339 0.213058
-0.0815548 -0.000985478 0.226459
-0.0869408 -4.97865e-18 0.236571
-0.0815548 0.000985478 0.226459
-0.0820614 -0.00769549 0.233719
-0.0820614 0.00769549 0.233719
-0.105153 -0.017472 0.22562
-0.13488 8.36377e-18 0.208449
-0.105153 0.017472 0.22562
-0.0911153 0.000883189 0.241702
-0.0945648 -1.66019e-18 0.224877
-0.0911153 -0.000883189 0.241702
-0.114455 -0.00839369 0.22303
-0.114455 0.00839369 0.22303
-0.163371 -0.0163472 0.185423
-0.18955 -1.63465e-18 0.13776
-0.163371 0.0163472 0.185423
-0.0973842 0.00166918 0.198362
-0.10211 1.50259e-17 0.146275
-0.0973842 -0.00166918 0.198362
-0.145547 -0.00540882 0.145649
-0.145547 0.00540882 0.145649
-0.20368 -0.00522303 0.0876482
-0.213763 5.72265e-17 0.0446268
-0.20368 0.00522303 0.0876482
-0.108586 -0.00114935 0.0912503
-0.114931 4.50366e-17 0.0458517
-0.108586 0.00114935 0.0912503
-0.164234 -0.00210134 0.0457901
-0.164234 0.00210134 0.0457901
0.00453127 1.24314e-17 0.00920353
-0.00169658 -0.001299 0.0063978
-0.00501621 -9.91454e-18 0.0246123
-0.00169658 0.001299 0.0063978
0 0 0
-0.00810602 -6.65577e-18 0.011735
0.0124694 2.81286e-17 0.0464408
-0.00995214 -0.00224044 0.0458656
-0.0155716 1.45274e-17 0.0761137
-0.00995214 0.00224044 0.0458656
-0.0325689 1.6555e-17 0.0503162
0.00549591 -6.08528e-18 0.104841
-0.0231996 -0.00343215 0.107416
-0.0315401 2.57073e-17 0.139993
-0.0231996 0.00343215 0.107416
-0.0519309 -1.08506e-17 0.110664
-0.0163637 1.93036e-17 0.165579
-0.0423294 -0.00505939 0.171924
-0.0535928 -5.73855e-18 0.197623
-0.0423294 0.00505939 0.171924
-0.0681321 -5.60775e-18 0.174869
-0.0531451 9.53398e-18 0.210328
-0.0674172 -0.00686278 0.220918
-0.0816503 1.94769e-17 0.230336
-0.0674172 0.00686278 0.220918
-0.0815288 -3.30582e-17 0.223883
-0.10476 2.52151e-18 0.221156
-0.0978902 -0.00830533 0.235388
-0.114743 -5.67557e-18 0.21871
-0.0978902 0.00830533 0.235388
-0.0912789 -7.05311e-18 0.23788
-0.164737 1.45329e-17 0.180965
-0.130835 -0.00749852 0.193516
-0.146628 3.27207e-17 0.143094
-0.130835 0.00749852 0.193516
-0.0975877 1.17043e-17 0.194642
-0.205444 -3.91333e-17 0.0867966
-0.156907 -0.00312325 0.0898132
-0.165083 -3.38599e-17 0.0453239
-0.156907 0.00312325 0.0898132
-0.108756 6.45771e-18 0.0901869
-0.00150336 -6.31641e-20 0.00903632
-0.00970844 5.99334e-18 0.0476177
-0.0228081 -8.19132e-19 0.107676
-0.0418034 -3.61992e-19 0.170751
-0.0668888 -1.92941e-17 0.218272
-0.0977424 -2.05554e-17 0.231368
-0.131625 -2.18108e-17 0.189634
-0.157916 2.41451e-17 0.0887961
