FiniteElementSpace
FiniteElementCollection: H1_3D_P1
VDim: 3
Ordering: 1

0 0 0
0.0116291 0.00622068 0.0114157
0.0168884 0.00267177 0.0386308
0.00985563 -0.00116596 0.0708421
-0.00934271 -0.00557758 0.0989835
-0.0404027 -0.0101537 0.114931
-0.0791093 -0.010972 0.110263
-0.105257 0.000446632 0.0746092
-0.113267 0.0047412 0.0463252
0 0 0
0.0116291 -0.00622068 0.0114157
0.0168884 -0.00267177 0.0386308
0.00985563 0.00116596 0.0708421
-0.00934271 0.00557758 0.0989835
-0.0404027 0.0101537 0.114931
-0.0791093 0.010972 0.110263
-0.105257 -0.000446632 0.0746092
-0.113267 -0.0047412 0.0463252
0 0 0
-0.0194557 -0.00742953 0.0118668
-0.0379416 -0.00251254 0.0369524
-0.048498 0.00133277 0.0690106
-0.0521717 0.00458435 0.0988967
-0.048187 0.00813748 0.116329
-0.0352495 0.0119583 0.107501
-0.0210549 0.0110094 0.0589783
-0.0213349 0.00574877 0.0310899
0 0 0
-0.0194557 0.00742953 0.0118668
-0.0379416 0.00251254 0.0369524
-0.048498 -0.00133277 0.0690106
-0.0521717 -0.00458435 0.0988967
-0.048187 -0.00813748 0.116329
-0.0352495 -0.0119583 0.107501
-0.0210549 -0.0110094 0.0589783
-0.0213349 -0.00574877 0.0310899
0.00503963 0.00628746 0.00354057
0.0118242 6.05161e-17 0.0148435
0.00503963 -0.00628746 0.00354057
0 0 0
-0.00782396 -0.00800954 0.004701
-0.0196396 -1.87475e-18 0.0154791
-0.00782396 0.00800954 0.004701
0 0 0
0 0 0
-0.00372498 -0.00053312 0.0108655
-0.00372498 0.00053312 0.0108655
0 0 0
0.0157759 0.00450124 0.0237084
0.017619 4.0902e-17 0.0400323
0.0157759 -0.00450124 0.0237084
-0.0297637 -0.00492435 0.0229638
-0.0384504 -3.49722e-17 0.0381877
-0.0297637 0.00492435 0.0229638
-0.0103018 0.000141857 0.0374565
-0.0103018 -0.000141857 0.0374565
0.0149017 0.000808295 0.0547196
0.0108362 -1.58477e-17 0.0703334
0.0149017 -0.000808295 0.0547196
-0.044106 -0.00045535 0.0526688
-0.0487232 4.05881e-18 0.0683262
-0.044106 0.00045535 0.0526688
-0.0190063 0.000118368 0.070145
-0.0190063 -0.000118368 0.070145
0.00177106 -0.0032986 0.085943
-0.0081841 6.55393e-17 0.0964526
0.00177106 0.0032986 0.085943
-0.0512052 0.00297869 0.0848292
-0.0522846 2.97312e-17 0.0964113
-0.0512052 -0.00297869 0.0848292
-0.0304076 -0.000431867 0.0997128
-0.0304076 0.000431867 0.0997128
-0.0234546 -0.00793342 0.108966
-0.0396045 -2.5136e-17 0.110057
-0.0234546 0.00793342 0.108966
-0.0512437 0.00626278 0.109893
-0.0485033 1.92458e-17 0.112101
-0.0512437 -0.00626278 0.109893
-0.044054 -0.000925937 0.116958
-0.044054 0.000925937 0.116958
-0.0595523 -0.0116215 0.115837
-0.0801866 8.27466e-17 0.103838
-0.0595523 0.0116215 0.115837
-0.0427836 0.0101989 0.116343
-0.0358187 -1.41863e-17 0.102298
-0.0427836 -0.0101989 0.116343
-0.0575495 0.000451019 0.110346
-0.0575495 -0.000451019 0.110346
-0.0955608 -0.00657241 0.0964127
-0.10752 2.34173e-17 0.0717922
-0.0955608 0.00657241 0.0964127
-0.0270685 0.0123524 0.0875767
-0.0212129 -1.39777e-17 0.0558889
-0.0270685 -0.0123524 0.0875767
-0.0639005 0.00598898 0.0672193
-0.0639005 -0.00598898 0.0672193
-0.109336 0.00434036 0.0611453
-0.114388 1.46704e-16 0.0460961
-0.109336 -0.00434036 0.0611453
-0.0190925 0.00790061 0.0442183
-0.0211111 1.244e-16 0.0304106
-0.0190925 -0.00790061 0.0442183
-0.0675735 0.0053315 0.0388648
-0.0675735 -0.0053315 0.0388648
0.00479929 2.05774e-17 0.00687655
-0.00117242 -0.000645404 0.00297333
-0.00369511 -1.7781e-17 0.0141278
-0.00117242 0.000645404 0.00297333
0 0 0
-0.00746512 -1.52008e-17 0.0080488
0.0163433 9.721e-17 0.0261181
-0.00681183 -0.000141037 0.0227301
-0.0101877 1.96705e-17 0.0387749
-0.00681183 0.000141037 0.0227301
-0.0302991 3.89793e-17 0.0253521
0.0157553 -4.6047e-17 0.0551621
-0.0143262 0.000219754 0.0536391
-0.0186266 7.74082e-17 0.0695482
-0.0143262 -0.000219754 0.0536391
-0.0444683 2.16896e-17 0.0529073
0.00286607 8.96629e-17 0.084453
-0.0243771 -0.000116445 0.0858784
-0.0298811 -3.17833e-17 0.0971997
-0.0243771 0.000116445 0.0858784
-0.0513412 4.3273e-17 0.0832422
-0.022352 1.67748e-17 0.105306
-0.0370197 -0.000749356 0.110488
-0.0437878 7.00464e-17 0.112484
-0.0370197 0.000749356 0.110488
-0.0514172 -1.15566e-16 0.106518
-0.0594792 -3.54565e-17 0.109839
-0.0511494 -0.000684633 0.1176
-0.0583646 5.6361e-18 0.10482
-0.0511494 0.000684633 0.1176
-0.0432689 1.80995e-17 0.11141
-0.0976863 8.72804e-17 0.0911291
-0.0620663 0.00294123 0.093011
-0.0651503 5.05649e-17 0.0642911
-0.0620663 -0.00294123 0.093011
-0.0275343 4.44371e-17 0.0829524
-0.110963 -1.63699e-16 0.0603931
-0.0646509 0.0063425 0.0528186
-0.0680279 -2.41617e-16 0.0383298
-0.0646509 -0.0063425 0.0528186
-0.0189592 4.10948e-17 0.0428929
-0.0011111 2.81164e-18 0.00631696
-0.00678911 6.01786e-18 0.0250515
-0.0140772 1.36968e-17 0.0539873
-0.0238966 -2.44098e-17 0.0843336
-0.0365426 -5.51069e-17 0.106985
-0.0513258 -3.14489e-17 0.112328
-0.0633918 -6.68315e-17 0.0882837
-0.0654156 2.10965e-17 0.0516954
