FiniteElementSpace
FiniteElementCollection: H1_2D_P2
VDim: 1
Ordering: 0

1
0.818661
16.4934
-14.9884
-14.7039
-27.5065
16.845
8.28703
0.932311
-6.66935
-14.8701
-6.65137
-20.8921
-17.0876
8.51666
-6.66082
-11.6647
4.76563
4.67836
0.969029
-2.83009
-6.65908
-2.78283
-9.11365
-7.53598
12.541
16.6967
12.2511
8.41989
4.50747
0.884107
-2.89987
-6.66232
-10.5755
-14.7901
-10.6456
-14.9381
-10.6913
-17.8582
-16.0882
-24.1037
-22.0452
-14.3182
-12.5482
4.72958
-2.80652
-5.13381
12.4188
4.60625
-2.85929
-10.6107
-10.6744
-13.3266
-18.9899
-10.0029
2.87696
4.74914
2.84354
0.984874
6.67774
6.63886
8.55332
6.58012
4.70622
2.79966
0.951748
-0.914474
-2.79505
-0.88606
-0.945707
-2.81796
-4.73156
-6.66034
-4.71782
-6.65633
-4.70103
-3.95277
-7.87225
-7.09995
-10.3772
-9.56888
-6.32765
14.6522
10.4997
12.4852
10.3903
8.47242
16.7773
14.517
16.6023
14.3316
12.341
10.2401
8.35833
4.64528
2.7396
0.910005
6.49577
6.38005
4.56055
2.65758
0.853899
-0.985496
-2.84363
-1.0396
-2.8778
-4.77289
-6.66479
-4.748
-6.66124
-8.61298
-10.6285
-8.62858
-8.59996
-10.5928
-12.6065
-14.7474
-12.6661
-14.8312
-12.7225
-8.64102
-10.6847
-8.64456
-10.6611
-14.9059
-12.7698
-14.9658
-12.8024
-11.994
-11.1856
-16.4037
-15.5472
-19.3538
-18.4373
-14.6907
-13.8343
-17.5207
-16.6041
-12.9778
-22.4749
-21.4862
-25.7803
-24.7075
-20.4975
-19.5088
-15.6876
-8.76051
-12.1214
-14.771
-11.2649
2.86119
6.66042
6.61234
2.82327
-0.900273
-0.929379
-4.72471
-4.71016
-5.89259
-8.32482
10.5409
10.4497
14.5905
14.4309
10.3207
2.77202
6.54151
6.44219
2.70169
-0.964172
-1.0104
-4.75903
-4.73908
-8.62082
-8.60579
-12.6364
-12.6951
-8.64426
-8.63556
-12.7476
-12.7883
-9.90248
-14.1575
-16.9732
-12.4956
-15.2032
-19.941
-23.0744
-18.0388
-10.8338
-13.4332
1.93775
2.86927
1.92231
0.992482
3.8191
4.75772
3.80298
4.73978
3.78438
2.85265
1.90557
0.977086
5.71802
6.66957
5.70113
6.65022
5.68058
6.62627
5.65565
4.71842
7.57774
8.5359
7.54331
6.59698
5.62563
4.6929
2.83377
1.88681
0.960613
3.76258
3.73686
2.81193
1.8653
0.942344
0.0428344
-0.893212
0.0576383
0.0276757
-0.90733
-1.85876
-2.80083
-1.84579
-2.78908
-1.83244
0.0114464
-0.921794
-0.00657169
-0.937321
-1.88643
-2.8239
-1.87207
-2.8122
-3.76839
-4.72131
-3.75909
-3.77802
-4.72809
-5.69204
-6.66063
-5.68824
-6.65985
-5.68403
-3.74939
-4.70582
-3.73858
-4.71413
-6.65794
-5.67869
-6.65417
-5.67151
-5.29494
-4.91836
-3.36652
-7.25935
-6.87677
-8.49028
-8.10018
-6.49419
-6.1116
-4.54179
-7.71009
-7.31999
-5.72902
-9.74257
-9.34345
-11.0179
-10.6083
-8.94434
-8.54523
-6.9299
9.54056
10.5214
9.50164
10.4759
9.45455
8.49554
11.5123
12.5144
11.4595
12.4534
11.3966
10.4213
9.39858
8.44724
13.5871
14.6228
13.5284
15.7376
16.8128
15.673
16.7387
15.5959
14.5553
13.4584
14.4756
13.3765
12.3813
16.6512
15.5057
16.5497
15.4016
14.383
13.2819
12.2976
10.3568
9.333
8.39028
11.3229
11.2377
10.2818
9.25709
8.32394
2.78639
1.84034
0.921562
4.66252
3.70651
4.62655
3.6708
2.75645
1.81119
0.89755
6.56166
5.58979
7.5019
7.45277
6.51957
5.54742
6.47
5.49779
4.58428
7.39521
7.32851
6.41223
5.44019
4.53498
2.72138
1.77715
0.869587
3.62901
3.58042
2.68046
1.73748
0.836953
-0.0270928
-0.954627
-0.0508397
-0.974432
-1.9212
-2.85115
-1.90257
-2.83664
-0.078531
-0.997455
-0.110885
-1.02442
-1.96881
-2.88835
-1.94304
-2.86815
-3.81602
-4.7532
-3.80111
-3.83412
-4.76556
-5.71752
-6.66676
-5.70817
-6.66334
-5.70129
-3.78869
-4.73519
-4.74332
-6.66166
-5.69615
-6.66099
-7.63568
-8.62475
-7.63922
-7.63244
-8.61686
-9.60528
-10.6197
-9.61799
-10.6372
-9.63025
-7.63021
-8.60926
-7.62971
-8.60266
-9.58143
-10.584
-9.59286
-10.6017
-11.6068
-12.6513
-11.6305
-11.5834
-12.6214
-13.6463
-14.7257
-13.6828
-14.7689
-13.7189
-11.6538
-12.709
-11.6759
-12.6808
-14.8109
-13.7538
-14.851
-13.7868
-7.64441
-8.64482
-7.64194
-7.6443
-8.64297
-9.6506
-10.6799
-9.65724
-10.6885
-9.66058
-7.64233
-8.63853
-8.63221
-10.6536
-9.64136
-10.6681
-11.6961
-12.7591
-11.7137
-12.7354
-14.8884
-13.8171
-14.9225
-13.8442
-11.7279
-12.7959
-11.7381
-12.7796
-14.9525
-13.8671
-14.9778
-13.8853
-9.27047
-8.88038
-11.339
-10.9399
-12.6564
-12.2468
-10.5408
-10.1417
-13.4757
-13.0661
-15.6912
-15.2696
-17.1259
-16.6907
-14.8479
-14.4262
-16.2556
-15.8204
-14.0046
-18.6008
-18.1506
-20.1175
-19.6508
-17.7004
-17.2502
-15.3852
-11.8372
-11.4275
-13.5829
-14.95
-13.1613
-12.7396
-14.5149
-14.0797
-12.318
-16.8
-16.3498
-18.2506
-17.7839
-15.8996
-15.4494
-13.6445
-19.1841
-18.7173
-21.6778
-21.1931
-23.2834
-22.7791
-20.7083
-20.2236
-22.2748
-21.7705
-19.7388
-24.9359
-24.4106
-26.6371
-26.0892
-23.8853
-23.3599
-21.2662
-17.3171
-16.8504
-14.9992
-19.254
-20.7619
-18.7692
-18.2845
-16.3836
-10.1986
-9.789
-8.14611
-11.8963
-13.2093
-11.4747
-11.053
-9.37937
-12.7741
-12.339
-10.6314
-14.5489
-15.9169
-14.0987
-13.6485
-11.9038
1.93015
3.8113
3.79404
1.91415
5.70999
5.69136
5.66871
7.56135
5.64132
1.89649
3.77393
3.75026
1.87644
0.0502368
0.035344
-1.85228
-1.8392
0.0197398
0.00270589
-1.87907
-1.86533
-3.76375
-3.77312
-5.69015
-5.68623
-3.74417
-3.75434
-5.68155
-5.67538
-4.3269
-6.27197
-7.4861
-5.5132
-6.7138
-8.71923
-9.97306
-7.9304
9.52207
9.47916
11.4871
11.4293
9.42772
13.5591
15.7068
15.636
13.4949
13.419
15.5525
15.4554
13.3308
9.36703
11.3611
11.2817
9.29638
1.8533
3.72231
3.68937
1.82633
5.60848
7.52352
7.47834
5.56946
5.52355
7.42509
7.36305
5.47003
1.79483
3.65071
3.60561
1.75806
-0.0164739
-0.0385181
-1.91153
-1.89424
-0.0641474
-0.0940803
-1.95539
-1.93168
-3.80821
-3.82462
-5.71249
-5.70447
-3.78318
-3.79464
-5.69855
-5.69402
-7.63746
-7.63398
-9.61164
-9.62422
-7.63115
-7.6297
-9.58697
-9.59899
-11.6187
-11.595
-13.6645
-13.701
-11.665
-11.6423
-13.7365
-13.7706
-7.64354
-7.64463
-9.65429
-9.65937
-7.6435
-7.64087
-9.636
-9.64626
-11.7052
-11.6862
-13.8023
-13.8311
-11.7336
-11.7212
-13.8562
-13.8769
-8.2584
-10.2969
-11.5898
-9.50806
-12.3982
-14.5729
-15.9754
-13.742
-15.119
-17.4157
-18.8955
-16.5307
-10.7814
-12.9111
-14.2625
-12.0802
-13.4061
-15.6457
-17.0624
-14.7607
-17.979
-20.4166
-21.9805
-19.4655
-20.9918
-23.5891
-25.2439
-22.5598
-16.1459
-18.5143
-20.0031
-17.5632
-9.16469
-11.2493
-12.5496
-10.4184
-11.6931
-13.8757
-15.2293
-12.9907
1.46878
1.93397
1.46122
0.996247
2.40707
2.87315
2.39943
2.86528
2.39148
1.92626
1.4535
0.988695
3.34756
3.81526
3.33983
4.29172
4.76175
4.28387
4.75352
4.27542
3.80721
3.33163
3.79859
3.32289
2.85698
4.74456
4.26627
4.73479
4.25634
3.7893
3.31351
2.84817
1.91828
1.44553
0.981008
2.38313
2.37429
1.90992
1.43722
0.973097
5.241
5.7141
5.23303
6.19687
6.67377
6.18877
6.66512
6.17977
5.70567
5.22431
5.69636
5.21475
6.65546
6.16979
6.64469
6.15872
5.6861
5.20426
5.67479
5.19275
4.72412
6.63273
6.14649
6.61947
6.133
5.66233
5.18012
4.71246
7.09386
7.56975
7.07799
6.60484
8.06417
8.54483
8.04726
8.52651
8.02862
7.55255
7.06054
6.58875
5.64865
5.1663
4.69971
6.11816
6.10188
5.63365
5.15118
4.68579
1.9011
1.42847
0.964872
2.83874
2.36486
2.82862
2.35477
1.89173
1.4192
0.956243
3.77926
3.3034
4.24554
4.23377
3.76837
3.29248
3.75655
3.28065
2.81771
4.22095
4.20698
3.7437
3.26782
2.80592
1.88172
1.40931
0.947119
2.34392
2.33222
1.87098
1.39873
0.937412
0.521426
0.0539336
0.528907
0.513904
0.0465412
-0.428502
-0.896748
-0.421253
-0.889651
-0.413955
0.506248
0.0391058
0.498368
0.0315377
-0.443216
-0.910886
-0.435793
-0.903796
-1.37944
-1.84904
-1.37264
-1.38627
-1.85551
-2.33212
-2.80368
-2.32602
-2.79796
-2.31986
-1.36581
-1.83585
-1.35882
-1.84251
-2.79209
-2.31357
-2.78599
-2.30704
0.490175
0.0237468
0.481579
0.0156434
-0.458817
-0.925548
-0.450861
-0.918106
0.47249
0.00713771
0.462818
-0.00186013
-0.476024
-0.941453
-0.467175
-0.9333
-1.4079
-1.87553
-1.40041
-1.41579
-1.8827
-2.35781
-2.82696
-2.35102
-2.8209
-2.34453
-1.39323
-1.86203
-1.86867
-2.81506
-2.33826
-2.80935
-3.2873
-3.76143
-3.28212
-3.29253
-3.76607
-4.24573
-4.72302
-4.24169
-4.71958
-4.2376
-3.29787
-3.77074
-3.30344
-3.77554
-4.25401
-4.72981
-4.24981
-4.7264
-5.20815
-5.6892
-5.20549
-5.21085
-5.69109
-6.17531
-6.66073
-6.17425
-6.6605
-6.17314
-5.20277
-5.68516
-5.1999
-5.68726
-6.66012
-6.17187
-6.65951
-6.17037
-3.26589
-3.74142
-3.25995
-3.2715
-3.74682
-4.22889
-4.70804
-4.22409
-4.70349
-4.21888
-3.27688
-3.75189
-3.75673
-4.716
-4.23336
-4.71218
-5.1968
-5.68017
-5.19337
-5.68283
-6.65856
-6.16854
-6.6572
-6.16629
-5.18953
-5.67351
-5.18518
-5.6771
-6.65532
-6.16353
-6.65285
-6.16018
-4.03236
-3.84583
-3.07436
-4.99753
-4.80987
-5.59328
-5.40431
-4.62222
-4.43457
-3.65931
-5.97121
-5.78225
-6.95475
-6.76429
-7.56517
-7.37301
-6.57382
-6.38335
-7.18085
-6.98869
-6.19288
-8.18061
-7.98657
-8.80128
-8.60518
-7.79254
-7.5985
-6.79653
-5.21535
-5.02638
-4.24692
-6.00241
-6.60437
-5.81194
-5.62147
-4.83741
-6.41221
-6.22006
-5.431
-7.40446
-7.21042
-8.01687
-7.82076
-7.01638
-6.82234
-6.0279
-8.40907
-8.21297
-9.4274
-9.22904
-10.0592
-9.85837
-9.03068
-8.83232
-9.65757
-9.45677
-8.63397
-10.6968
-10.4934
-11.3405
-11.1343
-10.29
-10.0865
-9.25597
-7.62466
-7.42855
-6.62831
-8.43561
-9.05517
-8.23725
-8.03889
-7.23245
9.04539
9.53155
9.02744
10.039
10.5314
10.02
10.5108
9.99894
9.51211
9.0076
9.49066
8.9858
8.50634
10.4881
9.97579
10.4631
9.95042
9.46713
8.96195
8.48423
11.0041
11.5
10.9796
12.0245
12.528
11.9986
12.5001
11.9702
11.4736
10.9527
11.4447
10.9234
10.4358
12.4696
11.9392
12.4364
11.9056
11.4133
10.8915
10.4061
9.44142
8.93594
8.4601
9.92277
9.89272
9.41344
8.90769
8.43384
13.0617
13.5734
13.0345
14.1172
14.6378
14.0885
14.607
14.057
13.5441
13.0045
15.1923
15.7226
15.1621
16.2885
16.8293
16.257
16.7955
16.2223
15.6903
15.1291
15.6549
15.093
14.5732
16.7584
16.1845
16.7181
16.1435
15.6164
15.0538
14.5365
13.512
12.9718
14.0226
13.9852
13.477
12.9363
13.4391
12.8979
12.4004
14.4967
13.9448
14.4537
13.9013
13.3982
12.8565
12.3615
15.5746
15.0114
16.6744
16.099
16.6272
16.0511
15.5295
14.9657
15.481
14.9166
14.4074
16.5764
15.9997
16.522
15.9447
15.429
14.864
14.3577
13.3541
12.812
12.3197
13.8545
13.8043
13.3068
12.7642
12.2747
9.38311
8.87712
8.40537
10.3739
9.8602
10.3391
9.82512
9.35033
8.84413
8.3746
11.3792
10.8571
11.8691
11.8298
11.3423
10.8199
11.3027
10.7799
10.3016
11.7876
11.7423
11.2601
10.737
10.2613
9.31502
8.80863
8.34145
9.78738
9.7469
9.27707
8.77053
8.30581
1.85941
1.38735
0.927033
2.79316
2.31958
2.77935
2.30592
1.84694
1.37509
0.915891
3.72974
3.25391
4.67061
4.19179
4.65408
4.17527
3.71457
3.23882
3.69811
3.22247
2.76439
4.63611
4.15733
4.6166
4.1379
3.68027
3.20476
2.74819
1.83347
1.36187
0.903896
2.29113
2.27514
1.81891
1.34758
0.890958
5.61724
5.13469
6.5711
6.08408
6.5518
6.06466
5.59933
5.11672
7.53364
7.04141
8.00817
7.9858
7.51295
7.02053
7.49037
6.99778
6.53077
7.96143
7.93497
7.46581
6.9731
6.50791
5.57984
5.0972
6.04353
6.0206
5.55866
5.07603
5.53572
5.05311
4.59548
6.48314
5.99579
6.45636
5.969
5.51092
5.02837
4.57264
7.4392
6.94638
7.90633
7.87542
7.41043
6.91753
7.37942
6.88647
6.42749
7.84215
7.80642
7.34608
6.85311
6.39643
5.48417
5.0017
4.548
5.94015
5.90914
5.45538
4.97303
4.52147
1.80317
1.33213
0.876988
2.73067
2.25785
2.71172
2.23917
1.78616
1.31545
0.861895
3.66095
3.1856
4.11687
4.09416
3.64006
3.16491
3.61753
3.1426
2.69128
4.06968
4.04333
3.59325
3.11857
2.66923
1.76778
1.29744
0.845589
2.21901
2.19728
1.74796
1.278
0.827981
0.452475
-0.0114388
0.44137
-0.0216881
-0.495551
-0.959316
-0.485452
-0.950095
0.429413
-0.032699
0.416514
-0.0445613
-0.518121
-0.979858
-0.506411
-0.969207
-1.44275
-1.90697
-1.43312
-1.45313
-1.91627
-2.38987
-2.85514
-2.38094
-2.84732
-2.37268
-1.42417
-1.89027
-1.89833
-2.84007
-2.36501
-2.83332
0.402583
-0.0573647
0.38753
-0.0711991
-0.544451
-1.0038
-0.530771
-0.991358
0.371266
-0.0861543
0.3537
-0.10232
-0.575262
-1.03186
-0.559252
-1.01727
-1.48974
-1.94909
-1.47654
-1.50406
-1.96196
-2.43403
-2.89398
-2.42154
-2.88296
-2.41007
-1.46437
-1.92633
-1.93724
-2.87287
-2.39955
-2.86363
-3.33765
-3.80458
-3.32965
-3.34639
-3.81202
-4.28684
-4.75603
-4.28001
-4.75053
-4.27384
-3.35599
-3.82022
-3.36652
-3.82925
-4.30285
-4.76912
-4.29443
-4.7622
-5.23819
-5.71025
-5.23275
-5.24438
-5.71491
-6.19245
-6.66797
-6.18862
-6.6657
-6.18546
-5.22797
-5.70282
-5.22376
-5.70625
-6.664
-6.18287
-6.66278
-6.18075
-3.30931
-3.78056
-3.31558
-3.78588
-4.26313
-4.7371
-4.25842
-4.73335
-3.32233
-3.7916
-3.7978
-4.7456
-4.26824
-4.74115
-5.22003
-5.69731
-5.2167
-5.69987
-6.66195
-6.17903
-6.66142
-6.17761
-5.21367
-5.69302
-5.69506
-6.6611
-6.1764
-6.6609
-7.14796
-7.63835
-7.14873
-7.14721
-7.63657
-8.12683
-8.62279
-8.12967
-8.62669
-8.13245
-7.14658
-7.63482
-7.14616
-7.63318
-8.12132
-8.61491
-8.12402
-8.61884
-9.11268
-9.61482
-9.11781
-9.10758
-9.60846
-10.1063
-10.6152
-10.1139
-10.6241
-10.1215
-9.12288
-9.62727
-9.1278
-9.62112
-10.6329
-10.1289
-10.6414
-10.1361
-7.14604
-7.63176
-7.14631
-7.63063
-8.11665
-8.60749
-8.11884
-8.61109
-7.14706
-7.6299
-7.14838
-7.62964
-8.11352
-8.60125
-8.11485
-8.60418
-9.09331
-9.58988
-9.0978
-9.08921
-9.58415
-10.0768
-10.5797
-10.0838
-10.5883
-10.0911
-9.10259
-9.60212
-9.5959
-10.5972
-10.0986
-10.6062
-11.1083
-11.6246
-11.1187
-11.0979
-11.6127
-12.1196
-12.6439
-12.133
-12.6588
-12.1463
-11.0877
-11.6009
-11.0776
-11.5892
-12.093
-12.614
-12.1062
-12.6289
-13.1408
-13.6737
-13.1574
-13.1242
-13.6554
-14.1728
-14.7148
-14.1928
-14.7366
-14.2128
-13.1739
-13.71
-13.1903
-13.6919
-14.7582
-14.2326
-14.7795
-14.2521
-11.1492
-11.6705
-11.1588
-11.1392
-11.6594
-12.1723
-12.7021
-12.1849
-12.7158
-12.1971
-11.1291
-11.648
-11.6364
-12.6735
-12.1594
-12.688
-13.2064
-13.7452
-13.2222
-13.7278
-14.8005
-14.2713
-14.8211
-14.2901
-13.2375
-13.7787
-13.2523
-13.7622
-14.8412
-14.3083
-14.8606
-14.3259
-7.14745
-7.64283
-7.14522
-7.14898
-7.64406
-8.14278
-8.64464
-8.14261
-8.6448
-8.14165
-7.14991
-7.64459
-7.15033
-7.64453
-8.14114
-8.64207
-8.14226
-8.6437
-9.14692
-9.65586
-9.14903
-9.14412
-9.65253
-10.1606
-10.6772
-10.1652
-10.6824
-10.1691
-9.15035
-9.66009
-9.1508
-9.65841
-10.6867
-10.172
-10.69
-10.174
-7.15034
-7.64395
-7.15001
-7.64296
-8.13746
-8.63709
-8.13951
-8.63984
-7.14945
-7.64163
-7.64006
-8.63043
-8.13507
-8.63393
-9.13247
-9.63873
-9.13681
-9.63317
-10.6496
-10.143
-10.6574
-10.1494
-9.14072
-9.64851
-9.64388
-10.6646
-10.1553
-10.6713
-11.1846
-11.7095
-11.192
-11.1766
-11.7007
-12.2197
-12.7535
-12.23
-12.7646
-12.2395
-11.1679
-11.6912
-11.6811
-12.729
-12.2087
-12.7416
-13.2665
-13.8098
-13.2801
-13.7946
-14.8793
-14.3429
-14.8973
-14.359
-13.2928
-13.8378
-13.3046
-13.8242
-14.9143
-14.3743
-14.9304
-14.3886
-11.209
-11.736
-11.2126
-11.2042
-11.7309
-12.2559
-12.7923
-12.2625
-12.7993
-12.268
-11.1986
-11.7247
-11.7176
-12.7748
-12.2482
-12.7841
-13.3155
-13.8618
-13.3253
-13.8503
-14.9455
-14.4018
-14.9593
-14.4139
-13.334
-13.8813
-13.3414
-13.8722
-14.972
-14.4248
-14.9833
-14.4343
-7.94949
-7.75733
-8.95677
-8.76273
-9.5857
-9.3896
-8.56869
-8.37465
-9.97791
-9.78181
-11.0143
-10.8159
-11.6656
-11.4648
-10.6176
-10.4192
-11.264
-11.0632
-10.2208
-12.3243
-12.1208
-12.9905
-12.7843
-11.9174
-11.714
-10.8624
-9.19349
-8.99739
-10.0225
-10.6616
-9.82411
-9.62576
-12.0672
-11.8664
-13.138
-12.9346
-13.8155
-13.6093
-12.7311
-12.5277
-14.228
-14.0218
-15.3386
-15.1294
-16.0462
-15.8338
-14.9201
-14.7108
-15.6213
-15.4089
-14.5016
-16.7636
-16.5477
-17.4908
-17.2714
-16.3319
-16.1161
-15.1964
-13.403
-13.1968
-14.2923
-14.984
-14.0831
-13.8738
-14.7715
-14.5591
-13.6646
-15.9002
-15.6844
-16.6132
-16.3938
-15.4686
-15.2527
-14.3466
-17.052
-16.8326
-18.2282
-18.0051
-18.976
-18.7489
-17.7819
-17.5588
-18.5218
-18.2947
-17.3356
-19.7343
-19.5031
-20.5035
-20.2679
-19.2719
-19.0406
-18.0676
-16.1744
-15.955
-15.0369
-17.1124
-17.8405
-16.8893
-16.6661
-15.7356
-10.4608
-10.26
-11.5105
-11.3071
-12.1655
-11.9593
-11.1037
-10.9002
-12.578
-12.3718
-13.4553
-14.1342
-13.2461
-13.0368
-13.9217
-13.7093
-12.8276
-14.8211
-15.5162
-14.6053
-14.3894
-13.4968
-11.753
-11.5468
-12.6183
-13.2844
-12.4091
-12.1998
-13.072
-12.8595
-11.9906
-14.1736
-13.9578
-14.858
-14.6387
-13.742
-13.5261
-12.6471
-15.2968
-15.0774
-16.443
-16.2198
-17.1592
-16.9321
-15.9967
-15.7735
-16.705
-16.4779
-15.5504
-17.8845
-17.6533
-18.6191
-18.3835
-17.422
-17.1908
-16.2508
-14.4193
-14.1999
-13.3103
-15.3272
-16.0237
-15.1041
-14.8809
-13.9805
-17.6134
-17.3863
-18.8094
-18.5782
-19.5613
-19.3257
-18.347
-18.1157
-20.0324
-19.7968
-21.2836
-21.0435
-22.0749
-21.8302
-20.8035
-20.5634
-21.5854
-21.3407
-20.3234
-22.8777
-22.6281
-23.6921
-23.4374
-22.3784
-22.1288
-21.0959
-19.0902
-18.8546
-20.0833
-20.8512
-19.8432
-19.6032
-20.6064
-20.3617
-19.3631
-21.8791
-21.6295
-22.6732
-22.4185
-21.3799
-21.1302
-20.1169
-23.1827
-22.928
-24.5183
-24.2583
-25.3566
-25.0912
-23.9984
-23.7384
-24.8258
-24.5604
-23.4784
-26.2072
-25.9361
-27.0702
-26.7933
-25.6651
-25.394
-24.2949
-22.1638
-21.9091
-20.8806
-23.2185
-24.0295
-22.9585
-22.6985
-21.6544
-15.7966
-15.5695
-14.6578
-16.9596
-16.7283
-17.6769
-17.4413
-16.4971
-16.2659
-15.3424
-18.148
-17.9124
-19.1231
-19.8721
-18.883
-18.6429
-19.6274
-19.3826
-18.4029
-20.6309
-21.3997
-20.3813
-20.1316
-19.1379
-17.2057
-16.9702
-16.0346
-18.1628
-18.8931
-17.9228
-17.6827
-16.7346
-8.85437
-8.65357
-7.84053
-9.88309
-9.67966
-10.5155
-10.3093
-9.47623
-9.2728
-8.45276
-10.928
-10.7218
-11.7813
-12.4346
-11.572
-11.3628
-12.2222
-12.0097
-11.1535
-13.0945
-13.7611
-12.8786
-12.6628
-11.7973
-10.103
-9.89679
-9.06937
-10.9443
-11.5848
-10.735
-10.5258
-9.69054
-11.3724
-11.1599
-10.3165
-12.447
-12.2312
-13.1029
-12.8835
-12.0153
-11.7995
-10.9475
-13.5417
-13.3223
-14.4346
-15.1153
-14.2114
-13.9883
-14.8882
-14.6611
-13.7651
-15.8034
-16.4991
-15.5722
-15.3409
-14.434
-12.6641
-12.4447
-11.5837
-13.542
-14.2069
-13.3188
-13.0957
-12.2253
1.46502
2.40329
2.3955
1.45739
3.34375
4.28786
4.27973
3.33579
3.32733
4.27094
4.26141
3.31828
1.44956
2.38736
2.37877
1.44142
5.2371
6.19293
6.18439
5.22877
5.21964
6.17491
6.16439
5.20963
5.19864
6.15276
6.1399
5.18658
7.08611
8.05592
8.03817
7.06947
5.17337
6.12575
6.1102
5.15891
1.4329
2.36965
2.35991
1.4239
3.30855
4.25106
4.23978
3.29805
3.28668
4.2275
4.21411
3.27436
1.41434
2.34945
2.33818
1.40411
0.525165
0.517676
-0.424878
-0.417616
0.510098
0.502342
-0.439482
-0.432137
-1.37604
-1.38284
-2.32907
-2.32295
-1.36234
-1.36924
-2.31674
-2.31034
0.494317
0.485933
-0.454794
-0.447005
0.477102
0.467732
-0.471533
-0.46294
-1.40411
-1.41179
-2.35437
-2.34774
-1.38972
-1.39678
-2.34137
-2.33518
-3.28471
-3.2899
-4.24371
-4.23966
-3.29518
-3.30062
-4.25188
-4.24776
-5.20682
-5.20949
-6.17478
-6.17371
-5.20136
-5.20414
-6.17253
-6.17116
-3.26296
-3.26873
-4.22654
-4.22154
-3.27421
-3.27951
-4.2355
-4.23116
-5.19513
-5.19839
-6.1695
-6.16747
-5.18742
-5.19151
-6.16498
-6.16194
-3.55255
-4.51396
-5.10665
-4.13983
-5.48322
-6.46167
-7.06806
-6.08228
-6.68548
-7.67918
-8.29523
-7.29303
-4.73008
-5.70289
-6.3029
-5.3235
-5.92031
-6.90687
-7.51504
-6.52072
-7.90514
-8.91644
-9.54301
-8.52202
-9.1439
-10.1752
-10.8131
-9.77097
-7.12495
-8.12761
-8.74479
-7.73319
9.03664
10.0297
10.0097
9.01776
8.99696
9.98763
9.96339
8.97414
10.9921
12.0119
11.9848
10.9664
10.9384
11.9551
11.9228
10.9078
8.94922
9.93689
9.90805
8.9221
13.0484
14.1032
14.0731
13.0198
15.1776
16.2731
16.24
15.146
15.1114
16.2038
16.1644
15.0738
12.9885
14.0402
14.0043
12.9544
12.9175
13.9654
13.9235
12.8776
15.033
16.1217
16.0755
14.9889
14.9415
16.0259
15.9727
14.8907
12.8346
13.8783
13.8298
12.7885
8.8927
9.87678
9.84299
8.86093
10.8746
11.8877
11.8498
10.8388
10.8002
11.8091
11.7653
10.7588
8.8267
9.80659
9.76749
8.78991
1.39314
2.32602
2.31288
1.38134
3.261
4.19954
4.1837
3.24652
3.23081
4.16648
4.14781
3.21379
1.36861
2.29867
2.28329
1.35486
5.14311
6.09317
6.07457
5.1259
7.05119
8.01863
7.99723
7.0312
7.00939
7.97387
7.94847
6.98569
5.10716
6.05431
6.0323
5.08682
5.06479
6.00844
5.98265
5.04097
6.96
7.92093
7.89116
6.93223
6.90229
7.85908
7.8246
6.87009
5.01528
5.95484
5.92492
4.98762
1.34
2.26666
2.24868
1.32395
3.19537
4.12759
4.10573
3.17546
3.15396
4.08214
4.05674
3.1308
1.30662
2.22928
2.20835
1.2879
0.457736
0.447024
-0.490412
-0.48066
0.435504
0.423087
-0.512154
-0.50088
-1.43785
-1.44784
-2.38531
-2.37674
-1.41991
-1.42857
-2.36878
-2.36135
0.409683
0.395202
-0.537477
-0.524323
0.379555
0.362651
-0.5671
-0.551706
-1.48301
-1.49675
-2.42765
-2.41568
-1.45864
-1.47033
-2.4047
-2.39461
-3.33356
-3.34192
-4.28334
-4.27685
-3.35108
-3.36113
-4.29853
-4.29053
-5.23538
-5.24119
-6.19045
-6.18697
-5.2258
-5.23028
-6.1841
-6.18176
-3.30633
-3.31239
-4.26073
-4.25618
-3.31888
-3.32591
-4.27098
-4.26563
-5.21832
-5.22184
-6.17985
-6.17829
-5.21224
-5.21515
-6.17699
-6.17585
-7.14834
-7.14757
-8.12825
-8.13107
-7.14687
-7.14634
-8.12265
-8.12541
-9.11525
-9.11012
-10.1101
-10.1177
-9.12536
-9.12036
-10.1252
-10.1326
-7.14606
-7.14612
-8.1177
-8.12005
-7.14662
-7.14764
-8.11412
-8.11569
-9.09551
-9.09121
-10.0803
-10.0874
-9.10506
-9.10016
-10.0949
-10.1024
-11.1135
-11.1031
-12.1263
-12.1396
-11.0928
-11.0826
-12.0996
-12.1129
-13.1491
-13.1325
-14.1828
-14.2028
-13.1821
-13.1657
-14.2227
-14.2424
-11.154
-11.1442
-12.1787
-12.191
-11.1342
-11.1239
-12.1529
-12.1659
-13.2143
-13.1984
-14.2617
-14.2807
-13.245
-13.2299
-14.2993
-14.3172
-7.14643
-7.14829
-8.14278
-8.14223
-7.14951
-7.15018
-8.14177
-8.1426
-9.14807
-9.1456
-10.163
-10.1673
-9.15069
-9.1498
-10.1707
-10.1731
-7.15038
-7.15021
-8.13853
-8.14038
-7.14975
-7.1491
-8.13378
-8.1363
-9.13468
-9.13017
-10.1396
-10.1462
-9.14249
-9.13882
-10.1524
-10.1581
-11.1884
-11.1807
-12.2249
-12.2349
-11.1723
-11.1634
-12.2029
-12.2143
-13.2734
-13.2595
-14.3345
-14.3511
-13.2988
-13.2865
-14.3668
-14.3816
-11.2109
-11.2067
-12.2593
-12.2654
-11.2015
-11.1954
-12.244
-12.2522
-13.3206
-13.3102
-14.3954
-14.408
-13.3379
-13.3298
-14.4195
-14.4297
-7.45064
-8.45148
-9.07542
-8.06533
-9.46552
-10.4941
-11.1395
-10.0997
-10.7403
-11.7919
-12.4516
-11.3877
-8.68533
-9.70527
-10.3412
-9.31085
-11.5386
-12.6003
-13.2709
-12.1961
-13.6805
-14.7807
-15.4804
-14.3652
-15.0587
-16.1895
-16.9083
-15.7613
-12.8612
-13.9497
-14.6371
-13.5343
-14.2154
-15.3331
-16.038
-14.9048
-16.4732
-17.637
-18.3757
-17.1945
-17.9255
-19.1247
-19.8842
-18.6664
-15.6028
-16.752
-17.4753
-16.3095
-9.94212
-10.9835
-11.6323
-10.5793
-12.042
-13.1188
-13.7938
-12.7034
-13.3721
-14.4766
-15.1676
-14.0484
-11.2227
-12.2879
-12.9505
-11.8725
-12.5288
-13.6202
-14.2973
-13.1919
-14.7324
-15.867
-16.5749
-15.4245
-16.1247
-17.2916
-18.0172
-16.8333
-13.8621
-14.982
-15.6745
-14.5395
-17.0251
-18.2081
-18.9507
-17.7498
-19.4174
-20.6544
-21.4355
-20.1788
-20.9507
-22.2277
-23.0313
-21.7334
-18.484
-19.7032
-20.4659
-19.2277
-19.9812
-21.239
-22.0227
-20.7447
-22.527
-23.8464
-24.6733
-23.3318
-24.1479
-25.5121
-26.3632
-24.9757
-21.5184
-22.8171
-23.6226
-22.3025
-15.2243
-16.375
-17.0838
-15.9167
-17.5505
-18.7521
-19.4964
-18.2765
-19.0116
-20.2503
-21.014
-19.7559
-16.617
-17.801
-18.5268
-17.3254
-8.34567
-9.36678
-9.99382
-8.9626
-10.4035
-11.457
-12.1072
-11.0416
-11.6855
-12.7637
-13.4269
-12.3355
-9.58418
-10.6261
-11.2638
-10.2106
-10.8422
-11.9073
-12.5565
-11.479
-12.9917
-14.0969
-14.774
-13.6544
-14.3238
-15.4584
-16.1503
-15.0001
-12.1214
-13.2119
-13.8736
-12.7694
