FiniteElementSpace
FiniteElementCollection: H1_3D_P1
VDim: 3
Ordering: 1

0 0 0
-0.000777379 -0.000279003 -0.000279003
-0.00202305 -0.000319648 -0.000319648
-0.00335121 -0.000326938 -0.000326938
-0.00469342 -0.00032797 -0.00032797
0 0 0
-0.000777378 0.000279002 -0.000279002
-0.00202305 0.000319648 -0.000319648
-0.00335121 0.000326938 -0.000326938
-0.00469342 0.00032797 -0.00032797
0 0 0
-0.000777378 -0.000279002 0.000279002
-0.00202305 -0.000319648 0.000319648
-0.00335121 -0.000326938 0.000326938
-0.00469342 -0.00032797 0.00032797
0 0 0
-0.000777379 0.000279003 0.000279003
-0.00202305 0.000319648 0.000319648
-0.00335121 0.000326938 0.000326938
-0.00469342 0.00032797 0.00032797
-0.000263698 -0.000212356 -0.000212356
-0.000754428 1.8057e-10 -0.000284817
-0.000263698 0.000212356 -0.000212356
0 0 0
-0.000263698 -0.000212356 0.000212356
-0.000754428 -8.05257e-11 0.000284817
-0.000263698 0.000212356 0.000212356
0 0 0
0 0 0
-0.000754428 -0.000284817 1.39155e-10
-0.000754428 0.000284817 -1.21941e-10
0 0 0
-0.00138031 -0.000307136 -0.000307136
-0.00201634 -7.0904e-11 -0.000324316
-0.00138031 0.000307136 -0.000307136
-0.00138031 -0.000307136 0.000307136
-0.00201634 1.62629e-10 0.000324316
-0.00138031 0.000307136 0.000307136
-0.00201634 -0.000324316 -1.24391e-10
-0.00201634 0.000324316 1.09141e-10
-0.00268347 -0.000324891 -0.000324891
-0.00335007 -1.81906e-11 -0.000327741
-0.00268347 0.000324891 -0.000324891
-0.00268347 -0.000324891 0.000324891
-0.00335007 7.69099e-11 0.000327741
-0.00268347 0.000324891 0.000324891
-0.00335007 -0.000327741 -5.2477e-11
-0.00335007 0.000327741 4.2624e-11
-0.0040218 -0.000327697 -0.000327697
-0.00469325 -5.39545e-12 -0.000328068
-0.0040218 0.000327697 -0.000327697
-0.0040218 -0.000327697 0.000327697
-0.00469325 -6.9196e-12 0.000328068
-0.0040218 0.000327697 0.000327697
-0.00469325 -0.000328068 2.07682e-12
-0.00469325 0.000328068 5.5347e-13
-0.000243274 -1.58769e-10 -0.000196614
-0.000243274 -0.000196614 -7.56106e-11
-0.00072938 6.08329e-11 1.10831e-11
-0.000243274 0.000196614 1.45578e-10
0 0 0
-0.000243274 6.24202e-11 0.000196614
-0.00136628 -4.89629e-11 -0.000315145
-0.00136628 -0.000315145 1.07048e-11
-0.00200996 5.6948e-11 -9.44775e-12
-0.00136628 0.000315145 1.88605e-11
-0.00136628 -4.08072e-11 0.000315145
-0.00268062 7.7955e-11 -0.000326961
-0.00268062 -0.000326961 1.27621e-10
-0.00334932 3.64784e-11 -6.1162e-12
-0.00268062 0.000326961 -1.1054e-10
-0.00268062 -1.60206e-10 0.000326961
-0.00402134 -8.59619e-13 -0.000327985
-0.00402134 -0.000327985 7.02356e-12
-0.0046932 -7.63821e-12 1.63269e-12
-0.00402134 0.000327985 -2.59835e-12
-0.00402134 -1.04823e-11 0.000327985
-0.000221709 -6.25073e-11 4.46139e-11
-0.00135165 -5.57647e-11 1.84342e-11
-0.00267828 -5.10907e-11 1.0614e-11
-0.00402114 -7.02112e-12 2.74891e-12
