FiniteElementSpace
FiniteElementCollection: H1_3D_P1
VDim: 3
Ordering: 1

-0.00469342 -0.00032797 -0.00032797
-0.00603759 -0.000328096 -0.000328096
-0.00738198 -0.000328104 -0.000328104
-0.00872639 -0.000328105 -0.000328105
-0.0100708 -0.000328093 -0.000328093
-0.00469342 0.00032797 -0.00032797
-0.00603759 0.000328095 -0.000328095
-0.00738198 0.000328104 -0.000328104
-0.00872639 0.000328105 -0.000328105
-0.0100708 0.000328093 -0.000328093
-0.00469342 -0.00032797 0.00032797
-0.00603759 -0.000328095 0.000328095
-0.00738198 -0.000328104 0.000328104
-0.00872639 -0.000328105 0.000328105
-0.0100708 -0.000328093 0.000328093
-0.00469342 0.00032797 0.00032797
-0.00603759 0.000328096 0.000328096
-0.00738198 0.000328104 0.000328104
-0.00872639 0.000328105 0.000328105
-0.0100708 0.000328093 0.000328093
-0.00469325 -5.39545e-12 -0.000328068
-0.00469325 -6.9196e-12 0.000328068
-0.00469325 -0.000328068 2.07682e-12
-0.00469325 0.000328068 5.5347e-13
-0.00536544 -0.000328065 -0.000328065
-0.00603757 5.03264e-11 -0.000328106
-0.00536544 0.000328065 -0.000328065
-0.00536544 -0.000328065 0.000328065
-0.00603757 -1.25487e-10 0.000328106
-0.00536544 0.000328065 0.000328065
-0.00603757 -0.000328105 9.32167e-11
-0.00603757 0.000328106 -8.2596e-11
-0.00670978 -0.000328103 -0.000328103
-0.00738201 -7.87149e-11 -0.000328108
-0.00670978 0.000328103 -0.000328103
-0.00670978 -0.000328103 0.000328103
-0.00738201 2.61376e-11 0.000328108
-0.00670978 0.000328103 0.000328103
-0.00738201 -0.000328108 -4.74656e-11
-0.00738201 0.000328109 5.73877e-11
-0.00805419 -0.000328104 -0.000328104
-0.00872643 -8.76138e-11 -0.0003281
-0.00805419 0.000328104 -0.000328104
-0.00805419 -0.000328104 0.000328104
-0.00872643 8.8987e-11 0.0003281
-0.00805419 0.000328104 0.000328104
-0.00872643 -0.0003281 -8.71835e-11
-0.00872643 0.0003281 8.94179e-11
-0.00939859 -0.000328104 -0.000328104
-0.0100708 1.76158e-10 -0.000328105
-0.00939859 0.000328104 -0.000328104
-0.00939859 -0.000328104 0.000328104
-0.0100708 -1.68745e-10 0.000328105
-0.00939859 0.000328104 0.000328104
-0.0100708 -0.000328105 1.71481e-10
-0.0100708 0.000328105 -1.73421e-10
-0.0046932 -7.63821e-12 1.63269e-12
-0.00536538 -1.32538e-11 -0.000328096
-0.00536538 -0.000328096 -3.80904e-11
-0.00603756 -4.67262e-11 6.59205e-12
-0.00536538 0.000328096 2.8668e-11
-0.00536538 5.35037e-11 0.000328096
-0.00670979 -4.2245e-11 -0.000328109
-0.00670979 -0.000328109 -7.63278e-11
-0.00738198 -3.26487e-11 6.15967e-12
-0.00670979 0.000328109 6.30436e-11
-0.00670979 9.71255e-11 0.000328109
-0.00805422 1.72949e-10 -0.000328106
-0.00805422 -0.000328106 1.49811e-10
-0.00872639 8.88984e-13 1.38607e-12
-0.00805422 0.000328106 -1.56016e-10
-0.00805422 -1.32879e-10 0.000328106
-0.00939865 -1.08018e-10 -0.000328096
-0.00939865 -0.000328096 -1.01367e-10
-0.0100708 4.48066e-12 -1.18213e-12
-0.00939865 0.000328096 1.02516e-10
-0.00939865 9.58644e-11 0.000328096
-0.00536536 2.49796e-11 -5.85568e-12
-0.00670977 3.40494e-11 -8.25374e-12
-0.00805419 2.49073e-11 -3.85247e-12
-0.00939858 -7.56752e-12 7.15006e-13
