FiniteElementSpace
FiniteElementCollection: H1_3D_P1
VDim: 3
Ordering: 1

0 0 0
0.0178576 0.00853836 0.031267
0.0205402 0.000669029 0.110527
-0.00245613 -0.00787799 0.206442
-0.0506381 -0.0173402 0.29142
-0.122194 -0.0264763 0.340004
-0.206287 -0.0272218 0.322404
-0.274136 -0.0120764 0.21454
-0.306454 -0.00261025 0.0765719
0 0 0
0.0178576 -0.00853836 0.031267
0.0205402 -0.000669029 0.110527
-0.00245613 0.00787799 0.206442
-0.0506381 0.0173402 0.29142
-0.122194 0.0264763 0.340004
-0.206287 0.0272218 0.322404
-0.274136 0.0120764 0.21454
-0.306454 0.00261025 0.0765719
0 0 0
-0.0376978 -0.0149938 0.0358367
-0.0774638 -0.00866799 0.114837
-0.107124 -0.00354459 0.213808
-0.127184 0.000792947 0.305283
-0.134864 0.00599946 0.358791
-0.128509 0.00988989 0.335357
-0.127561 0.00488621 0.213006
-0.138154 0.0013623 0.0670022
0 0 0
-0.0376978 0.0149938 0.0358367
-0.0774638 0.00866799 0.114837
-0.107124 0.00354459 0.213808
-0.127184 -0.000792947 0.305283
-0.134864 -0.00599946 0.358791
-0.128509 -0.00988989 0.335357
-0.127561 -0.00488621 0.213006
-0.138154 -0.0013623 0.0670022
0.0080448 0.00938913 0.00849632
0.0181501 -3.69769e-17 0.0372002
0.0080448 -0.00938913 0.00849632
0 0 0
-0.0152165 -0.0150678 0.0127738
-0.0380193 3.05135e-18 0.0423436
-0.0152165 0.0150678 0.0127738
0 0 0
0 0 0
-0.00955596 -0.00307004 0.0320568
-0.00955596 0.00307004 0.0320568
0 0 0
0.0223834 0.00475874 0.0668692
0.021761 -2.30904e-17 0.113085
0.0223834 -0.00475874 0.0668692
-0.0588416 -0.011862 0.0711357
-0.078395 2.98603e-17 0.117169
-0.0588416 0.011862 0.0711357
-0.028097 -0.00385557 0.112013
-0.028097 0.00385557 0.112013
0.0122289 -0.00351548 0.158232
-0.000687193 -7.73151e-18 0.205525
0.0122289 0.00351548 0.158232
-0.0934871 -0.00590432 0.163522
-0.107524 6.30791e-17 0.212589
-0.0934871 0.00590432 0.163522
-0.0542239 -0.00561585 0.210514
-0.0542239 0.00561585 0.210514
-0.0234421 -0.0124958 0.251895
-0.0485375 -2.00618e-17 0.286635
-0.0234421 0.0124958 0.251895
-0.118433 -0.00138853 0.262268
-0.127384 -8.62331e-17 0.300789
-0.118433 0.00138853 0.262268
-0.0882873 -0.0081109 0.299809
-0.0882873 0.0081109 0.299809
-0.0837945 -0.0222021 0.321885
-0.121109 3.2117e-17 0.330758
-0.0837945 0.0222021 0.321885
-0.132874 0.00322685 0.338942
-0.135467 3.18908e-17 0.351184
-0.132874 -0.00322685 0.338942
-0.128267 -0.00997293 0.351842
-0.128267 0.00997293 0.351842
-0.164107 -0.0288204 0.341828
-0.208496 1.32892e-17 0.311629
-0.164107 0.0288204 0.341828
-0.132934 0.00866389 0.359517
-0.129376 -3.35245e-18 0.326566
-0.132934 -0.00866389 0.359517
-0.16821 -0.00836889 0.331468
-0.16821 0.00836889 0.331468
-0.244302 -0.0207068 0.277893
-0.277488 1.86972e-17 0.210087
-0.244302 0.0207068 0.277893
-0.125526 0.00834544 0.283471
-0.127845 -4.89087e-18 0.208294
-0.125526 -0.00834544 0.283471
-0.201945 -0.00317539 0.215056
-0.201945 0.00317539 0.215056
-0.293684 -0.00539476 0.150554
-0.308238 -2.27117e-18 0.0757032
-0.293684 0.00539476 0.150554
-0.132434 0.00222912 0.143691
-0.138114 -6.03667e-17 0.0655869
-0.132434 -0.00222912 0.143691
-0.222907 -0.000457626 0.0723519
-0.222907 0.000457626 0.0723519
0.00768249 -1.10287e-17 0.0141785
-0.00309033 -0.00238072 0.00836801
-0.00952023 1.00797e-17 0.037837
-0.00309033 0.00238072 0.00836801
0 0 0
-0.0145621 -3.72891e-17 0.018584
0.0232854 -1.83112e-17 0.0711764
-0.0179289 -0.0033886 0.0678434
-0.0279491 1.33448e-17 0.114439
-0.0179289 0.0033886 0.0678434
-0.0597937 1.17249e-17 0.0755584
0.0137204 9.84671e-18 0.159063
-0.0401574 -0.00460084 0.160735
-0.0535355 1.13019e-17 0.209442
-0.0401574 0.00460084 0.160735
-0.0941562 -1.98003e-17 0.164002
-0.0214351 4.99972e-18 0.24913
-0.0703129 -0.00682737 0.258001
-0.0873312 -4.38339e-17 0.295176
-0.0703129 0.00682737 0.258001
-0.118658 -1.59289e-17 0.259406
-0.081922 -6.42347e-17 0.314884
-0.10781 -0.00926489 0.332398
-0.128005 -1.78377e-17 0.343638
-0.10781 0.00926489 0.332398
-0.133216 8.27815e-18 0.332832
-0.1645 -2.18194e-17 0.330946
-0.148733 -0.00980646 0.353379
-0.169754 2.18418e-18 0.322141
-0.148733 0.00980646 0.353379
-0.133773 3.6134e-17 0.350824
-0.24773 -1.67442e-17 0.269642
-0.186106 -0.00577748 0.282688
-0.203798 3.48582e-17 0.210439
-0.186106 0.00577748 0.282688
-0.126154 -3.33838e-17 0.276127
-0.296101 -2.84198e-18 0.148961
-0.21389 -0.00131775 0.147852
-0.223778 8.53405e-17 0.0710937
-0.21389 0.00131775 0.147852
-0.132446 -1.57312e-17 0.141459
-0.00293715 -1.6283e-17 0.0141198
-0.0179439 -5.64163e-18 0.0720575
-0.0397419 4.4938e-18 0.161396
-0.0694192 5.51409e-17 0.255177
-0.107032 -3.38601e-17 0.32592
-0.149332 -7.55414e-18 0.343991
-0.188168 -1.36195e-17 0.275161
-0.21512 -1.43894e-17 0.145792
