FiniteElementSpace
FiniteElementCollection: H1_3D_P1
VDim: 3
Ordering: 1

0 0 0
0.00449596 0.00300255 0.0082923
0.00404185 -6.33883e-05 0.0361342
-0.00573779 -0.00404352 0.0690978
-0.0241043 -0.00860176 0.0978658
-0.0479551 -0.0120841 0.115705
-0.0645218 -0.00688822 0.107726
-0.0677386 -0.0025296 0.0735183
-0.0749995 -0.00464536 0.0170633
0 0 0
0.00449596 -0.00300255 0.0082923
0.00404185 6.33883e-05 0.0361342
-0.00573779 0.00404352 0.0690978
-0.0241043 0.00860176 0.0978658
-0.0479551 0.0120841 0.115705
-0.0645218 0.00688822 0.107726
-0.0677386 0.0025296 0.0735183
-0.0749995 0.00464536 0.0170633
0 0 0
-0.0140683 -0.00713844 0.0102744
-0.0318299 -0.00487378 0.0369448
-0.045031 -0.0020637 0.0706554
-0.0516459 0.000476831 0.102931
-0.0477782 0.00409067 0.121623
-0.0330829 0.00437179 0.105249
-0.0301869 -0.00184054 0.0694706
-0.0254835 0.000302619 0.0101331
0 0 0
-0.0140683 0.00713844 0.0102744
-0.0318299 0.00487378 0.0369448
-0.045031 0.0020637 0.0706554
-0.0516459 -0.000476831 0.102931
-0.0477782 -0.00409067 0.121623
-0.0330829 -0.00437179 0.105249
-0.0301869 0.00184054 0.0694706
-0.0254835 -0.000302619 0.0101331
0.00186457 0.00268219 0.000521095
0.00410967 -1.631e-16 0.0114194
0.00186457 -0.00268219 0.000521095
0 0 0
-0.00551344 -0.00624544 0.00247253
-0.0146003 1.17553e-17 0.0142007
-0.00551344 0.00624544 0.00247253
0 0 0
0 0 0
-0.00488325 -0.00192001 0.00899164
-0.00488325 0.00192001 0.00899164
0 0 0
0.00542784 0.00170937 0.0207878
0.00416955 -1.44853e-16 0.0377621
0.00542784 -0.00170937 0.0207878
-0.0232111 -0.00634034 0.0222435
-0.0328189 1.22155e-16 0.0385078
-0.0232111 0.00634034 0.0222435
-0.0141325 -0.00232302 0.0363273
-0.0141325 0.00232302 0.0363273
0.000287714 -0.00199309 0.0526932
-0.00504969 9.31126e-18 0.0685784
0.000287714 0.00199309 0.0526932
-0.0391763 -0.00336891 0.0534318
-0.0455989 8.90863e-17 0.0699155
-0.0391763 0.00336891 0.0534318
-0.0254254 -0.00293566 0.0699857
-0.0254254 0.00293566 0.0699857
-0.0139261 -0.00625686 0.0844109
-0.0231401 -1.29759e-16 0.0946448
-0.0139261 0.00625686 0.0844109
-0.0492994 -0.000861142 0.0875731
-0.0520548 -2.2415e-16 0.100204
-0.0492994 0.000861142 0.0875731
-0.0378744 -0.00387239 0.100853
-0.0378744 0.00387239 0.100853
-0.0358226 -0.010803 0.108688
-0.0482601 1.03275e-16 0.109306
-0.0358226 0.010803 0.108688
-0.0513951 0.00216186 0.115073
-0.0485497 5.4493e-17 0.117123
-0.0513951 -0.00216186 0.115073
-0.0483564 -0.00362893 0.119288
-0.0483564 0.00362893 0.119288
-0.0583559 -0.0110754 0.116579
-0.0670446 -7.28957e-17 0.102521
-0.0583559 0.0110754 0.116579
-0.0408528 0.00536247 0.119288
-0.0338043 1.08018e-17 0.101081
-0.0408528 -0.00536247 0.119288
-0.0499601 -0.000401418 0.10653
-0.0499601 0.000401418 0.10653
-0.066302 -0.00214684 0.0885263
-0.0683567 1.72465e-17 0.0728614
-0.066302 0.00214684 0.0885263
-0.0292158 0.00100017 0.0826414
-0.0302574 -2.58559e-17 0.0681494
-0.0292158 -0.00100017 0.0826414
-0.0488948 -0.00152211 0.0715961
-0.0488948 0.00152211 0.0715961
-0.0706719 -0.00468382 0.0646667
-0.0745607 -2.65699e-16 0.0160566
-0.0706719 0.00468382 0.0646667
-0.0286029 -0.00114368 0.0606625
-0.0252561 -3.35207e-16 0.00905977
-0.0286029 0.00114368 0.0606625
-0.0497732 -0.00204408 0.0142588
-0.0497732 0.00204408 0.0142588
0.00150315 -6.74975e-17 0.00307349
-0.00161508 -0.00151805 0.000967075
-0.00531294 5.77694e-17 0.0123216
-0.00161508 0.00151805 0.000967075
0 0 0
-0.00544707 -4.60658e-17 0.00564937
0.00528864 -1.9009e-16 0.0233529
-0.00914159 -0.00215527 0.0212256
-0.0145675 -2.20357e-17 0.0378766
-0.00914159 0.00215527 0.0212256
-0.0241506 -4.86393e-17 0.0251323
0.000693651 7.7911e-17 0.0532826
-0.0195893 -0.00255714 0.0529987
-0.0253642 -1.06219e-16 0.0693497
-0.0195893 0.00255714 0.0529987
-0.0399823 -3.95889e-17 0.0537696
-0.0130089 -1.18271e-16 0.0826483
-0.0315899 -0.00341952 0.0862766
-0.0375957 -4.44075e-17 0.0979056
-0.0315899 0.00341952 0.0862766
-0.0497108 -6.39153e-17 0.0858317
-0.0352018 -1.64312e-16 0.103806
-0.0437666 -0.00405486 0.112473
-0.0489226 -1.44676e-16 0.11412
-0.0437666 0.00405486 0.112473
-0.0519564 1.98238e-16 0.111382
-0.0600025 -1.32252e-17 0.109741
-0.0505363 -0.00231763 0.118381
-0.0516562 1.00834e-17 0.102042
-0.0505363 0.00231763 0.118381
-0.0417196 6.82747e-17 0.114477
-0.0682995 -1.49834e-16 0.0862247
-0.0484759 0.000500834 0.0853341
-0.0491911 -4.62897e-17 0.0703989
-0.0484759 -0.000500834 0.0853341
-0.0295992 -1.34613e-16 0.0800187
-0.0703494 2.36281e-16 0.0639363
-0.0493163 -0.0027315 0.0632588
-0.0493629 4.80018e-16 0.0132098
-0.0493163 0.0027315 0.0632588
-0.0284208 -8.54726e-17 0.0596506
-0.00175647 -3.52513e-17 0.00385005
-0.00968176 -2.92878e-17 0.0238283
-0.0197906 -3.07089e-18 0.0534528
-0.0313349 1.35416e-16 0.0845184
-0.0437432 2.59749e-17 0.108312
-0.0518539 5.74515e-17 0.112919
-0.049693 8.3214e-17 0.0827709
-0.0489916 -9.81655e-17 0.062296
