MFEM mesh v1.0

#
# MFEM Geometry Types (see mesh/geom.hpp):
#
# POINT       = 0
# SEGMENT     = 1
# TRIANGLE    = 2
# SQUARE      = 3
# TETRAHEDRON = 4
# CUBE        = 5
# PRISM       = 6
#

dimension
3

elements
2066
1 4 0 74 75 76
1 4 74 17 209 210
1 4 75 209 18 219
1 4 76 210 219 19
1 4 74 219 75 76
1 4 74 219 76 210
1 4 74 219 210 209
1 4 74 219 209 75
1 4 17 113 216 217
1 4 216 115 50 404
1 4 113 404 216 217
1 4 113 404 115 216
1 4 18 224 117 225
1 4 224 50 121 408
1 4 117 121 6 122
1 4 225 408 122 52
1 4 224 122 117 225
1 4 224 122 225 408
1 4 224 122 408 121
1 4 224 122 121 117
1 4 17 218 209 210
1 4 218 52 225 228
1 4 209 225 18 219
1 4 210 228 219 19
1 4 218 219 209 210
1 4 218 219 210 228
1 4 218 219 228 225
1 4 218 219 225 209
1 4 17 218 210 217
1 4 17 218 217 216
1 4 216 408 404 50
1 4 218 404 217 216
1 4 218 404 216 408
1 4 17 218 216 209
1 4 218 52 408 225
1 4 216 408 50 224
1 4 209 225 224 18
1 4 209 218 216 408
1 4 209 216 224 408
1 4 209 224 225 408
1 4 209 225 218 408
1 4 6 127 118 128
1 4 127 57 291 453
1 4 118 291 30 292
1 4 128 453 292 58
1 4 127 292 118 128
1 4 127 292 128 453
1 4 127 292 453 291
1 4 127 292 291 118
1 4 57 180 306 455
1 4 180 12 178 183
1 4 306 178 33 308
1 4 455 183 308 70
1 4 180 308 306 455
1 4 180 308 455 183
1 4 180 308 183 178
1 4 180 308 178 306
1 4 30 287 87 288
1 4 287 33 90 305
1 4 87 90 3 91
1 4 288 305 91 34
1 4 287 91 87 288
1 4 287 91 288 305
1 4 287 91 305 90
1 4 287 91 90 87
1 4 58 459 310 186
1 4 459 70 312 190
1 4 310 312 34 184
1 4 186 190 184 13
1 4 459 184 310 186
1 4 459 184 186 190
1 4 459 184 190 312
1 4 459 184 312 310
1 4 57 309 291 453
1 4 309 34 288 310
1 4 291 288 30 292
1 4 453 310 292 58
1 4 309 292 291 453
1 4 309 292 453 310
1 4 309 292 310 288
1 4 309 292 288 291
1 4 57 309 453 455
1 4 309 34 310 312
1 4 453 310 58 459
1 4 455 312 459 70
1 4 453 309 312 455
1 4 453 455 312 459
1 4 453 459 312 310
1 4 453 310 312 309
1 4 57 309 455 306
1 4 309 34 312 305
1 4 455 312 70 308
1 4 306 305 308 33
1 4 309 308 455 306
1 4 309 308 306 305
1 4 309 308 305 312
1 4 309 308 312 455
1 4 57 309 306 291
1 4 309 34 305 288
1 4 306 305 33 287
1 4 291 288 287 30
1 4 291 309 306 305
1 4 291 306 287 305
1 4 291 287 288 305
1 4 291 288 309 305
1 4 115 407 50 404
1 4 185 13 186 187
1 4 427 186 58 456
1 4 185 456 187 186
1 4 185 456 186 427
1 4 50 411 121 408
1 4 411 58 128 430
1 4 121 128 6 122
1 4 408 430 122 52
1 4 411 122 121 408
1 4 411 122 408 430
1 4 411 122 430 128
1 4 411 122 128 121
1 4 407 408 50 404
1 4 427 430 456 58
1 4 427 430 58 411
1 4 407 408 411 50
1 4 427 407 408 411
1 4 427 411 408 430
1 4 426 70 473 183
1 4 179 183 182 12
1 4 426 182 179 183
1 4 426 182 183 473
1 4 428 473 426 70
1 4 115 407 406 50
1 4 185 13 190 186
1 4 428 190 70 459
1 4 427 186 459 58
1 4 427 185 428 190
1 4 427 428 459 190
1 4 427 459 186 190
1 4 427 186 185 190
1 4 426 70 183 455
1 4 179 183 12 180
1 4 424 455 180 57
1 4 424 426 179 183
1 4 424 179 180 183
1 4 424 180 455 183
1 4 424 455 426 183
1 4 50 411 410 121
1 4 411 58 453 128
1 4 410 453 57 127
1 4 121 128 127 6
1 4 121 411 410 453
1 4 121 410 127 453
1 4 121 127 128 453
1 4 121 128 411 453
1 4 50 407 406 413
1 4 413 428 426 70
1 4 413 407 406 423
1 4 413 406 426 423
1 4 413 426 428 423
1 4 413 428 407 423
1 4 50 406 410 413
1 4 410 424 57 455
1 4 413 426 455 70
1 4 413 406 410 424
1 4 413 410 455 424
1 4 413 455 426 424
1 4 413 426 406 424
1 4 50 410 411 413
1 4 410 57 453 455
1 4 411 453 58 459
1 4 413 455 459 70
1 4 413 410 411 453
1 4 413 411 459 453
1 4 413 459 455 453
1 4 413 455 410 453
1 4 50 411 407 413
1 4 411 58 427 459
1 4 413 459 428 70
1 4 413 411 407 427
1 4 413 407 428 427
1 4 413 428 459 427
1 4 413 459 411 427
1 4 0 74 76 72
1 4 74 17 210 200
1 4 76 210 19 201
1 4 72 200 201 15
1 4 74 201 76 72
1 4 74 201 72 200
1 4 74 201 200 210
1 4 74 201 210 76
1 4 17 113 217 214
1 4 17 215 210 200
1 4 17 215 200 214
1 4 17 215 214 217
1 4 17 215 217 210
1 4 0 74 72 71
1 4 74 17 200 193
1 4 72 200 15 191
1 4 71 193 191 14
1 4 74 191 72 71
1 4 74 191 71 193
1 4 74 191 193 200
1 4 74 191 200 72
1 4 17 113 214 212
1 4 212 114 330 37
1 4 113 330 214 212
1 4 113 330 212 114
1 4 14 197 195 92
1 4 197 37 314 96
1 4 195 314 35 94
1 4 92 96 94 4
1 4 197 94 195 92
1 4 197 94 92 96
1 4 197 94 96 314
1 4 197 94 314 195
1 4 17 211 200 193
1 4 193 195 191 14
1 4 211 191 200 193
1 4 211 191 193 195
1 4 17 211 193 212
1 4 211 35 195 314
1 4 193 195 14 197
1 4 212 314 197 37
1 4 193 211 314 212
1 4 193 212 314 197
1 4 193 197 314 195
1 4 193 195 314 211
1 4 17 211 212 214
1 4 212 314 37 330
1 4 211 330 212 214
1 4 211 330 314 212
1 4 17 211 214 200
1 4 4 100 98 93
1 4 100 41 346 235
1 4 98 346 39 233
1 4 93 235 233 20
1 4 100 233 98 93
1 4 100 233 93 235
1 4 100 233 235 346
1 4 100 233 346 98
1 4 41 144 359 250
1 4 144 8 146 143
1 4 359 146 60 251
1 4 250 143 251 23
1 4 144 251 359 250
1 4 144 251 250 143
1 4 144 251 143 146
1 4 144 251 146 359
1 4 39 351 130 239
1 4 351 60 133 243
1 4 239 243 129 21
1 4 351 129 130 239
1 4 351 129 239 243
1 4 351 129 243 133
1 4 351 129 133 130
1 4 20 231 229 77
1 4 231 23 238 80
1 4 229 238 21 78
1 4 77 80 78 1
1 4 231 78 229 77
1 4 231 78 77 80
1 4 231 78 80 238
1 4 231 78 238 229
1 4 41 241 346 235
1 4 241 21 239 229
1 4 346 239 39 233
1 4 235 229 233 20
1 4 241 233 346 235
1 4 241 233 235 229
1 4 241 233 229 239
1 4 241 233 239 346
1 4 41 241 235 250
1 4 241 21 229 238
1 4 235 229 20 231
1 4 250 238 231 23
1 4 235 241 238 250
1 4 235 250 238 231
1 4 235 231 238 229
1 4 235 229 238 241
1 4 41 241 250 359
1 4 241 21 238 243
1 4 250 238 23 251
1 4 359 243 251 60
1 4 241 251 250 359
1 4 241 251 359 243
1 4 241 251 243 238
1 4 241 251 238 250
1 4 41 241 359 346
1 4 241 21 243 239
1 4 359 243 60 351
1 4 346 239 351 39
1 4 346 241 359 243
1 4 346 359 351 243
1 4 346 351 239 243
1 4 346 239 241 243
1 4 114 332 330 37
1 4 349 130 347 39
1 4 37 327 314 96
1 4 327 39 315 98
1 4 314 315 35 94
1 4 96 98 94 4
1 4 327 94 314 96
1 4 327 94 96 98
1 4 327 94 98 315
1 4 327 94 315 314
1 4 332 314 330 37
1 4 332 314 37 327
1 4 349 315 327 39
1 4 349 332 327 314
1 4 349 327 315 314
1 4 349 315 39 347
1 4 114 332 37 333
1 4 349 130 39 351
1 4 414 133 351 60
1 4 349 414 133 351
1 4 349 351 133 130
1 4 37 327 96 328
1 4 327 39 98 346
1 4 96 98 4 100
1 4 328 346 100 41
1 4 96 327 346 328
1 4 96 328 346 100
1 4 96 100 346 98
1 4 96 98 346 327
1 4 416 60 359 146
1 4 358 359 41 144
1 4 145 146 144 8
1 4 358 416 146 145
1 4 358 145 146 144
1 4 358 144 146 359
1 4 358 359 146 416
1 4 37 332 335 333
1 4 37 333 335 328
1 4 335 416 60 359
1 4 328 358 359 41
1 4 335 333 358 328
1 4 335 328 358 359
1 4 335 359 358 416
1 4 37 328 335 327
1 4 328 41 359 346
1 4 335 359 60 351
1 4 327 346 351 39
1 4 335 328 346 327
1 4 335 327 346 351
1 4 335 351 346 359
1 4 335 359 346 328
1 4 37 327 335 332
1 4 327 39 351 349
1 4 335 351 60 414
1 4 335 327 349 332
1 4 335 414 349 351
1 4 335 351 349 327
1 4 416 60 146 462
1 4 145 146 8 148
1 4 416 148 462 146
1 4 416 148 146 145
1 4 0 74 71 75
1 4 74 17 193 209
1 4 71 193 14 194
1 4 75 209 194 18
1 4 74 194 71 75
1 4 74 194 75 209
1 4 74 194 209 193
1 4 74 194 193 71
1 4 17 113 212 216
1 4 212 114 37 331
1 4 216 115 331 50
1 4 113 331 212 216
1 4 113 331 216 115
1 4 113 331 115 114
1 4 113 331 114 212
1 4 14 197 92 198
1 4 197 37 96 326
1 4 92 96 4 97
1 4 198 326 97 38
1 4 197 97 92 198
1 4 197 97 198 326
1 4 197 97 326 96
1 4 197 97 96 92
1 4 18 224 221 117
1 4 224 50 340 121
1 4 221 340 38 119
1 4 117 121 119 6
1 4 224 119 221 117
1 4 224 119 117 121
1 4 224 119 121 340
1 4 224 119 340 221
1 4 17 213 193 209
1 4 213 38 198 221
1 4 193 198 14 194
1 4 209 221 194 18
1 4 213 194 193 209
1 4 213 194 209 221
1 4 213 194 221 198
1 4 213 194 198 193
1 4 17 213 209 216
1 4 213 38 221 340
1 4 209 221 18 224
1 4 216 340 224 50
1 4 209 213 340 216
1 4 209 216 340 224
1 4 209 224 340 221
1 4 209 221 340 213
1 4 17 213 216 212
1 4 213 38 340 326
1 4 216 340 50 331
1 4 212 326 331 37
1 4 213 331 216 212
1 4 213 331 212 326
1 4 213 331 326 340
1 4 213 331 340 216
1 4 17 213 212 193
1 4 213 38 326 198
1 4 212 326 37 197
1 4 193 198 197 14
1 4 193 213 212 326
1 4 193 212 197 326
1 4 193 197 198 326
1 4 193 198 213 326
1 4 4 100 93 101
1 4 100 41 235 357
1 4 93 235 20 236
1 4 101 357 236 42
1 4 100 236 93 101
1 4 100 236 101 357
1 4 100 236 357 235
1 4 100 236 235 93
1 4 41 144 250 360
1 4 144 8 143 147
1 4 250 143 23 252
1 4 360 147 252 64
1 4 144 252 250 360
1 4 144 252 360 147
1 4 144 252 147 143
1 4 144 252 143 250
1 4 20 231 77 232
1 4 231 23 80 249
1 4 77 80 1 81
1 4 232 249 81 24
1 4 231 81 77 232
1 4 231 81 232 249
1 4 231 81 249 80
1 4 231 81 80 77
1 4 42 364 254 152
1 4 364 64 256 156
1 4 254 256 24 150
1 4 152 156 150 9
1 4 364 150 254 152
1 4 364 150 152 156
1 4 364 150 156 256
1 4 364 150 256 254
1 4 41 253 235 357
1 4 253 24 232 254
1 4 235 232 20 236
1 4 357 254 236 42
1 4 253 236 235 357
1 4 253 236 357 254
1 4 253 236 254 232
1 4 253 236 232 235
1 4 41 253 357 360
1 4 253 24 254 256
1 4 357 254 42 364
1 4 360 256 364 64
1 4 357 253 256 360
1 4 357 360 256 364
1 4 357 364 256 254
1 4 357 254 256 253
1 4 41 253 360 250
1 4 253 24 256 249
1 4 360 256 64 252
1 4 250 249 252 23
1 4 253 252 360 250
1 4 253 252 250 249
1 4 253 252 249 256
1 4 253 252 256 360
1 4 41 253 250 235
1 4 253 24 249 232
1 4 250 249 23 231
1 4 235 232 231 20
1 4 235 253 250 249
1 4 235 250 231 249
1 4 235 231 232 249
1 4 235 232 253 249
1 4 6 127 124 118
1 4 127 57 438 291
1 4 124 438 54 289
1 4 118 291 289 30
1 4 127 289 124 118
1 4 127 289 118 291
1 4 127 289 291 438
1 4 127 289 438 124
1 4 57 180 454 306
1 4 180 12 181 178
1 4 454 181 66 307
1 4 306 178 307 33
1 4 180 307 454 306
1 4 180 307 306 178
1 4 180 307 178 181
1 4 180 307 181 454
1 4 54 441 154 297
1 4 441 66 158 300
1 4 154 158 9 151
1 4 297 300 151 31
1 4 441 151 154 297
1 4 441 151 297 300
1 4 441 151 300 158
1 4 441 151 158 154
1 4 30 287 285 87
1 4 287 33 296 90
1 4 285 296 31 88
1 4 87 90 88 3
1 4 287 88 285 87
1 4 287 88 87 90
1 4 287 88 90 296
1 4 287 88 296 285
1 4 57 298 438 291
1 4 298 31 297 285
1 4 438 297 54 289
1 4 291 285 289 30
1 4 298 289 438 291
1 4 298 289 291 285
1 4 298 289 285 297
1 4 298 289 297 438
1 4 57 298 291 306
1 4 298 31 285 296
1 4 291 285 30 287
1 4 306 296 287 33
1 4 291 298 296 306
1 4 291 306 296 287
1 4 291 287 296 285
1 4 291 285 296 298
1 4 57 298 306 454
1 4 298 31 296 300
1 4 306 296 33 307
1 4 454 300 307 66
1 4 298 307 306 454
1 4 298 307 454 300
1 4 298 307 300 296
1 4 298 307 296 306
1 4 57 298 454 438
1 4 298 31 300 297
1 4 454 300 66 441
1 4 438 297 441 54
1 4 438 298 454 300
1 4 438 454 441 300
1 4 438 441 297 300
1 4 438 297 298 300
1 4 116 51 334 405
1 4 114 334 37 331
1 4 115 405 331 50
1 4 116 331 114 115
1 4 116 331 115 405
1 4 116 331 405 334
1 4 116 331 334 114
1 4 51 153 361 419
1 4 153 9 152 154
1 4 361 152 42 362
1 4 419 154 362 54
1 4 153 362 361 419
1 4 153 362 419 154
1 4 153 362 154 152
1 4 153 362 152 361
1 4 37 329 96 326
1 4 329 42 101 338
1 4 96 101 4 97
1 4 326 338 97 38
1 4 329 97 96 326
1 4 329 97 326 338
1 4 329 97 338 101
1 4 329 97 101 96
1 4 50 409 340 121
1 4 409 54 343 124
1 4 340 343 38 119
1 4 121 124 119 6
1 4 409 119 340 121
1 4 409 119 121 124
1 4 409 119 124 343
1 4 409 119 343 340
1 4 51 341 334 405
1 4 341 38 326 340
1 4 334 326 37 331
1 4 405 340 331 50
1 4 341 331 334 405
1 4 341 331 405 340
1 4 341 331 340 326
1 4 341 331 326 334
1 4 51 341 405 419
1 4 341 38 340 343
1 4 405 340 50 409
1 4 419 343 409 54
1 4 419 341 405 340
1 4 419 405 409 340
1 4 419 409 343 340
1 4 419 343 341 340
1 4 51 341 419 361
1 4 341 38 343 338
1 4 419 343 54 362
1 4 361 338 362 42
1 4 341 362 419 361
1 4 341 362 361 338
1 4 341 362 338 343
1 4 341 362 343 419
1 4 51 341 361 334
1 4 341 38 338 326
1 4 361 338 42 329
1 4 334 326 329 37
1 4 361 341 326 334
1 4 361 334 326 329
1 4 361 329 326 338
1 4 361 338 326 341
1 4 116 51 405 418
1 4 115 405 50 406
1 4 115 406 418 405
1 4 115 405 418 116
1 4 51 153 419 422
1 4 153 9 154 158
1 4 419 154 54 441
1 4 422 158 441 66
1 4 419 153 158 422
1 4 419 422 158 441
1 4 419 441 158 154
1 4 419 154 158 153
1 4 50 409 121 410
1 4 409 54 124 438
1 4 121 124 6 127
1 4 410 438 127 57
1 4 121 409 438 410
1 4 121 410 438 127
1 4 121 127 438 124
1 4 121 124 438 409
1 4 425 66 454 181
1 4 424 454 57 180
1 4 179 181 180 12
1 4 424 425 181 179
1 4 424 179 181 180
1 4 424 180 181 454
1 4 424 454 181 425
1 4 50 405 412 406
1 4 405 51 422 418
1 4 412 422 66 425
1 4 412 405 418 406
1 4 412 406 418 425
1 4 412 425 418 422
1 4 412 422 418 405
1 4 50 406 412 410
1 4 412 425 66 454
1 4 410 424 454 57
1 4 412 406 424 410
1 4 412 410 424 454
1 4 412 454 424 425
1 4 412 425 424 406
1 4 50 410 412 409
1 4 410 57 454 438
1 4 412 454 66 441
1 4 409 438 441 54
1 4 412 410 438 409
1 4 412 409 438 441
1 4 412 441 438 454
1 4 412 454 438 410
1 4 50 409 412 405
1 4 409 54 441 419
1 4 412 441 66 422
1 4 405 419 422 51
1 4 412 409 419 405
1 4 412 405 419 422
1 4 412 422 419 441
1 4 412 441 419 409
1 4 116 51 418 415
1 4 51 153 422 420
1 4 153 9 158 156
1 4 422 158 66 468
1 4 420 156 468 64
1 4 153 468 422 420
1 4 153 468 420 156
1 4 153 468 156 158
1 4 153 468 158 422
1 4 425 66 181 469
1 4 417 64 467 147
1 4 145 147 149 8
1 4 417 149 145 147
1 4 417 149 147 467
1 4 51 421 418 415
1 4 51 421 415 420
1 4 420 467 417 64
1 4 415 421 467 420
1 4 415 420 467 417
1 4 51 421 420 422
1 4 420 467 64 468
1 4 422 469 468 66
1 4 421 468 420 422
1 4 421 468 422 469
1 4 421 468 469 467
1 4 421 468 467 420
1 4 51 421 422 418
1 4 422 469 66 425
1 4 418 421 422 469
1 4 418 422 425 469
1 4 116 51 415 334
1 4 114 334 333 37
1 4 114 333 334 415
1 4 114 334 116 415
1 4 51 153 420 361
1 4 153 9 156 152
1 4 420 156 64 364
1 4 361 152 364 42
1 4 361 153 420 156
1 4 361 420 364 156
1 4 361 364 152 156
1 4 361 152 153 156
1 4 417 64 147 360
1 4 145 147 8 144
1 4 358 360 144 41
1 4 358 417 145 147
1 4 358 145 144 147
1 4 358 144 360 147
1 4 358 360 417 147
1 4 37 329 328 96
1 4 329 42 357 101
1 4 328 357 41 100
1 4 96 101 100 4
1 4 96 329 328 357
1 4 96 328 100 357
1 4 96 100 101 357
1 4 96 101 329 357
1 4 37 334 333 336
1 4 334 51 415 420
1 4 336 420 417 64
1 4 336 334 333 415
1 4 336 333 417 415
1 4 336 417 420 415
1 4 336 420 334 415
1 4 37 333 328 336
1 4 328 358 41 360
1 4 336 417 360 64
1 4 336 333 328 358
1 4 336 328 360 358
1 4 336 360 417 358
1 4 336 417 333 358
1 4 37 328 329 336
1 4 328 41 357 360
1 4 329 357 42 364
1 4 336 360 364 64
1 4 336 328 329 357
1 4 336 329 364 357
1 4 336 364 360 357
1 4 336 360 328 357
1 4 37 329 334 336
1 4 329 42 361 364
1 4 334 361 51 420
1 4 336 364 420 64
1 4 336 329 334 361
1 4 336 334 420 361
1 4 336 420 364 361
1 4 336 364 329 361
1 4 0 75 71 73
1 4 75 18 194 202
1 4 71 194 14 192
1 4 73 202 192 16
1 4 75 192 71 73
1 4 75 192 73 202
1 4 75 192 202 194
1 4 75 192 194 71
1 4 18 117 221 222
1 4 117 6 119 120
1 4 221 119 38 339
1 4 222 120 339 43
1 4 117 339 221 222
1 4 117 339 222 120
1 4 117 339 120 119
1 4 117 339 119 221
1 4 14 198 92 196
1 4 198 38 97 317
1 4 92 97 4 95
1 4 196 317 95 36
1 4 198 95 92 196
1 4 198 95 196 317
1 4 198 95 317 97
1 4 198 95 97 92
1 4 16 207 205 102
1 4 207 43 321 106
1 4 205 321 36 104
1 4 102 106 104 5
1 4 207 104 205 102
1 4 207 104 102 106
1 4 207 104 106 321
1 4 207 104 321 205
1 4 18 220 194 202
1 4 220 36 196 205
1 4 194 196 14 192
1 4 202 205 192 16
1 4 220 192 194 202
1 4 220 192 202 205
1 4 220 192 205 196
1 4 220 192 196 194
1 4 18 220 202 222
1 4 220 36 205 321
1 4 202 205 16 207
1 4 222 321 207 43
1 4 202 220 321 222
1 4 202 222 321 207
1 4 202 207 321 205
1 4 202 205 321 220
1 4 18 220 222 221
1 4 220 36 321 317
1 4 222 321 43 339
1 4 221 317 339 38
1 4 220 339 222 221
1 4 220 339 221 317
1 4 220 339 317 321
1 4 220 339 321 222
1 4 18 220 221 194
1 4 220 36 317 196
1 4 221 317 38 198
1 4 194 196 198 14
1 4 194 220 221 317
1 4 194 221 198 317
1 4 194 198 196 317
1 4 194 196 220 317
1 4 6 118 124 125
1 4 118 30 289 290
1 4 124 289 54 437
1 4 125 290 437 55
1 4 118 437 124 125
1 4 118 437 125 290
1 4 118 437 290 289
1 4 118 437 289 124
1 4 30 87 285 286
1 4 87 3 88 89
1 4 285 88 31 295
1 4 286 89 295 32
1 4 87 295 285 286
1 4 87 295 286 89
1 4 87 295 89 88
1 4 87 295 88 285
1 4 54 297 154 440
1 4 297 31 151 299
1 4 154 151 9 157
1 4 440 299 157 65
1 4 297 157 154 440
1 4 297 157 440 299
1 4 297 157 299 151
1 4 297 157 151 154
1 4 55 302 445 164
1 4 302 32 303 162
1 4 445 303 65 166
1 4 164 162 166 10
1 4 302 166 445 164
1 4 302 166 164 162
1 4 302 166 162 303
1 4 302 166 303 445
1 4 30 293 289 290
1 4 293 65 440 445
1 4 289 440 54 437
1 4 290 445 437 55
1 4 293 437 289 290
1 4 293 437 290 445
1 4 293 437 445 440
1 4 293 437 440 289
1 4 30 293 290 286
1 4 293 65 445 303
1 4 290 445 55 302
1 4 286 303 302 32
1 4 290 293 303 286
1 4 290 286 303 302
1 4 290 302 303 445
1 4 290 445 303 293
1 4 30 293 286 285
1 4 293 65 303 299
1 4 286 303 32 295
1 4 285 299 295 31
1 4 293 295 286 285
1 4 293 295 285 299
1 4 293 295 299 303
1 4 293 295 303 286
1 4 30 293 285 289
1 4 293 65 299 440
1 4 285 299 31 297
1 4 289 440 297 54
1 4 289 293 285 299
1 4 289 285 297 299
1 4 289 297 440 299
1 4 289 440 293 299
1 4 4 101 93 99
1 4 101 42 236 352
1 4 93 236 20 234
1 4 99 352 234 40
1 4 101 234 93 99
1 4 101 234 99 352
1 4 101 234 352 236
1 4 101 234 236 93
1 4 42 152 254 363
1 4 152 9 150 155
1 4 254 150 24 255
1 4 363 155 255 61
1 4 152 255 254 363
1 4 152 255 363 155
1 4 152 255 155 150
1 4 152 255 150 254
1 4 20 232 77 230
1 4 232 24 81 244
1 4 77 81 1 79
1 4 230 244 79 22
1 4 232 79 77 230
1 4 232 79 230 244
1 4 232 79 244 81
1 4 232 79 81 77
1 4 40 356 245 136
1 4 356 61 248 140
1 4 245 248 22 134
1 4 136 140 134 7
1 4 356 134 245 136
1 4 356 134 136 140
1 4 356 134 140 248
1 4 356 134 248 245
1 4 42 246 236 352
1 4 246 22 230 245
1 4 236 230 20 234
1 4 352 245 234 40
1 4 246 234 236 352
1 4 246 234 352 245
1 4 246 234 245 230
1 4 246 234 230 236
1 4 42 246 352 363
1 4 246 22 245 248
1 4 352 245 40 356
1 4 363 248 356 61
1 4 352 246 248 363
1 4 352 363 248 356
1 4 352 356 248 245
1 4 352 245 248 246
1 4 42 246 363 254
1 4 246 22 248 244
1 4 363 248 61 255
1 4 254 244 255 24
1 4 246 255 363 254
1 4 246 255 254 244
1 4 246 255 244 248
1 4 246 255 248 363
1 4 42 246 254 236
1 4 246 22 244 230
1 4 254 244 24 232
1 4 236 230 232 20
1 4 236 246 254 244
1 4 236 254 232 244
1 4 236 232 230 244
1 4 236 230 246 244
1 4 5 111 109 103
1 4 111 48 389 263
1 4 109 389 46 261
1 4 103 263 261 25
1 4 111 261 109 103
1 4 111 261 103 263
1 4 111 261 263 389
1 4 111 261 389 109
1 4 48 163 398 278
1 4 163 10 165 161
1 4 398 165 63 279
1 4 278 161 279 28
1 4 163 279 398 278
1 4 163 279 278 161
1 4 163 279 161 165
1 4 163 279 165 398
1 4 46 393 137 268
1 4 393 63 142 271
1 4 137 142 7 135
1 4 268 271 135 26
1 4 393 135 137 268
1 4 393 135 268 271
1 4 393 135 271 142
1 4 393 135 142 137
1 4 25 259 257 82
1 4 259 28 267 85
1 4 257 267 26 83
1 4 82 85 83 2
1 4 259 83 257 82
1 4 259 83 82 85
1 4 259 83 85 267
1 4 259 83 267 257
1 4 48 269 389 263
1 4 269 26 268 257
1 4 389 268 46 261
1 4 263 257 261 25
1 4 269 261 389 263
1 4 269 261 263 257
1 4 269 261 257 268
1 4 269 261 268 389
1 4 48 269 263 278
1 4 269 26 257 267
1 4 263 257 25 259
1 4 278 267 259 28
1 4 263 269 267 278
1 4 263 278 267 259
1 4 263 259 267 257
1 4 263 257 267 269
1 4 48 269 278 398
1 4 269 26 267 271
1 4 278 267 28 279
1 4 398 271 279 63
1 4 269 279 278 398
1 4 269 279 398 271
1 4 269 279 271 267
1 4 269 279 267 278
1 4 48 269 398 389
1 4 269 26 271 268
1 4 398 271 63 393
1 4 389 268 393 46
1 4 389 269 398 271
1 4 389 398 393 271
1 4 389 393 268 271
1 4 389 268 269 271
1 4 6 123 119 120
1 4 123 53 342 374
1 4 119 342 38 339
1 4 120 374 339 43
1 4 123 339 119 120
1 4 123 339 120 374
1 4 123 339 374 342
1 4 123 339 342 119
1 4 53 138 354 390
1 4 138 7 136 137
1 4 354 136 40 353
1 4 390 137 353 46
1 4 138 353 354 390
1 4 138 353 390 137
1 4 138 353 137 136
1 4 138 353 136 354
1 4 38 337 97 317
1 4 337 40 99 319
1 4 97 99 4 95
1 4 317 319 95 36
1 4 337 95 97 317
1 4 337 95 317 319
1 4 337 95 319 99
1 4 337 95 99 97
1 4 43 370 321 106
1 4 370 46 323 109
1 4 321 323 36 104
1 4 106 109 104 5
1 4 370 104 321 106
1 4 370 104 106 109
1 4 370 104 109 323
1 4 370 104 323 321
1 4 53 324 342 374
1 4 324 36 317 321
1 4 342 317 38 339
1 4 374 321 339 43
1 4 324 339 342 374
1 4 324 339 374 321
1 4 324 339 321 317
1 4 324 339 317 342
1 4 53 324 374 390
1 4 324 36 321 323
1 4 374 321 43 370
1 4 390 323 370 46
1 4 390 324 374 321
1 4 390 374 370 321
1 4 390 370 323 321
1 4 390 323 324 321
1 4 53 324 390 354
1 4 324 36 323 319
1 4 390 323 46 353
1 4 354 319 353 40
1 4 324 353 390 354
1 4 324 353 354 319
1 4 324 353 319 323
1 4 324 353 323 390
1 4 53 324 354 342
1 4 324 36 319 317
1 4 354 319 40 337
1 4 342 317 337 38
1 4 354 324 317 342
1 4 354 342 317 337
1 4 354 337 317 319
1 4 354 319 317 324
1 4 6 123 120 125
1 4 123 53 374 433
1 4 120 374 43 375
1 4 125 433 375 55
1 4 120 123 433 125
1 4 120 125 433 375
1 4 120 375 433 374
1 4 120 374 433 123
1 4 53 138 390 435
1 4 138 7 137 142
1 4 390 137 46 393
1 4 435 142 393 63
1 4 390 138 142 435
1 4 390 435 142 393
1 4 390 393 142 137
1 4 390 137 142 138
1 4 43 370 106 371
1 4 370 46 109 389
1 4 106 109 5 111
1 4 371 389 111 48
1 4 106 370 389 371
1 4 106 371 389 111
1 4 106 111 389 109
1 4 106 109 389 370
1 4 55 444 397 164
1 4 444 63 398 165
1 4 397 398 48 163
1 4 164 165 163 10
1 4 397 444 165 164
1 4 397 164 165 163
1 4 397 163 165 398
1 4 397 398 165 444
1 4 43 374 377 375
1 4 374 53 435 433
1 4 377 435 63 444
1 4 375 433 444 55
1 4 377 374 433 375
1 4 377 375 433 444
1 4 377 444 433 435
1 4 377 435 433 374
1 4 43 375 377 371
1 4 375 55 444 397
1 4 377 444 63 398
1 4 371 397 398 48
1 4 377 375 397 371
1 4 377 371 397 398
1 4 377 398 397 444
1 4 377 444 397 375
1 4 43 371 377 370
1 4 371 48 398 389
1 4 377 398 63 393
1 4 370 389 393 46
1 4 377 371 389 370
1 4 377 370 389 393
1 4 377 393 389 398
1 4 377 398 389 371
1 4 43 370 377 374
1 4 370 46 393 390
1 4 377 393 63 435
1 4 374 390 435 53
1 4 377 370 390 374
1 4 377 374 390 435
1 4 377 435 390 393
1 4 377 393 390 370
1 4 6 123 125 124
1 4 123 53 433 432
1 4 125 433 55 437
1 4 124 432 437 54
1 4 123 437 125 124
1 4 123 437 124 432
1 4 123 437 432 433
1 4 123 437 433 125
1 4 53 138 435 434
1 4 138 7 142 140
1 4 435 142 63 464
1 4 434 140 464 61
1 4 138 464 435 434
1 4 138 464 434 140
1 4 138 464 140 142
1 4 138 464 142 435
1 4 55 444 164 445
1 4 444 63 165 466
1 4 164 165 10 166
1 4 445 466 166 65
1 4 444 166 164 445
1 4 444 166 445 466
1 4 444 166 466 165
1 4 444 166 165 164
1 4 54 439 440 154
1 4 439 61 465 155
1 4 440 465 65 157
1 4 154 155 157 9
1 4 439 157 440 154
1 4 439 157 154 155
1 4 439 157 155 465
1 4 439 157 465 440
1 4 53 436 433 432
1 4 436 65 445 440
1 4 433 445 55 437
1 4 432 440 437 54
1 4 436 437 433 432
1 4 436 437 432 440
1 4 436 437 440 445
1 4 436 437 445 433
1 4 53 436 432 434
1 4 436 65 440 465
1 4 432 440 54 439
1 4 434 465 439 61
1 4 432 436 465 434
1 4 432 434 465 439
1 4 432 439 465 440
1 4 432 440 465 436
1 4 53 436 434 435
1 4 436 65 465 466
1 4 434 465 61 464
1 4 435 466 464 63
1 4 436 464 434 435
1 4 436 464 435 466
1 4 436 464 466 465
1 4 436 464 465 434
1 4 53 436 435 433
1 4 436 65 466 445
1 4 435 466 63 444
1 4 433 445 444 55
1 4 433 436 435 466
1 4 433 435 444 466
1 4 433 444 445 466
1 4 433 445 436 466
1 4 6 123 124 119
1 4 123 53 432 342
1 4 124 432 54 343
1 4 119 342 343 38
1 4 119 123 124 432
1 4 119 124 343 432
1 4 119 343 342 432
1 4 119 342 123 432
1 4 53 138 434 354
1 4 138 7 140 136
1 4 434 140 61 356
1 4 354 136 356 40
1 4 354 138 434 140
1 4 354 434 356 140
1 4 354 356 136 140
1 4 354 136 138 140
1 4 54 439 154 362
1 4 439 61 155 363
1 4 154 155 9 152
1 4 362 363 152 42
1 4 362 439 154 155
1 4 362 154 152 155
1 4 362 152 363 155
1 4 362 363 439 155
1 4 38 337 338 97
1 4 337 40 352 99
1 4 338 352 42 101
1 4 97 99 101 4
1 4 97 337 338 352
1 4 97 338 101 352
1 4 97 101 99 352
1 4 97 99 337 352
1 4 38 342 343 344
1 4 342 53 432 434
1 4 343 432 54 439
1 4 344 434 439 61
1 4 344 342 343 432
1 4 344 343 439 432
1 4 344 439 434 432
1 4 344 434 342 432
1 4 38 343 338 344
1 4 343 54 362 439
1 4 338 362 42 363
1 4 344 439 363 61
1 4 344 343 338 362
1 4 344 338 363 362
1 4 344 363 439 362
1 4 344 439 343 362
1 4 38 338 337 344
1 4 338 42 352 363
1 4 337 352 40 356
1 4 344 363 356 61
1 4 344 338 337 352
1 4 344 337 356 352
1 4 344 356 363 352
1 4 344 363 338 352
1 4 38 337 342 344
1 4 337 40 354 356
1 4 342 354 53 434
1 4 344 356 434 61
1 4 344 337 342 354
1 4 344 342 434 354
1 4 344 434 356 354
1 4 344 356 337 354
1 4 0 75 73 76
1 4 75 18 202 219
1 4 73 202 16 203
1 4 76 219 203 19
1 4 75 203 73 76
1 4 75 203 76 219
1 4 75 203 219 202
1 4 75 203 202 73
1 4 18 117 222 225
1 4 117 6 120 122
1 4 222 120 43 373
1 4 225 122 373 52
1 4 117 373 222 225
1 4 117 373 225 122
1 4 117 373 122 120
1 4 117 373 120 222
1 4 16 207 102 208
1 4 207 43 106 369
1 4 102 106 5 107
1 4 208 369 107 44
1 4 207 107 102 208
1 4 207 107 208 369
1 4 207 107 369 106
1 4 207 107 106 102
1 4 18 223 202 219
1 4 223 44 208 227
1 4 202 208 16 203
1 4 219 227 203 19
1 4 223 203 202 219
1 4 223 203 219 227
1 4 223 203 227 208
1 4 223 203 208 202
1 4 18 223 219 225
1 4 223 44 227 381
1 4 219 227 19 228
1 4 225 381 228 52
1 4 219 223 381 225
1 4 219 225 381 228
1 4 219 228 381 227
1 4 219 227 381 223
1 4 18 223 225 222
1 4 223 44 381 369
1 4 225 381 52 373
1 4 222 369 373 43
1 4 223 373 225 222
1 4 223 373 222 369
1 4 223 373 369 381
1 4 223 373 381 225
1 4 18 223 222 202
1 4 223 44 369 208
1 4 222 369 43 207
1 4 202 208 207 16
1 4 202 223 222 369
1 4 202 222 207 369
1 4 202 207 208 369
1 4 202 208 223 369
1 4 6 118 125 128
1 4 118 30 290 292
1 4 125 290 55 443
1 4 128 292 443 58
1 4 118 443 125 128
1 4 118 443 128 292
1 4 118 443 292 290
1 4 118 443 290 125
1 4 30 87 286 288
1 4 87 3 89 91
1 4 286 89 32 301
1 4 288 91 301 34
1 4 87 301 286 288
1 4 87 301 288 91
1 4 87 301 91 89
1 4 87 301 89 286
1 4 55 302 164 447
1 4 302 32 162 304
1 4 164 162 10 168
1 4 447 304 168 68
1 4 302 168 164 447
1 4 302 168 447 304
1 4 302 168 304 162
1 4 302 168 162 164
1 4 58 310 457 186
1 4 310 34 311 184
1 4 457 311 68 188
1 4 186 184 188 13
1 4 310 188 457 186
1 4 310 188 186 184
1 4 310 188 184 311
1 4 310 188 311 457
1 4 30 294 290 292
1 4 294 68 447 457
1 4 290 447 55 443
1 4 292 457 443 58
1 4 294 443 290 292
1 4 294 443 292 457
1 4 294 443 457 447
1 4 294 443 447 290
1 4 30 294 292 288
1 4 294 68 457 311
1 4 292 457 58 310
1 4 288 311 310 34
1 4 292 294 311 288
1 4 292 288 311 310
1 4 292 310 311 457
1 4 292 457 311 294
1 4 30 294 288 286
1 4 294 68 311 304
1 4 288 311 34 301
1 4 286 304 301 32
1 4 294 301 288 286
1 4 294 301 286 304
1 4 294 301 304 311
1 4 294 301 311 288
1 4 30 294 286 290
1 4 294 68 304 447
1 4 286 304 32 302
1 4 290 447 302 55
1 4 290 294 286 304
1 4 290 286 302 304
1 4 290 302 447 304
1 4 290 447 294 304
1 4 5 111 103 112
1 4 111 48 263 396
1 4 103 263 25 264
1 4 112 396 264 49
1 4 111 264 103 112
1 4 111 264 112 396
1 4 111 264 396 263
1 4 111 264 263 103
1 4 48 163 278 399
1 4 163 10 161 167
1 4 278 161 28 280
1 4 399 167 280 67
1 4 163 280 278 399
1 4 163 280 399 167
1 4 163 280 167 161
1 4 163 280 161 278
1 4 25 259 82 260
1 4 259 28 85 277
1 4 82 85 2 86
1 4 260 277 86 29
1 4 259 86 82 260
1 4 259 86 260 277
1 4 259 86 277 85
1 4 259 86 85 82
1 4 49 403 282 171
1 4 403 67 284 176
1 4 282 284 29 169
1 4 171 176 169 11
1 4 403 169 282 171
1 4 403 169 171 176
1 4 403 169 176 284
1 4 403 169 284 282
1 4 48 281 263 396
1 4 281 29 260 282
1 4 263 260 25 264
1 4 396 282 264 49
1 4 281 264 263 396
1 4 281 264 396 282
1 4 281 264 282 260
1 4 281 264 260 263
1 4 48 281 396 399
1 4 281 29 282 284
1 4 396 282 49 403
1 4 399 284 403 67
1 4 396 281 284 399
1 4 396 399 284 403
1 4 396 403 284 282
1 4 396 282 284 281
1 4 48 281 399 278
1 4 281 29 284 277
1 4 399 284 67 280
1 4 278 277 280 28
1 4 281 280 399 278
1 4 281 280 278 277
1 4 281 280 277 284
1 4 281 280 284 399
1 4 48 281 278 263
1 4 281 29 277 260
1 4 278 277 28 259
1 4 263 260 259 25
1 4 263 281 278 277
1 4 263 278 259 277
1 4 263 259 260 277
1 4 263 260 281 277
1 4 173 177 11 170
1 4 6 126 120 122
1 4 126 56 376 429
1 4 120 376 43 373
1 4 122 429 373 52
1 4 126 373 120 122
1 4 126 373 122 429
1 4 126 373 429 376
1 4 126 373 376 120
1 4 56 172 400 449
1 4 172 11 171 173
1 4 400 171 49 401
1 4 172 401 400 449
1 4 172 401 449 173
1 4 172 401 173 171
1 4 172 401 171 400
1 4 43 372 106 369
1 4 372 49 112 380
1 4 106 112 5 107
1 4 369 380 107 44
1 4 372 107 106 369
1 4 372 107 369 380
1 4 372 107 380 112
1 4 372 107 112 106
1 4 56 382 376 429
1 4 382 44 369 381
1 4 376 369 43 373
1 4 429 381 373 52
1 4 382 373 376 429
1 4 382 373 429 381
1 4 382 373 381 369
1 4 382 373 369 376
1 4 56 382 429 449
1 4 56 382 449 400
1 4 400 380 401 49
1 4 382 401 449 400
1 4 382 401 400 380
1 4 56 382 400 376
1 4 382 44 380 369
1 4 400 380 49 372
1 4 376 369 372 43
1 4 400 382 369 376
1 4 400 376 369 372
1 4 400 372 369 380
1 4 400 380 369 382
1 4 6 126 122 128
1 4 126 56 429 448
1 4 122 429 52 430
1 4 128 448 430 58
1 4 122 126 448 128
1 4 122 128 448 430
1 4 122 430 448 429
1 4 122 429 448 126
1 4 56 172 449 452
1 4 172 11 173 177
1 4 449 172 177 452
1 4 449 173 177 172
1 4 58 458 456 186
1 4 186 189 187 13
1 4 456 458 189 186
1 4 456 186 189 187
1 4 429 56 452 448
1 4 430 448 458 58
1 4 431 429 448 430
1 4 431 430 448 458
1 4 431 458 448 452
1 4 431 452 448 429
1 4 430 58 458 456
1 4 431 458 456 430
1 4 429 449 452 56
1 4 431 429 449 452
1 4 6 126 128 125
1 4 126 56 448 442
1 4 128 448 58 443
1 4 125 442 443 55
1 4 126 443 128 125
1 4 126 443 125 442
1 4 126 443 442 448
1 4 126 443 448 128
1 4 56 172 452 450
1 4 172 11 177 176
1 4 452 177 69 471
1 4 450 176 471 67
1 4 172 471 452 450
1 4 172 471 450 176
1 4 172 471 176 177
1 4 172 471 177 452
1 4 58 458 186 457
1 4 458 69 189 472
1 4 186 189 13 188
1 4 457 472 188 68
1 4 458 188 186 457
1 4 458 188 457 472
1 4 458 188 472 189
1 4 458 188 189 186
1 4 55 446 447 164
1 4 446 67 470 167
1 4 447 470 68 168
1 4 164 167 168 10
1 4 446 168 447 164
1 4 446 168 164 167
1 4 446 168 167 470
1 4 446 168 470 447
1 4 56 451 448 442
1 4 451 68 457 447
1 4 448 457 58 443
1 4 442 447 443 55
1 4 451 443 448 442
1 4 451 443 442 447
1 4 451 443 447 457
1 4 451 443 457 448
1 4 56 451 442 450
1 4 451 68 447 470
1 4 442 447 55 446
1 4 450 470 446 67
1 4 442 451 470 450
1 4 442 450 470 446
1 4 442 446 470 447
1 4 442 447 470 451
1 4 56 451 450 452
1 4 451 68 470 472
1 4 450 470 67 471
1 4 452 472 471 69
1 4 451 471 450 452
1 4 451 471 452 472
1 4 451 471 472 470
1 4 451 471 470 450
1 4 56 451 452 448
1 4 451 68 472 457
1 4 452 472 69 458
1 4 448 457 458 58
1 4 448 451 452 472
1 4 448 452 458 472
1 4 448 458 457 472
1 4 448 457 451 472
1 4 6 126 125 120
1 4 126 56 442 376
1 4 125 442 55 375
1 4 120 376 375 43
1 4 120 126 125 442
1 4 120 125 375 442
1 4 120 375 376 442
1 4 120 376 126 442
1 4 56 172 450 400
1 4 172 11 176 171
1 4 450 176 67 403
1 4 400 171 403 49
1 4 400 172 450 176
1 4 400 450 403 176
1 4 400 403 171 176
1 4 400 171 172 176
1 4 55 446 164 397
1 4 446 67 167 399
1 4 164 167 10 163
1 4 397 399 163 48
1 4 397 446 164 167
1 4 397 164 163 167
1 4 397 163 399 167
1 4 397 399 446 167
1 4 43 372 371 106
1 4 372 49 396 112
1 4 371 396 48 111
1 4 106 112 111 5
1 4 106 372 371 396
1 4 106 371 111 396
1 4 106 111 112 396
1 4 106 112 372 396
1 4 43 376 375 378
1 4 376 56 442 450
1 4 375 442 55 446
1 4 378 450 446 67
1 4 378 376 375 442
1 4 378 375 446 442
1 4 378 446 450 442
1 4 378 450 376 442
1 4 43 375 371 378
1 4 375 55 397 446
1 4 371 397 48 399
1 4 378 446 399 67
1 4 378 375 371 397
1 4 378 371 399 397
1 4 378 399 446 397
1 4 378 446 375 397
1 4 43 371 372 378
1 4 371 48 396 399
1 4 372 396 49 403
1 4 378 399 403 67
1 4 378 371 372 396
1 4 378 372 403 396
1 4 378 403 399 396
1 4 378 399 371 396
1 4 43 372 376 378
1 4 372 49 400 403
1 4 376 400 56 450
1 4 378 403 450 67
1 4 378 372 376 400
1 4 378 376 450 400
1 4 378 450 403 400
1 4 378 403 372 400
1 4 0 73 71 72
1 4 73 16 192 199
1 4 71 192 14 191
1 4 72 199 191 15
1 4 73 191 71 72
1 4 73 191 72 199
1 4 73 191 199 192
1 4 73 191 192 71
1 4 16 102 205 206
1 4 102 5 104 105
1 4 205 104 36 320
1 4 102 320 205 206
1 4 102 320 206 105
1 4 102 320 105 104
1 4 102 320 104 205
1 4 14 196 92 195
1 4 196 36 95 313
1 4 92 95 4 94
1 4 195 313 94 35
1 4 196 94 92 195
1 4 196 94 195 313
1 4 196 94 313 95
1 4 196 94 95 92
1 4 16 204 192 199
1 4 192 195 14 191
1 4 204 191 192 199
1 4 204 191 195 192
1 4 16 204 199 206
1 4 16 204 206 205
1 4 205 313 320 36
1 4 204 320 206 205
1 4 204 320 205 313
1 4 16 204 205 192
1 4 204 35 313 195
1 4 205 313 36 196
1 4 192 195 196 14
1 4 192 204 205 313
1 4 192 205 196 313
1 4 192 196 195 313
1 4 192 195 204 313
1 4 5 103 109 110
1 4 103 25 261 262
1 4 109 261 46 388
1 4 110 262 388 47
1 4 103 388 109 110
1 4 103 388 110 262
1 4 103 388 262 261
1 4 103 388 261 109
1 4 25 82 257 258
1 4 82 2 83 84
1 4 257 83 26 266
1 4 258 84 266 27
1 4 82 266 257 258
1 4 82 266 258 84
1 4 82 266 84 83
1 4 82 266 83 257
1 4 46 268 137 392
1 4 268 26 135 270
1 4 137 135 7 141
1 4 392 270 141 62
1 4 268 141 137 392
1 4 268 141 392 270
1 4 268 141 270 135
1 4 268 141 135 137
1 4 273 27 275 159
1 4 395 275 62 160
1 4 273 160 159 275
1 4 273 160 275 395
1 4 25 265 261 262
1 4 265 62 392 395
1 4 261 392 46 388
1 4 262 395 388 47
1 4 265 388 261 262
1 4 265 388 262 395
1 4 265 388 395 392
1 4 265 388 392 261
1 4 25 265 262 258
1 4 265 62 395 275
1 4 262 395 47 273
1 4 258 275 273 27
1 4 262 265 275 258
1 4 262 258 275 273
1 4 262 273 275 395
1 4 262 395 275 265
1 4 25 265 258 257
1 4 265 62 275 270
1 4 258 275 27 266
1 4 257 270 266 26
1 4 265 266 258 257
1 4 265 266 257 270
1 4 265 266 270 275
1 4 265 266 275 258
1 4 25 265 257 261
1 4 265 62 270 392
1 4 257 270 26 268
1 4 261 392 268 46
1 4 261 265 257 270
1 4 261 257 268 270
1 4 261 268 392 270
1 4 261 392 265 270
1 4 4 99 93 98
1 4 99 40 234 345
1 4 93 234 20 233
1 4 98 345 233 39
1 4 99 233 93 98
1 4 99 233 98 345
1 4 99 233 345 234
1 4 99 233 234 93
1 4 40 136 245 355
1 4 136 7 134 139
1 4 245 134 22 247
1 4 355 139 247 59
1 4 136 247 245 355
1 4 136 247 355 139
1 4 136 247 139 134
1 4 136 247 134 245
1 4 20 230 77 229
1 4 230 22 79 237
1 4 77 79 1 78
1 4 229 237 78 21
1 4 230 78 77 229
1 4 230 78 229 237
1 4 230 78 237 79
1 4 230 78 79 77
1 4 39 350 239 130
1 4 350 59 242 132
1 4 239 242 21 129
1 4 350 129 239 130
1 4 350 129 130 132
1 4 350 129 132 242
1 4 350 129 242 239
1 4 40 240 234 345
1 4 240 21 229 239
1 4 234 229 20 233
1 4 345 239 233 39
1 4 240 233 234 345
1 4 240 233 345 239
1 4 240 233 239 229
1 4 240 233 229 234
1 4 40 240 345 355
1 4 240 21 239 242
1 4 345 239 39 350
1 4 355 242 350 59
1 4 345 240 242 355
1 4 345 355 242 350
1 4 345 350 242 239
1 4 345 239 242 240
1 4 40 240 355 245
1 4 240 21 242 237
1 4 355 242 59 247
1 4 245 237 247 22
1 4 240 247 355 245
1 4 240 247 245 237
1 4 240 247 237 242
1 4 240 247 242 355
1 4 40 240 245 234
1 4 240 21 237 229
1 4 245 237 22 230
1 4 234 229 230 20
1 4 234 240 245 237
1 4 234 245 230 237
1 4 234 230 229 237
1 4 234 229 240 237
1 4 5 108 104 105
1 4 108 45 322 366
1 4 104 322 36 320
1 4 108 320 104 105
1 4 108 320 105 366
1 4 108 320 366 322
1 4 108 320 322 104
1 4 45 131 348 368
1 4 348 130 39 347
1 4 131 347 348 368
1 4 131 347 130 348
1 4 36 318 95 313
1 4 318 39 98 315
1 4 95 98 4 94
1 4 313 315 94 35
1 4 318 94 95 313
1 4 318 94 313 315
1 4 318 94 315 98
1 4 318 94 98 95
1 4 45 316 322 366
1 4 322 313 36 320
1 4 316 320 322 366
1 4 316 320 313 322
1 4 45 316 366 368
1 4 45 316 368 348
1 4 348 315 347 39
1 4 316 347 368 348
1 4 316 347 348 315
1 4 45 316 348 322
1 4 348 315 39 318
1 4 322 313 318 36
1 4 348 316 313 322
1 4 348 322 313 318
1 4 348 318 313 315
1 4 348 315 313 316
1 4 5 108 105 110
1 4 108 45 366 384
1 4 110 384 367 47
1 4 105 108 384 110
1 4 105 110 384 367
1 4 105 367 384 366
1 4 105 366 384 108
1 4 45 131 368 386
1 4 366 45 386 384
1 4 366 368 386 45
1 4 5 108 110 109
1 4 108 45 384 383
1 4 110 384 47 388
1 4 109 383 388 46
1 4 108 388 110 109
1 4 108 388 109 383
1 4 108 388 383 384
1 4 108 388 384 110
1 4 45 131 386 385
1 4 385 132 460 59
1 4 131 460 386 385
1 4 131 460 385 132
1 4 395 463 160 62
1 4 46 391 392 137
1 4 391 59 461 139
1 4 392 461 62 141
1 4 137 139 141 7
1 4 391 141 392 137
1 4 391 141 137 139
1 4 391 141 139 461
1 4 391 141 461 392
1 4 45 387 384 383
1 4 387 62 395 392
1 4 384 395 47 388
1 4 383 392 388 46
1 4 387 388 384 383
1 4 387 388 383 392
1 4 387 388 392 395
1 4 387 388 395 384
1 4 45 387 383 385
1 4 387 62 392 461
1 4 383 392 46 391
1 4 385 461 391 59
1 4 383 387 461 385
1 4 383 385 461 391
1 4 383 391 461 392
1 4 383 392 461 387
1 4 45 387 385 386
1 4 387 62 461 463
1 4 385 461 59 460
1 4 387 460 385 386
1 4 387 460 386 463
1 4 387 460 463 461
1 4 387 460 461 385
1 4 45 387 386 384
1 4 387 62 463 395
1 4 384 387 386 463
1 4 384 395 387 463
1 4 5 108 109 104
1 4 108 45 383 322
1 4 109 383 46 323
1 4 104 322 323 36
1 4 104 108 109 383
1 4 104 109 323 383
1 4 104 323 322 383
1 4 104 322 108 383
1 4 45 131 385 348
1 4 385 132 59 350
1 4 348 130 350 39
1 4 348 131 385 132
1 4 348 385 350 132
1 4 348 350 130 132
1 4 348 130 131 132
1 4 46 391 137 353
1 4 391 59 139 355
1 4 137 139 7 136
1 4 353 355 136 40
1 4 353 391 137 139
1 4 353 137 136 139
1 4 353 136 355 139
1 4 353 355 391 139
1 4 36 318 319 95
1 4 318 39 345 98
1 4 319 345 40 99
1 4 95 98 99 4
1 4 95 318 319 345
1 4 95 319 99 345
1 4 95 99 98 345
1 4 95 98 318 345
1 4 36 322 323 325
1 4 322 45 383 385
1 4 323 383 46 391
1 4 325 385 391 59
1 4 325 322 323 383
1 4 325 323 391 383
1 4 325 391 385 383
1 4 325 385 322 383
1 4 36 323 319 325
1 4 323 46 353 391
1 4 319 353 40 355
1 4 325 391 355 59
1 4 325 323 319 353
1 4 325 319 355 353
1 4 325 355 391 353
1 4 325 391 323 353
1 4 36 319 318 325
1 4 319 40 345 355
1 4 318 345 39 350
1 4 325 355 350 59
1 4 325 319 318 345
1 4 325 318 350 345
1 4 325 350 355 345
1 4 325 355 319 345
1 4 36 318 322 325
1 4 318 39 348 350
1 4 322 348 45 385
1 4 325 350 385 59
1 4 325 318 322 348
1 4 325 322 385 348
1 4 325 385 350 348
1 4 325 350 318 348
1 4 0 76 73 72
1 4 76 19 203 201
1 4 73 203 16 199
1 4 72 201 199 15
1 4 76 199 73 72
1 4 76 199 72 201
1 4 76 199 201 203
1 4 76 199 203 73
1 4 16 208 102 206
1 4 208 44 107 365
1 4 102 107 5 105
1 4 208 105 102 206
1 4 208 105 206 365
1 4 208 105 365 107
1 4 208 105 107 102
1 4 19 226 203 201
1 4 203 206 16 199
1 4 226 199 203 201
1 4 226 199 206 203
1 4 19 226 227 203
1 4 227 365 44 208
1 4 203 206 208 16
1 4 203 226 227 365
1 4 203 227 208 365
1 4 203 208 206 365
1 4 203 206 226 365
1 4 173 170 11 175
1 4 5 112 103 110
1 4 112 49 264 394
1 4 103 264 25 262
1 4 110 394 262 47
1 4 112 262 103 110
1 4 112 262 110 394
1 4 112 262 394 264
1 4 112 262 264 103
1 4 49 171 282 402
1 4 171 11 169 174
1 4 282 169 29 283
1 4 171 283 282 402
1 4 171 283 402 174
1 4 171 283 174 169
1 4 171 283 169 282
1 4 25 260 82 258
1 4 260 29 86 272
1 4 82 86 2 84
1 4 258 272 84 27
1 4 260 84 82 258
1 4 260 84 258 272
1 4 260 84 272 86
1 4 260 84 86 82
1 4 273 276 27 159
1 4 49 274 264 394
1 4 274 27 258 273
1 4 264 258 25 262
1 4 394 273 262 47
1 4 274 262 264 394
1 4 274 262 394 273
1 4 274 262 273 258
1 4 274 262 258 264
1 4 49 274 394 402
1 4 274 27 273 276
1 4 394 274 276 402
1 4 394 273 276 274
1 4 49 274 402 282
1 4 274 27 276 272
1 4 282 272 283 29
1 4 274 283 402 282
1 4 274 283 282 272
1 4 274 283 272 276
1 4 274 283 276 402
1 4 49 274 282 264
1 4 274 27 272 258
1 4 282 272 29 260
1 4 264 258 260 25
1 4 264 274 282 272
1 4 264 282 260 272
1 4 264 260 258 272
1 4 264 258 274 272
1 4 44 379 107 365
1 4 379 47 110 367
1 4 107 110 5 105
1 4 379 105 107 365
1 4 379 105 365 367
1 4 379 105 367 110
1 4 379 105 110 107
1 4 173 174 175 11
1 4 173 174 11 171
1 4 401 402 171 49
1 4 401 173 171 174
1 4 401 171 402 174
1 4 44 379 380 107
1 4 379 47 394 110
1 4 380 394 49 112
1 4 107 110 112 5
1 4 107 379 380 394
1 4 107 380 112 394
1 4 107 112 110 394
1 4 107 110 379 394
1 4 380 401 49 402
1 4 380 49 394 402

boundary
440
1 2 70 473 183
1 2 182 183 473
1 2 183 182 12
1 2 12 178 183
1 2 308 183 178
1 2 178 33 308
1 2 183 308 70
1 2 34 312 305
1 2 308 305 312
1 2 312 70 308
1 2 305 308 33
1 2 33 90 305
1 2 91 305 90
1 2 90 3 91
1 2 305 91 34
1 2 70 312 190
1 2 184 190 312
1 2 312 34 184
1 2 190 184 13
1 2 60 146 462
1 2 148 462 146
1 2 146 8 148
1 2 8 146 143
1 2 251 143 146
1 2 146 60 251
1 2 143 251 23
1 2 21 238 243
1 2 251 243 238
1 2 238 23 251
1 2 243 251 60
1 2 60 133 243
1 2 129 243 133
1 2 243 129 21
1 2 23 238 80
1 2 78 80 238
1 2 238 21 78
1 2 80 78 1
1 2 9 158 156
1 2 468 156 158
1 2 158 66 468
1 2 156 468 64
1 2 468 469 467
1 2 467 64 468
1 2 469 468 66
1 2 66 181 469
1 2 64 467 147
1 2 149 147 467
1 2 147 149 8
1 2 8 143 147
1 2 252 147 143
1 2 143 23 252
1 2 147 252 64
1 2 24 256 249
1 2 252 249 256
1 2 256 64 252
1 2 249 252 23
1 2 23 80 249
1 2 81 249 80
1 2 80 1 81
1 2 249 81 24
1 2 64 256 156
1 2 150 156 256
1 2 256 24 150
1 2 156 150 9
1 2 12 181 178
1 2 307 178 181
1 2 181 66 307
1 2 178 307 33
1 2 31 296 300
1 2 307 300 296
1 2 296 33 307
1 2 300 307 66
1 2 66 158 300
1 2 151 300 158
1 2 158 9 151
1 2 300 151 31
1 2 33 296 90
1 2 88 90 296
1 2 296 31 88
1 2 90 88 3
1 2 3 88 89
1 2 295 89 88
1 2 88 31 295
1 2 89 295 32
1 2 65 303 299
1 2 295 299 303
1 2 303 32 295
1 2 299 295 31
1 2 31 151 299
1 2 157 299 151
1 2 151 9 157
1 2 299 157 65
1 2 32 303 162
1 2 166 162 303
1 2 303 65 166
1 2 162 166 10
1 2 7 142 140
1 2 464 140 142
1 2 142 63 464
1 2 140 464 61
1 2 65 465 466
1 2 464 466 465
1 2 465 61 464
1 2 466 464 63
1 2 63 165 466
1 2 166 466 165
1 2 165 10 166
1 2 466 166 65
1 2 61 465 155
1 2 157 155 465
1 2 465 65 157
1 2 155 157 9
1 2 9 150 155
1 2 255 155 150
1 2 150 24 255
1 2 155 255 61
1 2 22 248 244
1 2 255 244 248
1 2 248 61 255
1 2 244 255 24
1 2 24 81 244
1 2 79 244 81
1 2 81 1 79
1 2 244 79 22
1 2 61 248 140
1 2 134 140 248
1 2 248 22 134
1 2 140 134 7
1 2 10 165 161
1 2 279 161 165
1 2 165 63 279
1 2 161 279 28
1 2 26 267 271
1 2 279 271 267
1 2 267 28 279
1 2 271 279 63
1 2 63 142 271
1 2 135 271 142
1 2 142 7 135
1 2 271 135 26
1 2 28 267 85
1 2 83 85 267
1 2 267 26 83
1 2 85 83 2
1 2 3 89 91
1 2 301 91 89
1 2 89 32 301
1 2 91 301 34
1 2 68 311 304
1 2 301 304 311
1 2 311 34 301
1 2 304 301 32
1 2 32 162 304
1 2 168 304 162
1 2 162 10 168
1 2 304 168 68
1 2 34 311 184
1 2 188 184 311
1 2 311 68 188
1 2 184 188 13
1 2 11 177 176
1 2 471 176 177
1 2 177 69 471
1 2 176 471 67
1 2 68 470 472
1 2 471 472 470
1 2 470 67 471
1 2 472 471 69
1 2 69 189 472
1 2 188 472 189
1 2 189 13 188
1 2 472 188 68
1 2 67 470 167
1 2 168 167 470
1 2 470 68 168
1 2 167 168 10
1 2 10 161 167
1 2 280 167 161
1 2 161 28 280
1 2 167 280 67
1 2 29 284 277
1 2 280 277 284
1 2 284 67 280
1 2 277 280 28
1 2 28 85 277
1 2 86 277 85
1 2 85 2 86
1 2 277 86 29
1 2 67 284 176
1 2 169 176 284
1 2 284 29 169
1 2 176 169 11
1 2 177 11 170
1 2 2 83 84
1 2 266 84 83
1 2 83 26 266
1 2 84 266 27
1 2 62 275 270
1 2 266 270 275
1 2 275 27 266
1 2 270 266 26
1 2 26 135 270
1 2 141 270 135
1 2 135 7 141
1 2 270 141 62
1 2 27 275 159
1 2 160 159 275
1 2 275 62 160
1 2 132 460 59
1 2 62 461 463
1 2 460 463 461
1 2 461 59 460
1 2 463 160 62
1 2 59 461 139
1 2 141 139 461
1 2 461 62 141
1 2 139 141 7
1 2 7 134 139
1 2 247 139 134
1 2 134 22 247
1 2 139 247 59
1 2 21 242 237
1 2 247 237 242
1 2 242 59 247
1 2 237 247 22
1 2 22 79 237
1 2 78 237 79
1 2 79 1 78
1 2 237 78 21
1 2 59 242 132
1 2 129 132 242
1 2 242 21 129
1 2 170 11 175
1 2 174 175 11
1 2 11 169 174
1 2 283 174 169
1 2 169 29 283
1 2 27 276 272
1 2 283 272 276
1 2 272 283 29
1 2 29 86 272
1 2 84 272 86
1 2 86 2 84
1 2 272 84 27
1 2 276 27 159
2 2 113 404 217
2 2 113 115 404
2 2 218 52 228
2 2 210 228 19
2 2 218 228 210
2 2 218 210 217
2 2 218 408 52
2 2 218 217 404
2 2 218 404 408
2 2 179 12 182
2 2 115 407 404
2 2 185 13 187
2 2 185 456 427
2 2 185 187 456
2 2 408 430 52
2 2 407 408 404
2 2 427 456 430
2 2 427 408 407
2 2 427 430 408
2 2 185 190 13
2 2 428 70 190
2 2 185 428 190
2 2 426 179 182
2 2 426 182 473
2 2 428 473 70
2 2 428 426 473
2 2 426 428 423
2 2 115 406 407
2 2 407 406 423
2 2 427 428 185
2 2 424 179 426
2 2 428 407 423
2 2 406 426 423
2 2 426 406 424
2 2 407 428 427
2 2 210 19 201
2 2 200 201 15
2 2 201 200 210
2 2 113 217 214
2 2 215 210 200
2 2 215 200 214
2 2 215 214 217
2 2 215 217 210
2 2 200 15 191
2 2 113 214 330
2 2 113 330 114
2 2 211 195 35
2 2 211 200 191
2 2 211 191 195
2 2 211 35 314
2 2 211 330 214
2 2 211 314 330
2 2 211 214 200
2 2 145 148 8
2 2 129 133 130
2 2 114 330 332
2 2 349 347 130
2 2 314 35 315
2 2 332 330 314
2 2 349 332 314
2 2 349 314 315
2 2 349 315 347
2 2 114 332 333
2 2 414 133 60
2 2 349 133 414
2 2 349 130 133
2 2 358 416 145
2 2 332 335 333
2 2 335 60 416
2 2 335 414 60
2 2 335 358 333
2 2 335 416 358
2 2 335 332 349
2 2 335 349 414
2 2 416 60 462
2 2 416 148 145
2 2 416 462 148
2 2 113 114 115
2 2 145 8 149
2 2 116 115 114
2 2 115 116 418
2 2 115 418 406
2 2 424 425 179
2 2 179 181 12
2 2 425 181 179
2 2 406 418 425
2 2 425 424 406
2 2 116 415 418
2 2 425 469 181
2 2 417 145 149
2 2 417 149 467
2 2 421 418 415
2 2 415 467 421
2 2 415 417 467
2 2 421 467 469
2 2 418 421 469
2 2 418 469 425
2 2 114 415 116
2 2 114 333 415
2 2 358 145 417
2 2 333 417 415
2 2 417 333 358
2 2 227 19 228
2 2 381 228 52
2 2 44 227 381
2 2 228 381 227
2 2 189 187 13
2 2 173 177 170
2 2 401 449 173
2 2 382 44 381
2 2 429 381 52
2 2 382 381 429
2 2 382 429 449
2 2 382 380 44
2 2 382 449 401
2 2 382 401 380
2 2 429 52 430
2 2 452 69 177
2 2 449 452 177
2 2 449 177 173
2 2 458 189 69
2 2 456 189 458
2 2 456 187 189
2 2 431 429 430
2 2 452 458 69
2 2 431 458 452
2 2 431 430 456
2 2 431 456 458
2 2 431 449 429
2 2 431 452 449
2 2 199 191 15
2 2 320 206 105
2 2 204 35 195
2 2 204 191 199
2 2 204 195 191
2 2 204 199 206
2 2 204 313 35
2 2 204 206 320
2 2 204 320 313
2 2 395 47 273
2 2 273 160 395
2 2 273 159 160
2 2 129 130 132
2 2 320 105 366
2 2 131 347 368
2 2 131 130 347
2 2 313 315 35
2 2 316 320 366
2 2 316 313 320
2 2 316 366 368
2 2 316 368 347
2 2 316 347 315
2 2 315 313 316
2 2 105 367 366
2 2 384 367 47
2 2 367 384 366
2 2 131 368 386
2 2 366 384 386
2 2 366 386 368
2 2 131 386 460
2 2 131 460 132
2 2 395 160 463
2 2 384 47 395
2 2 460 386 463
2 2 384 463 386
2 2 384 395 463
2 2 130 131 132
2 2 201 199 15
2 2 105 206 365
2 2 19 226 201
2 2 226 199 201
2 2 226 206 199
2 2 19 227 226
2 2 227 44 365
2 2 226 227 365
2 2 206 226 365
2 2 173 170 175
2 2 283 402 174
2 2 273 276 159
2 2 394 273 47
2 2 394 402 276
2 2 394 276 273
2 2 283 276 402
2 2 44 379 365
2 2 379 47 367
2 2 105 365 367
2 2 379 367 365
2 2 173 175 174
2 2 401 173 174
2 2 401 174 402
2 2 44 380 379
2 2 379 394 47
2 2 379 380 394
2 2 380 401 402
2 2 380 402 394

vertices
474

nodes
FiniteElementSpace
FiniteElementCollection: H1_3D_P1
VDim: 3
Ordering: 1

0 0 0
-1 0 0
0 0 -1
0 -1 0
-0.5 0 0
0 0 -0.5
0 -0.5 0
-0.707107 0 -0.707107
-0.707107 0 0.707107
-0.707107 -0.707107 0
0 -0.707107 -0.707107
0.707107 0 -0.707107
0 -0.707107 0.707107
0.707107 -0.707107 0
-0.25 0 0
0 0.25 0
0 0 -0.25
0 0 0.25
0 -0.25 0
0.25 0 0
-0.75 0 0
-0.948683 0.316228 0
-0.948683 0 -0.316228
-0.948683 0 0.316228
-0.948683 -0.316228 0
0 0 -0.75
-0.316228 0 -0.948683
0 0.316228 -0.948683
0 -0.316228 -0.948683
0.316228 0 -0.948683
0 -0.75 0
-0.316228 -0.948683 0
0 -0.948683 -0.316228
0 -0.948683 0.316228
0.316228 -0.948683 0
-0.353553 0.353553 0
-0.353553 0 -0.353553
-0.353553 0 0.353553
-0.353553 -0.353553 0
-0.67082 0.33541 0
-0.67082 0 -0.33541
-0.67082 0 0.33541
-0.67082 -0.33541 0
0 -0.353553 -0.353553
0.353553 0 -0.353553
-0.433013 0.433013 -0.433013
-0.33541 0 -0.67082
0 0.33541 -0.67082
0 -0.33541 -0.67082
0.33541 0 -0.67082
0 -0.353553 0.353553
-0.433013 -0.433013 0.433013
0.353553 -0.353553 0
-0.433013 -0.433013 -0.433013
-0.33541 -0.67082 0
0 -0.67082 -0.33541
0.433013 -0.433013 -0.433013
0 -0.67082 0.33541
0.33541 -0.67082 0
-0.816497 0.408248 -0.408248
-0.816497 0.408248 0.408248
-0.816497 -0.408248 -0.408248
-0.408248 0.408248 -0.816497
-0.408248 -0.408248 -0.816497
-0.816497 -0.408248 0.408248
-0.408248 -0.816497 -0.408248
-0.408248 -0.816497 0.408248
0.408248 -0.408248 -0.816497
0.408248 -0.816497 -0.408248
0.816497 -0.408248 -0.408248
0.408248 -0.816497 0.408248
-0.125 0 0
0 0.125 0
0 0 -0.125
0 0 0.125
0 -0.125 0
0.125 0 0
-0.875 0 0
-0.989949 0.141421 0
-0.989949 0 -0.141421
-0.989949 0 0.141421
-0.989949 -0.141421 0
0 0 -0.875
-0.141421 0 -0.989949
0 0.141421 -0.989949
0 -0.141421 -0.989949
0.141421 0 -0.989949
0 -0.875 0
-0.141421 -0.989949 0
0 -0.989949 -0.141421
0 -0.989949 0.141421
0.141421 -0.989949 0
-0.375 0 0
-0.625 0 0
-0.474342 0.158114 0
-0.474342 0 -0.158114
-0.474342 0 0.158114
-0.474342 -0.158114 0
-0.606339 0.151585 0
-0.606339 0 -0.151585
-0.606339 0 0.151585
-0.606339 -0.151585 0
0 0 -0.375
0 0 -0.625
-0.158114 0 -0.474342
0 0.158114 -0.474342
0 -0.158114 -0.474342
0.158114 0 -0.474342
-0.188445 0.188445 -0.565334
-0.151585 0 -0.606339
0 0.151585 -0.606339
0 -0.151585 -0.606339
0.151585 0 -0.606339
0 0 0.375
-0.158114 0 0.474342
0 -0.158114 0.474342
-0.188445 -0.188445 0.565334
0 -0.375 0
0 -0.625 0
-0.158114 -0.474342 0
0 -0.474342 -0.158114
0 -0.474342 0.158114
0.158114 -0.474342 0
-0.188445 -0.565334 -0.188445
-0.151585 -0.606339 0
0 -0.606339 -0.151585
0.188445 -0.565334 -0.188445
0 -0.606339 0.151585
0.151585 -0.606339 0
-0.857493 0.514496 0
-0.7 0.525 0
-0.602216 0.602216 -0.200739
-0.784465 0.588348 -0.196116
-0.784465 0.588348 0.196116
-0.857493 0 -0.514496
-0.514496 0 -0.857493
-0.7 0 -0.525
-0.525 0 -0.7
-0.602216 -0.200739 -0.602216
-0.784465 0.196116 -0.588348
-0.784465 -0.196116 -0.588348
-0.588348 0.196116 -0.784465
-0.588348 -0.196116 -0.784465
-0.857493 0 0.514496
-0.7 0 0.525
-0.525 0 0.7
-0.784465 0.196116 0.588348
-0.784465 -0.196116 0.588348
-0.588348 0.196116 0.784465
-0.588348 -0.196116 0.784465
-0.857493 -0.514496 0
-0.514496 -0.857493 0
-0.7 -0.525 0
-0.602216 -0.602216 0.200739
-0.525 -0.7 0
-0.784465 -0.588348 -0.196116
-0.784465 -0.588348 0.196116
-0.588348 -0.784465 -0.196116
-0.588348 -0.784465 0.196116
0 0.514496 -0.857493
-0.196116 0.588348 -0.784465
0 -0.514496 -0.857493
0 -0.857493 -0.514496
0 -0.525 -0.7
0 -0.7 -0.525
-0.196116 -0.588348 -0.784465
-0.196116 -0.784465 -0.588348
0.196116 -0.588348 -0.784465
0.196116 -0.784465 -0.588348
0.514496 0 -0.857493
0.857493 0 -0.514496
0.525 0 -0.7
0.602216 -0.200739 -0.602216
0.7 0 -0.525
0.588348 0.196116 -0.784465
0.784465 0.196116 -0.588348
0.588348 -0.196116 -0.784465
0.784465 -0.196116 -0.588348
0 -0.857493 0.514496
0 -0.525 0.7
0 -0.7 0.525
-0.196116 -0.784465 0.588348
0.196116 -0.588348 0.784465
0.196116 -0.784465 0.588348
0.514496 -0.857493 0
0.602216 -0.602216 0.200739
0.525 -0.7 0
0.7 -0.525 0
0.588348 -0.784465 -0.196116
0.784465 -0.588348 -0.196116
0.588348 -0.784465 0.196116
-0.176777 0.176777 0
-0.176777 0 -0.176777
-0.176777 0 0.176777
-0.176777 -0.176777 0
-0.33541 0.167705 0
-0.33541 0 -0.167705
-0.33541 0 0.167705
-0.33541 -0.167705 0
0 0.176777 -0.176777
0 0.176777 0.176777
0.176777 0.176777 0
0 -0.176777 -0.176777
0.176777 0 -0.176777
-0.216506 0.216506 -0.216506
-0.167705 0 -0.33541
0 0.167705 -0.33541
0 -0.167705 -0.33541
0.167705 0 -0.33541
0 -0.176777 0.176777
0.176777 0 0.176777
-0.216506 0.216506 0.216506
-0.167705 0 0.33541
-0.216506 -0.216506 0.216506
0 0.167705 0.33541
0.216506 0.216506 0.216506
0 -0.167705 0.33541
0.167705 0 0.33541
0.216506 -0.216506 0.216506
0.176777 -0.176777 0
-0.216506 -0.216506 -0.216506
-0.167705 -0.33541 0
0 -0.33541 -0.167705
0.216506 -0.216506 -0.216506
0 -0.33541 0.167705
0.167705 -0.33541 0
0.216506 0.216506 -0.216506
0.33541 0 -0.167705
0.33541 -0.167705 0
-0.863095 0.143849 0
-0.863095 0 -0.143849
-0.863095 0 0.143849
-0.863095 -0.143849 0
-0.735436 0.147087 0
-0.735436 0 -0.147087
-0.735436 0 0.147087
-0.735436 -0.147087 0
-0.973329 0.162221 -0.162221
-0.973329 0.162221 0.162221
-0.812417 0.324967 0
-0.841969 0.168394 -0.168394
-0.841969 0.168394 0.168394
-0.912871 0.365148 -0.182574
-0.912871 0.365148 0.182574
-0.973329 -0.162221 -0.162221
-0.812417 0 -0.324967
-0.841969 -0.168394 -0.168394
-0.912871 0.182574 -0.365148
-0.912871 -0.182574 -0.365148
-0.973329 -0.162221 0.162221
-0.812417 0 0.324967
-0.912871 0.182574 0.365148
-0.912871 -0.182574 0.365148
-0.841969 -0.168394 0.168394
-0.812417 -0.324967 0
-0.912871 -0.365148 -0.182574
-0.912871 -0.365148 0.182574
-0.143849 0 -0.863095
0 0.143849 -0.863095
0 -0.143849 -0.863095
0.143849 0 -0.863095
-0.147087 0 -0.735436
0 0.147087 -0.735436
0 -0.147087 -0.735436
0.147087 0 -0.735436
-0.168394 0.168394 -0.841969
-0.162221 0.162221 -0.973329
-0.162221 -0.162221 -0.973329
-0.324967 0 -0.812417
-0.168394 -0.168394 -0.841969
-0.365148 0.182574 -0.912871
-0.365148 -0.182574 -0.912871
0.162221 0.162221 -0.973329
0 0.324967 -0.812417
0.168394 0.168394 -0.841969
-0.182574 0.365148 -0.912871
0.182574 0.365148 -0.912871
0.162221 -0.162221 -0.973329
0 -0.324967 -0.812417
-0.182574 -0.365148 -0.912871
0.182574 -0.365148 -0.912871
0.168394 -0.168394 -0.841969
0.324967 0 -0.812417
0.365148 0.182574 -0.912871
0.365148 -0.182574 -0.912871
-0.143849 -0.863095 0
0 -0.863095 -0.143849
0 -0.863095 0.143849
0.143849 -0.863095 0
-0.147087 -0.735436 0
0 -0.735436 -0.147087
0 -0.735436 0.147087
0.147087 -0.735436 0
-0.168394 -0.841969 -0.168394
0.168394 -0.841969 -0.168394
-0.162221 -0.973329 -0.162221
-0.162221 -0.973329 0.162221
-0.324967 -0.812417 0
-0.168394 -0.841969 0.168394
-0.365148 -0.912871 -0.182574
-0.365148 -0.912871 0.182574
0.162221 -0.973329 -0.162221
0 -0.812417 -0.324967
-0.182574 -0.912871 -0.365148
0.182574 -0.912871 -0.365148
0.162221 -0.973329 0.162221
0 -0.812417 0.324967
-0.182574 -0.912871 0.365148
0.182574 -0.912871 0.365148
0.168394 -0.841969 0.168394
0.324967 -0.812417 0
0.365148 -0.912871 -0.182574
0.365148 -0.912871 0.182574
-0.408248 0.204124 -0.204124
-0.408248 0.204124 0.204124
-0.520031 0.346688 0
-0.416667 0.416667 -0.208333
-0.408248 -0.204124 -0.204124
-0.565334 0.188445 -0.188445
-0.520031 0 -0.346688
-0.204124 0.204124 -0.408248
-0.204124 -0.204124 -0.408248
-0.416667 0.208333 -0.416667
-0.346688 0 -0.520031
-0.416667 -0.208333 -0.416667
-0.601338 0.200446 -0.400892
-0.408248 -0.204124 0.204124
-0.565334 0.188445 0.188445
-0.520031 0 0.346688
-0.565334 -0.188445 0.188445
-0.204124 0.204124 0.408248
-0.204124 -0.204124 0.408248
-0.416667 0.208333 0.416667
-0.346688 0 0.520031
-0.416667 -0.208333 0.416667
-0.601338 0.200446 0.400892
-0.601338 -0.200446 0.400892
-0.565334 -0.188445 -0.188445
-0.520031 -0.346688 0
-0.204124 -0.408248 -0.204124
-0.204124 -0.408248 0.204124
-0.416667 -0.416667 0.208333
-0.416667 -0.416667 -0.208333
-0.346688 -0.520031 0
-0.601338 -0.400892 -0.200446
-0.707107 0.176777 -0.176777
-0.707107 0.176777 0.176777
-0.53033 0.53033 0
-0.601338 0.400892 -0.200446
-0.601338 0.400892 0.200446
-0.763763 0.381881 -0.190941
-0.763763 0.381881 0.190941
-0.707107 -0.176777 -0.176777
-0.53033 0 -0.53033
-0.601338 -0.200446 -0.400892
-0.763763 0.190941 -0.381881
-0.763763 -0.190941 -0.381881
-0.707107 -0.176777 0.176777
-0.53033 0 0.53033
-0.763763 0.190941 0.381881
-0.763763 -0.190941 0.381881
-0.601338 -0.400892 0.200446
-0.53033 -0.53033 0
-0.763763 -0.381881 -0.190941
-0.763763 -0.381881 0.190941
0.204124 0.204124 -0.408248
-0.208333 0.416667 -0.416667
0 0.346688 -0.520031
-0.400892 0.601338 -0.200446
0.204124 -0.204124 -0.408248
-0.188445 -0.188445 -0.565334
0 -0.346688 -0.520031
0.188445 -0.188445 -0.565334
0.204124 -0.408248 -0.204124
-0.208333 -0.416667 -0.416667
0 -0.520031 -0.346688
0.208333 -0.416667 -0.416667
-0.200446 -0.400892 -0.601338
0.200446 -0.400892 -0.601338
0.188445 0.188445 -0.565334
0.346688 0 -0.520031
0.408248 -0.204124 -0.204124
0.416667 -0.208333 -0.416667
-0.400892 0.200446 -0.601338
-0.200446 0.400892 -0.601338
-0.636656 0.424437 -0.424437
-0.424437 0.636656 -0.424437
-0.424437 0.424437 -0.636656
-0.176777 0.176777 -0.707107
-0.176777 -0.176777 -0.707107
-0.400892 -0.200446 -0.601338
-0.602216 0.200739 -0.602216
-0.381881 0.190941 -0.763763
-0.381881 -0.190941 -0.763763
0.176777 0.176777 -0.707107
-0.190941 0.381881 -0.763763
0.176777 -0.176777 -0.707107
0 -0.53033 -0.53033
-0.190941 -0.381881 -0.763763
0.190941 -0.381881 -0.763763
0.400892 -0.200446 -0.601338
0.53033 0 -0.53033
0.381881 0.190941 -0.763763
0.381881 -0.190941 -0.763763
0.204124 -0.204124 0.408248
-0.208333 -0.416667 0.416667
0 -0.346688 0.520031
0.208333 -0.416667 0.416667
0.204124 -0.408248 0.204124
-0.188445 -0.565334 0.188445
0 -0.520031 0.346688
0.188445 -0.565334 0.188445
-0.200446 -0.601338 0.400892
0.200446 -0.601338 0.400892
-0.636656 0.424437 0.424437
-0.400892 -0.200446 0.601338
-0.602216 0.200739 0.602216
-0.602216 -0.200739 0.602216
-0.200446 -0.400892 0.601338
-0.400892 -0.601338 0.200446
-0.636656 -0.424437 0.424437
-0.424437 -0.424437 0.636656
-0.424437 -0.636656 0.424437
0.200446 -0.400892 0.601338
0 -0.53033 0.53033
-0.200739 -0.602216 0.602216
0.200739 -0.602216 0.602216
0.400892 -0.601338 0.200446
0.424437 -0.636656 0.424437
0.416667 -0.416667 -0.208333
0.346688 -0.520031 0
0.601338 -0.400892 -0.200446
-0.400892 -0.601338 -0.200446
-0.200446 -0.601338 -0.400892
-0.636656 -0.424437 -0.424437
-0.424437 -0.424437 -0.636656
-0.424437 -0.636656 -0.424437
-0.176777 -0.707107 -0.176777
-0.176777 -0.707107 0.176777
-0.602216 -0.602216 -0.200739
-0.381881 -0.763763 -0.190941
-0.381881 -0.763763 0.190941
0.200446 -0.601338 -0.400892
0.176777 -0.707107 -0.176777
-0.200739 -0.602216 -0.602216
-0.190941 -0.763763 -0.381881
0.200739 -0.602216 -0.602216
0.190941 -0.763763 -0.381881
0.400892 -0.601338 -0.200446
0.601338 -0.200446 -0.400892
0.424437 -0.424437 -0.636656
0.424437 -0.636656 -0.424437
0.636656 -0.424437 -0.424437
0.176777 -0.707107 0.176777
-0.190941 -0.763763 0.381881
0.190941 -0.763763 0.381881
0.53033 -0.53033 0
0.381881 -0.763763 -0.190941
0.602216 -0.602216 -0.200739
0.381881 -0.763763 0.190941
-0.639602 0.639602 -0.426401
-0.639602 0.426401 -0.639602
-0.639602 0.426401 0.639602
-0.426401 0.639602 -0.639602
-0.639602 -0.426401 -0.639602
-0.639602 -0.639602 -0.426401
-0.426401 -0.639602 -0.639602
-0.639602 -0.426401 0.639602
-0.639602 -0.639602 0.426401
-0.426401 -0.639602 0.639602
0.426401 -0.639602 -0.639602
0.639602 -0.426401 -0.639602
0.639602 -0.639602 -0.426401
0.426401 -0.639602 0.639602
