MFEM mesh v1.0

#
# MFEM Geometry Types (see mesh/geom.hpp):
#
# POINT       = 0
# SEGMENT     = 1
# TRIANGLE    = 2
# SQUARE      = 3
# TETRAHEDRON = 4
# CUBE        = 5
# PRISM       = 6
#

dimension
3

elements
2030
1 4 96 4 100 101
1 4 200 101 371 41
1 4 96 371 200 101
1 4 96 371 101 100
1 4 15 205 206 110
1 4 205 41 378 114
1 4 206 378 49 115
1 4 110 114 115 5
1 4 205 115 206 110
1 4 205 115 110 114
1 4 205 115 114 378
1 4 205 115 378 206
1 4 201 49 206 378
1 4 196 206 15 205
1 4 200 378 205 41
1 4 196 201 378 200
1 4 196 200 378 205
1 4 196 205 378 206
1 4 196 206 378 201
1 4 201 49 378 374
1 4 200 378 41 371
1 4 201 371 374 378
1 4 201 371 378 200
1 4 4 97 107 108
1 4 97 21 244 245
1 4 107 244 46 409
1 4 108 245 409 47
1 4 97 409 107 108
1 4 97 409 108 245
1 4 97 409 245 244
1 4 97 409 244 107
1 4 21 75 240 241
1 4 75 1 78 79
1 4 240 78 24 259
1 4 241 79 259 25
1 4 75 259 240 241
1 4 75 259 241 79
1 4 75 259 79 78
1 4 75 259 78 240
1 4 46 260 167 414
1 4 260 24 166 262
1 4 167 166 11 170
1 4 414 262 170 67
1 4 260 170 167 414
1 4 260 170 414 262
1 4 260 170 262 166
1 4 260 170 166 167
1 4 47 263 420 173
1 4 263 25 265 171
1 4 420 265 67 177
1 4 173 171 177 12
1 4 263 177 420 173
1 4 263 177 173 171
1 4 263 177 171 265
1 4 263 177 265 420
1 4 21 249 244 245
1 4 249 67 414 420
1 4 244 414 46 409
1 4 245 420 409 47
1 4 249 409 244 245
1 4 249 409 245 420
1 4 249 409 420 414
1 4 249 409 414 244
1 4 21 249 245 241
1 4 249 67 420 265
1 4 245 420 47 263
1 4 241 265 263 25
1 4 245 249 265 241
1 4 245 241 265 263
1 4 245 263 265 420
1 4 245 420 265 249
1 4 21 249 241 240
1 4 249 67 265 262
1 4 241 265 25 259
1 4 240 262 259 24
1 4 249 259 241 240
1 4 249 259 240 262
1 4 249 259 262 265
1 4 249 259 265 241
1 4 21 249 240 244
1 4 249 67 262 414
1 4 240 262 24 260
1 4 244 414 260 46
1 4 244 249 240 262
1 4 244 240 260 262
1 4 244 260 414 262
1 4 244 414 249 262
1 4 5 119 120 111
1 4 119 53 451 272
1 4 120 451 54 273
1 4 111 272 273 26
1 4 119 273 120 111
1 4 119 273 111 272
1 4 119 273 272 451
1 4 119 273 451 120
1 4 53 174 453 287
1 4 174 12 178 172
1 4 453 178 69 289
1 4 287 172 289 29
1 4 174 289 453 287
1 4 174 289 287 172
1 4 174 289 172 178
1 4 174 289 178 453
1 4 54 455 181 291
1 4 455 69 184 293
1 4 181 184 13 179
1 4 291 293 179 30
1 4 455 179 181 291
1 4 455 179 291 293
1 4 455 179 293 184
1 4 455 179 184 181
1 4 26 268 269 80
1 4 268 29 286 83
1 4 269 286 30 84
1 4 80 83 84 2
1 4 268 84 269 80
1 4 268 84 80 83
1 4 268 84 83 286
1 4 268 84 286 269
1 4 53 290 451 272
1 4 290 30 291 269
1 4 451 291 54 273
1 4 272 269 273 26
1 4 290 273 451 272
1 4 290 273 272 269
1 4 290 273 269 291
1 4 290 273 291 451
1 4 53 290 272 287
1 4 290 30 269 286
1 4 272 269 26 268
1 4 287 286 268 29
1 4 272 290 286 287
1 4 272 287 286 268
1 4 272 268 286 269
1 4 272 269 286 290
1 4 53 290 287 453
1 4 290 30 286 293
1 4 287 286 29 289
1 4 453 293 289 69
1 4 290 289 287 453
1 4 290 289 453 293
1 4 290 289 293 286
1 4 290 289 286 287
1 4 53 290 453 451
1 4 290 30 293 291
1 4 453 293 69 455
1 4 451 291 455 54
1 4 451 290 453 293
1 4 451 453 455 293
1 4 451 455 291 293
1 4 451 291 290 293
1 4 4 109 100 101
1 4 109 48 373 377
1 4 101 377 371 41
1 4 109 371 100 101
1 4 109 371 101 377
1 4 109 371 377 373
1 4 109 371 373 100
1 4 48 180 423 424
1 4 424 181 435 54
1 4 180 435 423 424
1 4 180 435 424 181
1 4 41 381 378 114
1 4 381 54 431 120
1 4 378 431 49 115
1 4 114 120 115 5
1 4 381 115 378 114
1 4 381 115 114 120
1 4 381 115 120 431
1 4 381 115 431 378
1 4 48 422 373 377
1 4 422 49 374 378
1 4 377 378 371 41
1 4 422 371 373 377
1 4 422 371 377 378
1 4 422 371 378 374
1 4 422 371 374 373
1 4 48 422 377 424
1 4 422 49 378 431
1 4 377 378 41 381
1 4 424 431 381 54
1 4 424 422 377 378
1 4 424 377 381 378
1 4 424 381 431 378
1 4 424 431 422 378
1 4 48 422 424 423
1 4 422 49 431 429
1 4 424 431 54 435
1 4 422 435 424 423
1 4 422 435 423 429
1 4 422 435 429 431
1 4 422 435 431 424
1 4 48 422 423 373
1 4 422 49 429 374
1 4 423 422 374 373
1 4 423 429 374 422
1 4 4 109 101 108
1 4 109 48 377 416
1 4 101 377 41 376
1 4 108 416 376 47
1 4 101 109 416 108
1 4 101 108 416 376
1 4 101 376 416 377
1 4 101 377 416 109
1 4 48 180 424 427
1 4 180 13 181 184
1 4 424 181 54 455
1 4 427 184 455 69
1 4 424 180 184 427
1 4 424 427 184 455
1 4 424 455 184 181
1 4 424 181 184 180
1 4 41 381 114 380
1 4 381 54 120 451
1 4 114 120 5 119
1 4 380 451 119 53
1 4 114 381 451 380
1 4 114 380 451 119
1 4 114 119 451 120
1 4 114 120 451 381
1 4 47 421 417 173
1 4 421 69 453 178
1 4 417 453 53 174
1 4 173 178 174 12
1 4 417 421 178 173
1 4 417 173 178 174
1 4 417 174 178 453
1 4 417 453 178 421
1 4 41 377 383 376
1 4 377 48 427 416
1 4 383 427 69 421
1 4 376 416 421 47
1 4 383 377 416 376
1 4 383 376 416 421
1 4 383 421 416 427
1 4 383 427 416 377
1 4 41 376 383 380
1 4 376 47 421 417
1 4 383 421 69 453
1 4 380 417 453 53
1 4 383 376 417 380
1 4 383 380 417 453
1 4 383 453 417 421
1 4 383 421 417 376
1 4 41 380 383 381
1 4 380 53 453 451
1 4 383 453 69 455
1 4 381 451 455 54
1 4 383 380 451 381
1 4 383 381 451 455
1 4 383 455 451 453
1 4 383 453 451 380
1 4 41 381 383 377
1 4 381 54 455 424
1 4 383 455 69 427
1 4 377 424 427 48
1 4 383 381 424 377
1 4 383 377 424 427
1 4 383 427 424 455
1 4 383 455 424 381
1 4 4 109 108 107
1 4 109 48 416 410
1 4 108 416 47 409
1 4 107 410 409 46
1 4 109 409 108 107
1 4 109 409 107 410
1 4 109 409 410 416
1 4 109 409 416 108
1 4 48 180 427 426
1 4 180 13 184 183
1 4 427 184 69 471
1 4 426 183 471 68
1 4 180 471 427 426
1 4 180 471 426 183
1 4 180 471 183 184
1 4 180 471 184 427
1 4 47 421 173 420
1 4 421 69 178 470
1 4 173 178 12 177
1 4 420 470 177 67
1 4 421 177 173 420
1 4 421 177 420 470
1 4 421 177 470 178
1 4 421 177 178 173
1 4 46 415 414 167
1 4 414 469 67 170
1 4 415 170 414 167
1 4 415 170 469 414
1 4 48 425 416 410
1 4 425 67 420 414
1 4 416 420 47 409
1 4 410 414 409 46
1 4 425 409 416 410
1 4 425 409 410 414
1 4 425 409 414 420
1 4 425 409 420 416
1 4 48 425 410 426
1 4 425 67 414 469
1 4 410 414 46 415
1 4 410 425 469 426
1 4 410 426 469 415
1 4 410 415 469 414
1 4 410 414 469 425
1 4 48 425 426 427
1 4 425 67 469 470
1 4 426 469 68 471
1 4 427 470 471 69
1 4 425 471 426 427
1 4 425 471 427 470
1 4 425 471 470 469
1 4 425 471 469 426
1 4 48 425 427 416
1 4 425 67 470 420
1 4 427 470 69 421
1 4 416 420 421 47
1 4 416 425 427 470
1 4 416 427 421 470
1 4 416 421 420 470
1 4 416 420 425 470
1 4 4 109 107 100
1 4 109 48 410 373
1 4 107 410 46 372
1 4 100 109 107 410
1 4 100 107 372 410
1 4 100 372 373 410
1 4 100 373 109 410
1 4 48 180 426 423
1 4 46 415 167 411
1 4 373 48 410 426
1 4 372 410 46 415
1 4 372 46 411 415
1 4 373 423 48 426
1 4 96 4 101 99
1 4 200 101 41 322
1 4 198 99 322 33
1 4 96 322 200 198
1 4 96 322 198 99
1 4 96 322 99 101
1 4 96 322 101 200
1 4 15 205 110 203
1 4 205 41 114 331
1 4 110 114 5 112
1 4 203 331 112 34
1 4 205 112 110 203
1 4 205 112 203 331
1 4 205 112 331 114
1 4 205 112 114 110
1 4 14 192 193 85
1 4 192 33 318 89
1 4 193 318 34 90
1 4 85 89 90 3
1 4 192 90 193 85
1 4 192 90 85 89
1 4 192 90 89 318
1 4 192 90 318 193
1 4 199 34 203 193
1 4 196 203 15 189
1 4 188 193 189 14
1 4 199 189 196 188
1 4 199 189 188 193
1 4 199 189 193 203
1 4 199 189 203 196
1 4 199 34 193 318
1 4 188 193 14 192
1 4 198 318 192 33
1 4 188 199 318 198
1 4 188 198 318 192
1 4 188 192 318 193
1 4 188 193 318 199
1 4 199 34 318 331
1 4 198 318 33 322
1 4 200 331 322 41
1 4 199 322 198 200
1 4 199 322 200 331
1 4 199 322 331 318
1 4 199 322 318 198
1 4 199 34 331 203
1 4 200 331 41 205
1 4 196 203 205 15
1 4 196 199 200 331
1 4 196 200 205 331
1 4 196 205 203 331
1 4 196 203 199 331
1 4 4 97 108 105
1 4 97 21 245 243
1 4 108 245 47 399
1 4 105 243 399 44
1 4 97 399 108 105
1 4 97 399 105 243
1 4 97 399 243 245
1 4 97 399 245 108
1 4 21 75 241 239
1 4 75 1 79 77
1 4 241 79 25 255
1 4 239 77 255 23
1 4 75 255 241 239
1 4 75 255 239 77
1 4 75 255 77 79
1 4 75 255 79 241
1 4 47 263 173 418
1 4 263 25 171 264
1 4 173 171 12 175
1 4 418 264 175 63
1 4 263 175 173 418
1 4 263 175 418 264
1 4 263 175 264 171
1 4 263 175 171 173
1 4 44 256 403 147
1 4 256 23 258 145
1 4 403 258 63 151
1 4 147 145 151 9
1 4 256 151 403 147
1 4 256 151 147 145
1 4 256 151 145 258
1 4 256 151 258 403
1 4 21 248 245 243
1 4 248 63 418 403
1 4 245 418 47 399
1 4 243 403 399 44
1 4 248 399 245 243
1 4 248 399 243 403
1 4 248 399 403 418
1 4 248 399 418 245
1 4 21 248 243 239
1 4 248 63 403 258
1 4 243 403 44 256
1 4 239 258 256 23
1 4 243 248 258 239
1 4 243 239 258 256
1 4 243 256 258 403
1 4 243 403 258 248
1 4 21 248 239 241
1 4 248 63 258 264
1 4 239 258 23 255
1 4 241 264 255 25
1 4 248 255 239 241
1 4 248 255 241 264
1 4 248 255 264 258
1 4 248 255 258 239
1 4 21 248 241 245
1 4 248 63 264 418
1 4 241 264 25 263
1 4 245 418 263 47
1 4 245 248 241 264
1 4 245 241 263 264
1 4 245 263 418 264
1 4 245 418 248 264
1 4 5 119 111 117
1 4 119 53 272 443
1 4 111 272 26 270
1 4 117 443 270 51
1 4 119 270 111 117
1 4 119 270 117 443
1 4 119 270 443 272
1 4 119 270 272 111
1 4 53 174 287 452
1 4 174 12 172 176
1 4 287 172 29 288
1 4 452 176 288 65
1 4 174 288 287 452
1 4 174 288 452 176
1 4 174 288 176 172
1 4 174 288 172 287
1 4 26 268 80 266
1 4 268 29 83 276
1 4 80 83 2 81
1 4 266 276 81 27
1 4 268 81 80 266
1 4 268 81 266 276
1 4 268 81 276 83
1 4 268 81 83 80
1 4 51 446 277 156
1 4 446 65 280 160
1 4 277 280 27 153
1 4 156 160 153 10
1 4 446 153 277 156
1 4 446 153 156 160
1 4 446 153 160 280
1 4 446 153 280 277
1 4 53 278 272 443
1 4 278 27 266 277
1 4 272 266 26 270
1 4 443 277 270 51
1 4 278 270 272 443
1 4 278 270 443 277
1 4 278 270 277 266
1 4 278 270 266 272
1 4 53 278 443 452
1 4 278 27 277 280
1 4 443 277 51 446
1 4 452 280 446 65
1 4 443 278 280 452
1 4 443 452 280 446
1 4 443 446 280 277
1 4 443 277 280 278
1 4 53 278 452 287
1 4 278 27 280 276
1 4 452 280 65 288
1 4 287 276 288 29
1 4 278 288 452 287
1 4 278 288 287 276
1 4 278 288 276 280
1 4 278 288 280 452
1 4 53 278 287 272
1 4 278 27 276 266
1 4 287 276 29 268
1 4 272 266 268 26
1 4 272 278 287 276
1 4 272 287 268 276
1 4 272 268 266 276
1 4 272 266 278 276
1 4 3 93 94 86
1 4 93 37 347 213
1 4 94 347 38 214
1 4 86 213 214 16
1 4 93 214 94 86
1 4 93 214 86 213
1 4 93 214 213 347
1 4 93 214 347 94
1 4 37 146 350 228
1 4 146 9 150 144
1 4 350 150 62 230
1 4 228 144 230 19
1 4 146 230 350 228
1 4 146 230 228 144
1 4 146 230 144 150
1 4 146 230 150 350
1 4 38 354 154 232
1 4 354 62 158 234
1 4 154 158 10 152
1 4 232 234 152 20
1 4 354 152 154 232
1 4 354 152 232 234
1 4 354 152 234 158
1 4 354 152 158 154
1 4 16 209 210 70
1 4 209 19 227 73
1 4 210 227 20 74
1 4 70 73 74 0
1 4 209 74 210 70
1 4 209 74 70 73
1 4 209 74 73 227
1 4 209 74 227 210
1 4 37 231 347 213
1 4 231 20 232 210
1 4 347 232 38 214
1 4 213 210 214 16
1 4 231 214 347 213
1 4 231 214 213 210
1 4 231 214 210 232
1 4 231 214 232 347
1 4 37 231 213 228
1 4 231 20 210 227
1 4 213 210 16 209
1 4 228 227 209 19
1 4 213 231 227 228
1 4 213 228 227 209
1 4 213 209 227 210
1 4 213 210 227 231
1 4 37 231 228 350
1 4 231 20 227 234
1 4 228 227 19 230
1 4 350 234 230 62
1 4 231 230 228 350
1 4 231 230 350 234
1 4 231 230 234 227
1 4 231 230 227 228
1 4 37 231 350 347
1 4 231 20 234 232
1 4 350 234 62 354
1 4 347 232 354 38
1 4 347 231 350 234
1 4 347 350 354 234
1 4 347 354 232 234
1 4 347 232 231 234
1 4 4 106 101 99
1 4 106 45 375 325
1 4 101 375 41 322
1 4 99 325 322 33
1 4 106 322 101 99
1 4 106 322 99 325
1 4 106 322 325 375
1 4 106 322 375 101
1 4 45 155 405 351
1 4 155 10 156 154
1 4 405 156 51 352
1 4 351 154 352 38
1 4 155 352 405 351
1 4 155 352 351 154
1 4 155 352 154 156
1 4 155 352 156 405
1 4 41 379 114 331
1 4 379 51 117 334
1 4 114 117 5 112
1 4 331 334 112 34
1 4 379 112 114 331
1 4 379 112 331 334
1 4 379 112 334 117
1 4 379 112 117 114
1 4 33 321 318 89
1 4 321 38 329 94
1 4 318 329 34 90
1 4 89 94 90 3
1 4 321 90 318 89
1 4 321 90 89 94
1 4 321 90 94 329
1 4 321 90 329 318
1 4 45 332 375 325
1 4 332 34 331 318
1 4 375 331 41 322
1 4 325 318 322 33
1 4 332 322 375 325
1 4 332 322 325 318
1 4 332 322 318 331
1 4 332 322 331 375
1 4 45 332 325 351
1 4 332 34 318 329
1 4 325 318 33 321
1 4 351 329 321 38
1 4 351 332 325 318
1 4 351 325 321 318
1 4 351 321 329 318
1 4 351 329 332 318
1 4 45 332 351 405
1 4 332 34 329 334
1 4 351 329 38 352
1 4 405 334 352 51
1 4 332 352 351 405
1 4 332 352 405 334
1 4 332 352 334 329
1 4 332 352 329 351
1 4 45 332 405 375
1 4 332 34 334 331
1 4 405 334 51 379
1 4 375 331 379 41
1 4 405 332 331 375
1 4 405 375 331 379
1 4 405 379 331 334
1 4 405 334 331 332
1 4 4 106 99 105
1 4 106 45 325 398
1 4 99 325 33 324
1 4 105 398 324 44
1 4 99 106 398 105
1 4 99 105 398 324
1 4 99 324 398 325
1 4 99 325 398 106
1 4 45 155 351 406
1 4 155 10 154 158
1 4 351 154 38 354
1 4 406 158 354 62
1 4 351 155 158 406
1 4 351 406 158 354
1 4 351 354 158 154
1 4 351 154 158 155
1 4 33 321 89 320
1 4 321 38 94 347
1 4 89 94 3 93
1 4 320 347 93 37
1 4 89 321 347 320
1 4 89 320 347 93
1 4 89 93 347 94
1 4 89 94 347 321
1 4 44 402 348 147
1 4 402 62 350 150
1 4 348 350 37 146
1 4 147 150 146 9
1 4 348 402 150 147
1 4 348 147 150 146
1 4 348 146 150 350
1 4 348 350 150 402
1 4 33 325 327 324
1 4 325 45 406 398
1 4 327 406 62 402
1 4 324 398 402 44
1 4 327 325 398 324
1 4 327 324 398 402
1 4 327 402 398 406
1 4 327 406 398 325
1 4 33 324 327 320
1 4 324 44 402 348
1 4 327 402 62 350
1 4 320 348 350 37
1 4 327 324 348 320
1 4 327 320 348 350
1 4 327 350 348 402
1 4 327 402 348 324
1 4 33 320 327 321
1 4 320 37 350 347
1 4 327 350 62 354
1 4 321 347 354 38
1 4 327 320 347 321
1 4 327 321 347 354
1 4 327 354 347 350
1 4 327 350 347 320
1 4 33 321 327 325
1 4 321 38 354 351
1 4 327 354 62 406
1 4 325 351 406 45
1 4 327 321 351 325
1 4 327 325 351 406
1 4 327 406 351 354
1 4 327 354 351 321
1 4 4 106 105 108
1 4 106 45 398 404
1 4 105 398 44 399
1 4 108 404 399 47
1 4 106 399 105 108
1 4 106 399 108 404
1 4 106 399 404 398
1 4 106 399 398 105
1 4 45 155 406 408
1 4 155 10 158 160
1 4 406 158 62 467
1 4 408 160 467 65
1 4 155 467 406 408
1 4 155 467 408 160
1 4 155 467 160 158
1 4 155 467 158 406
1 4 44 402 147 403
1 4 402 62 150 466
1 4 147 150 9 151
1 4 403 466 151 63
1 4 402 151 147 403
1 4 402 151 403 466
1 4 402 151 466 150
1 4 402 151 150 147
1 4 47 419 418 173
1 4 419 65 468 176
1 4 418 468 63 175
1 4 173 176 175 12
1 4 419 175 418 173
1 4 419 175 173 176
1 4 419 175 176 468
1 4 419 175 468 418
1 4 45 407 398 404
1 4 407 63 403 418
1 4 398 403 44 399
1 4 404 418 399 47
1 4 407 399 398 404
1 4 407 399 404 418
1 4 407 399 418 403
1 4 407 399 403 398
1 4 45 407 404 408
1 4 407 63 418 468
1 4 404 418 47 419
1 4 408 468 419 65
1 4 404 407 468 408
1 4 404 408 468 419
1 4 404 419 468 418
1 4 404 418 468 407
1 4 45 407 408 406
1 4 407 63 468 466
1 4 408 468 65 467
1 4 406 466 467 62
1 4 407 467 408 406
1 4 407 467 406 466
1 4 407 467 466 468
1 4 407 467 468 408
1 4 45 407 406 398
1 4 407 63 466 403
1 4 406 466 62 402
1 4 398 403 402 44
1 4 398 407 406 466
1 4 398 406 402 466
1 4 398 402 403 466
1 4 398 403 407 466
1 4 4 106 108 101
1 4 106 45 404 375
1 4 108 404 47 376
1 4 101 375 376 41
1 4 101 106 108 404
1 4 101 108 376 404
1 4 101 376 375 404
1 4 101 375 106 404
1 4 45 155 408 405
1 4 155 10 160 156
1 4 408 160 65 446
1 4 405 156 446 51
1 4 405 155 408 160
1 4 405 408 446 160
1 4 405 446 156 160
1 4 405 156 155 160
1 4 47 419 173 417
1 4 419 65 176 452
1 4 173 176 12 174
1 4 417 452 174 53
1 4 417 419 173 176
1 4 417 173 174 176
1 4 417 174 452 176
1 4 417 452 419 176
1 4 41 379 380 114
1 4 379 51 443 117
1 4 380 443 53 119
1 4 114 117 119 5
1 4 114 379 380 443
1 4 114 380 119 443
1 4 114 119 117 443
1 4 114 117 379 443
1 4 41 375 376 382
1 4 375 45 404 408
1 4 376 404 47 419
1 4 382 408 419 65
1 4 382 375 376 404
1 4 382 376 419 404
1 4 382 419 408 404
1 4 382 408 375 404
1 4 41 376 380 382
1 4 376 47 417 419
1 4 380 417 53 452
1 4 382 419 452 65
1 4 382 376 380 417
1 4 382 380 452 417
1 4 382 452 419 417
1 4 382 419 376 417
1 4 41 380 379 382
1 4 380 53 443 452
1 4 379 443 51 446
1 4 382 452 446 65
1 4 382 380 379 443
1 4 382 379 446 443
1 4 382 446 452 443
1 4 382 452 380 443
1 4 41 379 375 382
1 4 379 51 405 446
1 4 375 405 45 408
1 4 382 446 408 65
1 4 382 379 375 405
1 4 382 375 408 405
1 4 382 408 446 405
1 4 382 446 379 405
1 4 96 4 99 98
1 4 198 99 33 303
1 4 96 303 98 99
1 4 96 303 99 198
1 4 14 192 85 190
1 4 192 33 89 298
1 4 85 89 3 87
1 4 190 298 87 31
1 4 192 87 85 190
1 4 192 87 190 298
1 4 192 87 298 89
1 4 192 87 89 85
1 4 197 31 190 186
1 4 188 190 14 185
1 4 197 185 186 190
1 4 197 185 190 188
1 4 197 31 295 298
1 4 198 298 303 33
1 4 197 303 198 298
1 4 197 303 298 295
1 4 197 31 298 190
1 4 198 298 33 192
1 4 188 190 192 14
1 4 188 197 198 298
1 4 188 198 192 298
1 4 188 192 190 298
1 4 188 190 197 298
1 4 4 97 105 103
1 4 97 21 243 242
1 4 105 243 44 390
1 4 103 242 390 43
1 4 97 390 105 103
1 4 97 390 103 242
1 4 97 390 242 243
1 4 97 390 243 105
1 4 21 75 239 238
1 4 75 1 77 76
1 4 239 77 23 250
1 4 238 76 250 22
1 4 75 250 239 238
1 4 75 250 238 76
1 4 75 250 76 77
1 4 75 250 77 239
1 4 44 256 147 401
1 4 256 23 145 257
1 4 147 145 9 149
1 4 401 257 149 58
1 4 256 149 147 401
1 4 256 149 401 257
1 4 256 149 257 145
1 4 256 149 145 147
1 4 43 252 394 132
1 4 252 22 253 131
1 4 394 253 58 133
1 4 132 131 133 7
1 4 252 133 394 132
1 4 252 133 132 131
1 4 252 133 131 253
1 4 252 133 253 394
1 4 21 246 243 242
1 4 246 58 401 394
1 4 243 401 44 390
1 4 242 394 390 43
1 4 246 390 243 242
1 4 246 390 242 394
1 4 246 390 394 401
1 4 246 390 401 243
1 4 21 246 242 238
1 4 246 58 394 253
1 4 242 394 43 252
1 4 238 253 252 22
1 4 242 246 253 238
1 4 242 238 253 252
1 4 242 252 253 394
1 4 242 394 253 246
1 4 21 246 238 239
1 4 246 58 253 257
1 4 238 253 22 250
1 4 239 257 250 23
1 4 246 250 238 239
1 4 246 250 239 257
1 4 246 250 257 253
1 4 246 250 253 238
1 4 21 246 239 243
1 4 246 58 257 401
1 4 239 257 23 256
1 4 243 401 256 44
1 4 243 246 239 257
1 4 243 239 256 257
1 4 243 256 401 257
1 4 243 401 246 257
1 4 3 93 86 91
1 4 93 37 213 337
1 4 86 213 16 211
1 4 91 337 211 35
1 4 93 211 86 91
1 4 93 211 91 337
1 4 93 211 337 213
1 4 93 211 213 86
1 4 37 146 228 349
1 4 146 9 144 148
1 4 228 144 19 229
1 4 349 148 229 57
1 4 146 229 228 349
1 4 146 229 349 148
1 4 146 229 148 144
1 4 146 229 144 228
1 4 16 209 70 207
1 4 209 19 73 216
1 4 70 73 0 71
1 4 207 216 71 17
1 4 209 71 70 207
1 4 209 71 207 216
1 4 209 71 216 73
1 4 209 71 73 70
1 4 35 341 217 124
1 4 341 57 221 130
1 4 217 221 17 122
1 4 124 130 122 6
1 4 341 122 217 124
1 4 341 122 124 130
1 4 341 122 130 221
1 4 341 122 221 217
1 4 37 219 213 337
1 4 219 17 207 217
1 4 213 207 16 211
1 4 337 217 211 35
1 4 219 211 213 337
1 4 219 211 337 217
1 4 219 211 217 207
1 4 219 211 207 213
1 4 37 219 337 349
1 4 219 17 217 221
1 4 337 217 35 341
1 4 349 221 341 57
1 4 337 219 221 349
1 4 337 349 221 341
1 4 337 341 221 217
1 4 337 217 221 219
1 4 37 219 349 228
1 4 219 17 221 216
1 4 349 221 57 229
1 4 228 216 229 19
1 4 219 229 349 228
1 4 219 229 228 216
1 4 219 229 216 221
1 4 219 229 221 349
1 4 37 219 228 213
1 4 219 17 216 207
1 4 228 216 19 209
1 4 213 207 209 16
1 4 213 219 228 216
1 4 213 228 209 216
1 4 213 209 207 216
1 4 213 207 219 216
1 4 123 128 6 121
1 4 4 102 99 98
1 4 102 42 323 304
1 4 99 323 33 303
1 4 102 303 99 98
1 4 102 303 98 304
1 4 102 303 304 323
1 4 102 303 323 99
1 4 42 126 339 308
1 4 126 6 124 123
1 4 339 124 35 307
1 4 126 307 339 308
1 4 126 307 308 123
1 4 126 307 123 124
1 4 126 307 124 339
1 4 33 319 89 298
1 4 319 35 91 299
1 4 89 91 3 87
1 4 298 299 87 31
1 4 319 87 89 298
1 4 319 87 298 299
1 4 319 87 299 91
1 4 319 87 91 89
1 4 42 301 323 304
1 4 301 31 298 295
1 4 323 298 33 303
1 4 301 303 323 304
1 4 301 303 304 295
1 4 301 303 295 298
1 4 301 303 298 323
1 4 42 301 304 308
1 4 301 31 295 296
1 4 308 301 304 295
1 4 308 296 301 295
1 4 42 301 308 339
1 4 301 31 296 299
1 4 339 299 307 35
1 4 301 307 308 339
1 4 301 307 339 299
1 4 301 307 299 296
1 4 301 307 296 308
1 4 42 301 339 323
1 4 301 31 299 298
1 4 339 299 35 319
1 4 323 298 319 33
1 4 339 301 298 323
1 4 339 323 298 319
1 4 339 319 298 299
1 4 339 299 298 301
1 4 4 102 98 103
1 4 102 42 304 384
1 4 103 384 305 43
1 4 98 102 384 103
1 4 98 103 384 305
1 4 98 305 384 304
1 4 98 304 384 102
1 4 42 126 308 386
1 4 126 6 123 128
1 4 308 126 128 386
1 4 308 123 128 126
1 4 43 392 309 132
1 4 304 42 386 384
1 4 306 386 55 392
1 4 305 384 392 43
1 4 306 304 384 305
1 4 306 305 384 392
1 4 306 392 384 386
1 4 306 386 384 304
1 4 305 43 392 309
1 4 306 392 309 305
1 4 304 308 386 42
1 4 306 304 308 386
1 4 4 102 103 105
1 4 102 42 384 385
1 4 103 384 43 390
1 4 105 385 390 44
1 4 102 390 103 105
1 4 102 390 105 385
1 4 102 390 385 384
1 4 102 390 384 103
1 4 42 126 386 387
1 4 126 6 128 130
1 4 386 128 55 457
1 4 387 130 457 57
1 4 126 457 386 387
1 4 126 457 387 130
1 4 126 457 130 128
1 4 126 457 128 386
1 4 43 392 132 394
1 4 394 458 133 58
1 4 392 133 132 394
1 4 392 133 394 458
1 4 44 400 401 147
1 4 400 57 460 148
1 4 401 460 58 149
1 4 147 148 149 9
1 4 400 149 401 147
1 4 400 149 147 148
1 4 400 149 148 460
1 4 400 149 460 401
1 4 42 388 384 385
1 4 388 58 394 401
1 4 384 394 43 390
1 4 385 401 390 44
1 4 388 390 384 385
1 4 388 390 385 401
1 4 388 390 401 394
1 4 388 390 394 384
1 4 42 388 385 387
1 4 388 58 401 460
1 4 385 401 44 400
1 4 387 460 400 57
1 4 385 388 460 387
1 4 385 387 460 400
1 4 385 400 460 401
1 4 385 401 460 388
1 4 42 388 387 386
1 4 388 58 460 458
1 4 387 460 57 457
1 4 386 458 457 55
1 4 388 457 387 386
1 4 388 457 386 458
1 4 388 457 458 460
1 4 388 457 460 387
1 4 42 388 386 384
1 4 388 58 458 394
1 4 386 458 55 392
1 4 384 394 392 43
1 4 384 388 386 458
1 4 384 386 392 458
1 4 384 392 394 458
1 4 384 394 388 458
1 4 4 102 105 99
1 4 102 42 385 323
1 4 105 385 44 324
1 4 99 323 324 33
1 4 99 102 105 385
1 4 99 105 324 385
1 4 99 324 323 385
1 4 99 323 102 385
1 4 42 126 387 339
1 4 126 6 130 124
1 4 387 130 57 341
1 4 339 124 341 35
1 4 339 126 387 130
1 4 339 387 341 130
1 4 339 341 124 130
1 4 339 124 126 130
1 4 44 400 147 348
1 4 400 57 148 349
1 4 147 148 9 146
1 4 348 349 146 37
1 4 348 400 147 148
1 4 348 147 146 148
1 4 348 146 349 148
1 4 348 349 400 148
1 4 33 319 320 89
1 4 319 35 337 91
1 4 320 337 37 93
1 4 89 91 93 3
1 4 89 319 320 337
1 4 89 320 93 337
1 4 89 93 91 337
1 4 89 91 319 337
1 4 33 323 324 326
1 4 323 42 385 387
1 4 324 385 44 400
1 4 326 387 400 57
1 4 326 323 324 385
1 4 326 324 400 385
1 4 326 400 387 385
1 4 326 387 323 385
1 4 33 324 320 326
1 4 324 44 348 400
1 4 320 348 37 349
1 4 326 400 349 57
1 4 326 324 320 348
1 4 326 320 349 348
1 4 326 349 400 348
1 4 326 400 324 348
1 4 33 320 319 326
1 4 320 37 337 349
1 4 319 337 35 341
1 4 326 349 341 57
1 4 326 320 319 337
1 4 326 319 341 337
1 4 326 341 349 337
1 4 326 349 320 337
1 4 33 319 323 326
1 4 319 35 339 341
1 4 323 339 42 387
1 4 326 341 387 57
1 4 326 319 323 339
1 4 326 323 387 339
1 4 326 387 341 339
1 4 326 341 319 339
1 4 96 4 98 100
1 4 4 97 103 107
1 4 97 21 242 244
1 4 103 242 43 391
1 4 107 244 391 46
1 4 97 391 103 107
1 4 97 391 107 244
1 4 97 391 244 242
1 4 97 391 242 103
1 4 21 75 238 240
1 4 75 1 76 78
1 4 238 76 22 251
1 4 240 78 251 24
1 4 75 251 238 240
1 4 75 251 240 78
1 4 75 251 78 76
1 4 75 251 76 238
1 4 43 252 132 395
1 4 252 22 131 254
1 4 132 131 7 134
1 4 395 254 134 59
1 4 252 134 132 395
1 4 252 134 395 254
1 4 252 134 254 131
1 4 252 134 131 132
1 4 46 260 412 167
1 4 260 24 261 166
1 4 412 261 59 168
1 4 167 166 168 11
1 4 260 168 412 167
1 4 260 168 167 166
1 4 260 168 166 261
1 4 260 168 261 412
1 4 21 247 242 244
1 4 247 59 395 412
1 4 242 395 43 391
1 4 244 412 391 46
1 4 247 391 242 244
1 4 247 391 244 412
1 4 247 391 412 395
1 4 247 391 395 242
1 4 21 247 244 240
1 4 247 59 412 261
1 4 244 412 46 260
1 4 240 261 260 24
1 4 244 247 261 240
1 4 244 240 261 260
1 4 244 260 261 412
1 4 244 412 261 247
1 4 21 247 240 238
1 4 247 59 261 254
1 4 240 261 24 251
1 4 238 254 251 22
1 4 247 251 240 238
1 4 247 251 238 254
1 4 247 251 254 261
1 4 247 251 261 240
1 4 21 247 238 242
1 4 247 59 254 395
1 4 238 254 22 252
1 4 242 395 252 43
1 4 242 247 238 254
1 4 242 238 252 254
1 4 242 252 395 254
1 4 242 395 247 254
1 4 4 104 98 100
1 4 4 104 100 107
1 4 107 396 372 46
1 4 100 104 396 107
1 4 100 107 396 372
1 4 46 413 411 167
1 4 372 396 413 46
1 4 372 46 413 411
1 4 4 104 107 103
1 4 107 396 46 391
1 4 103 389 391 43
1 4 104 391 107 103
1 4 104 391 103 389
1 4 104 391 389 396
1 4 104 391 396 107
1 4 46 413 167 412
1 4 167 169 11 168
1 4 412 462 168 59
1 4 413 168 167 412
1 4 413 168 412 462
1 4 413 168 462 169
1 4 413 168 169 167
1 4 43 393 395 132
1 4 395 461 59 134
1 4 393 134 395 132
1 4 393 134 461 395
1 4 397 59 412 395
1 4 396 412 46 391
1 4 389 395 391 43
1 4 397 391 396 389
1 4 397 391 389 395
1 4 397 391 395 412
1 4 397 391 412 396
1 4 397 59 395 461
1 4 389 395 43 393
1 4 389 393 461 395
1 4 389 395 461 397
1 4 397 59 461 462
1 4 397 59 462 412
1 4 396 412 413 46
1 4 396 413 412 462
1 4 396 412 397 462
1 4 4 104 103 98
1 4 103 389 43 305
1 4 98 104 103 389
1 4 98 103 305 389
1 4 43 393 132 309
1 4 305 389 43 393
1 4 305 43 309 393
1 4 15 206 204 110
1 4 206 49 357 115
1 4 204 357 39 113
1 4 110 115 113 5
1 4 206 113 204 110
1 4 206 113 110 115
1 4 206 113 115 357
1 4 206 113 357 204
1 4 5 120 118 111
1 4 120 54 447 273
1 4 118 447 52 271
1 4 111 273 271 26
1 4 120 271 118 111
1 4 120 271 111 273
1 4 120 271 273 447
1 4 120 271 447 118
1 4 54 181 454 291
1 4 181 13 182 179
1 4 454 182 66 292
1 4 291 179 292 30
1 4 181 292 454 291
1 4 181 292 291 179
1 4 181 292 179 182
1 4 181 292 182 454
1 4 52 450 162 282
1 4 450 66 165 285
1 4 282 285 161 28
1 4 450 161 162 282
1 4 450 161 282 285
1 4 450 161 285 165
1 4 450 161 165 162
1 4 26 269 267 80
1 4 269 30 281 84
1 4 267 281 28 82
1 4 80 84 82 2
1 4 269 82 267 80
1 4 269 82 80 84
1 4 269 82 84 281
1 4 269 82 281 267
1 4 54 283 447 273
1 4 283 28 282 267
1 4 447 282 52 271
1 4 273 267 271 26
1 4 283 271 447 273
1 4 283 271 273 267
1 4 283 271 267 282
1 4 283 271 282 447
1 4 54 283 273 291
1 4 283 28 267 281
1 4 273 267 26 269
1 4 291 281 269 30
1 4 273 283 281 291
1 4 273 291 281 269
1 4 273 269 281 267
1 4 273 267 281 283
1 4 54 283 291 454
1 4 283 28 281 285
1 4 291 281 30 292
1 4 454 285 292 66
1 4 283 292 291 454
1 4 283 292 454 285
1 4 283 292 285 281
1 4 283 292 281 291
1 4 54 283 454 447
1 4 283 28 285 282
1 4 454 285 66 450
1 4 447 282 450 52
1 4 447 283 454 285
1 4 447 454 450 285
1 4 447 450 282 285
1 4 447 282 283 285
1 4 433 162 369 52
1 4 49 430 357 115
1 4 430 52 360 118
1 4 357 360 39 113
1 4 115 118 113 5
1 4 430 113 357 115
1 4 430 113 115 118
1 4 430 113 118 360
1 4 430 113 360 357
1 4 358 39 357 360
1 4 428 357 49 430
1 4 433 360 430 52
1 4 433 358 428 357
1 4 433 428 430 357
1 4 433 430 360 357
1 4 433 360 358 357
1 4 358 39 360 356
1 4 433 360 52 369
1 4 358 369 356 360
1 4 358 369 360 433
1 4 433 162 52 450
1 4 434 165 450 66
1 4 433 434 165 450
1 4 433 450 165 162
1 4 49 430 115 431
1 4 430 52 118 447
1 4 115 118 5 120
1 4 431 447 120 54
1 4 115 430 447 431
1 4 115 431 447 120
1 4 115 120 447 118
1 4 115 118 447 430
1 4 436 66 454 182
1 4 435 454 54 181
1 4 435 181 182 454
1 4 435 454 182 436
1 4 49 428 432 429
1 4 432 434 66 436
1 4 49 429 432 431
1 4 432 436 66 454
1 4 431 435 454 54
1 4 432 429 435 431
1 4 432 431 435 454
1 4 432 454 435 436
1 4 49 431 432 430
1 4 431 54 454 447
1 4 432 454 66 450
1 4 430 447 450 52
1 4 432 431 447 430
1 4 432 430 447 450
1 4 432 450 447 454
1 4 432 454 447 431
1 4 49 430 432 428
1 4 430 52 450 433
1 4 432 450 66 434
1 4 432 430 433 428
1 4 432 434 433 450
1 4 432 450 433 430
1 4 195 95 302 32
1 4 14 191 190 85
1 4 191 32 297 88
1 4 190 297 31 87
1 4 85 88 87 3
1 4 191 87 190 85
1 4 191 87 85 88
1 4 191 87 88 297
1 4 191 87 297 190
1 4 194 31 186 190
1 4 187 190 185 14
1 4 194 185 187 190
1 4 194 185 190 186
1 4 194 31 190 297
1 4 187 190 14 191
1 4 195 297 191 32
1 4 187 194 297 195
1 4 187 195 297 191
1 4 187 191 297 190
1 4 187 190 297 194
1 4 194 31 297 294
1 4 195 297 32 302
1 4 194 302 294 297
1 4 194 302 297 195
1 4 40 235 367 138
1 4 138 136 141 8
1 4 235 141 367 138
1 4 235 141 138 136
1 4 123 127 121 6
1 4 3 92 91 86
1 4 92 36 336 212
1 4 91 336 35 211
1 4 86 212 211 16
1 4 92 211 91 86
1 4 92 211 86 212
1 4 92 211 212 336
1 4 92 211 336 91
1 4 36 137 345 223
1 4 137 8 140 135
1 4 345 140 56 225
1 4 223 135 225 18
1 4 137 225 345 223
1 4 137 225 223 135
1 4 137 225 135 140
1 4 137 225 140 345
1 4 35 340 124 217
1 4 340 56 129 220
1 4 124 129 6 122
1 4 217 220 122 17
1 4 340 122 124 217
1 4 340 122 217 220
1 4 340 122 220 129
1 4 340 122 129 124
1 4 16 208 207 70
1 4 208 18 215 72
1 4 207 215 17 71
1 4 70 72 71 0
1 4 208 71 207 70
1 4 208 71 70 72
1 4 208 71 72 215
1 4 208 71 215 207
1 4 36 218 336 212
1 4 218 17 217 207
1 4 336 217 35 211
1 4 212 207 211 16
1 4 218 211 336 212
1 4 218 211 212 207
1 4 218 211 207 217
1 4 218 211 217 336
1 4 36 218 212 223
1 4 218 17 207 215
1 4 212 207 16 208
1 4 223 215 208 18
1 4 212 218 215 223
1 4 212 223 215 208
1 4 212 208 215 207
1 4 212 207 215 218
1 4 36 218 223 345
1 4 218 17 215 220
1 4 223 215 18 225
1 4 345 220 225 56
1 4 218 225 223 345
1 4 218 225 345 220
1 4 218 225 220 215
1 4 218 225 215 223
1 4 36 218 345 336
1 4 218 17 220 217
1 4 345 220 56 340
1 4 336 217 340 35
1 4 336 218 345 220
1 4 336 345 340 220
1 4 336 340 217 220
1 4 336 217 218 220
1 4 95 314 302 32
1 4 125 6 123 124
1 4 338 124 307 35
1 4 125 307 338 124
1 4 125 307 124 123
1 4 32 311 297 88
1 4 311 35 299 91
1 4 297 299 31 87
1 4 88 91 87 3
1 4 311 87 297 88
1 4 311 87 88 91
1 4 311 87 91 299
1 4 311 87 299 297
1 4 300 31 294 297
1 4 314 297 302 32
1 4 300 302 314 297
1 4 300 302 297 294
1 4 300 31 297 299
1 4 314 297 32 311
1 4 338 299 311 35
1 4 338 300 314 297
1 4 338 314 311 297
1 4 338 311 299 297
1 4 338 299 300 297
1 4 300 31 299 296
1 4 338 299 35 307
1 4 300 307 296 299
1 4 300 307 299 338
1 4 300 31 296 294
1 4 95 314 32 315
1 4 125 6 124 129
1 4 338 124 35 340
1 4 363 129 340 56
1 4 338 125 129 363
1 4 338 363 129 340
1 4 338 340 129 124
1 4 338 124 129 125
1 4 32 311 88 312
1 4 311 35 91 336
1 4 88 91 3 92
1 4 312 336 92 36
1 4 88 311 336 312
1 4 88 312 336 92
1 4 88 92 336 91
1 4 88 91 336 311
1 4 40 366 343 138
1 4 366 56 345 140
1 4 343 345 36 137
1 4 138 140 137 8
1 4 343 366 140 138
1 4 343 138 140 137
1 4 343 137 140 345
1 4 343 345 140 366
1 4 32 314 317 315
1 4 317 363 56 366
1 4 315 362 366 40
1 4 317 314 362 315
1 4 317 315 362 366
1 4 317 366 362 363
1 4 317 363 362 314
1 4 32 315 317 312
1 4 315 40 366 343
1 4 317 366 56 345
1 4 312 343 345 36
1 4 317 315 343 312
1 4 317 312 343 345
1 4 317 345 343 366
1 4 317 366 343 315
1 4 32 312 317 311
1 4 312 36 345 336
1 4 317 345 56 340
1 4 311 336 340 35
1 4 317 312 336 311
1 4 317 311 336 340
1 4 317 340 336 345
1 4 317 345 336 312
1 4 32 311 317 314
1 4 311 35 340 338
1 4 317 340 56 363
1 4 317 311 338 314
1 4 317 314 338 363
1 4 317 363 338 340
1 4 317 340 338 311
1 4 125 6 129 127
1 4 363 129 56 456
1 4 125 456 127 129
1 4 125 456 129 363
1 4 40 366 138 367
1 4 366 56 140 459
1 4 138 140 8 141
1 4 366 141 138 367
1 4 366 141 367 459
1 4 366 141 459 140
1 4 366 141 140 138
1 4 363 459 456 56
1 4 363 459 56 366
1 4 362 367 366 40
1 4 362 363 366 459
1 4 362 366 367 459
1 4 125 6 127 123
1 4 15 110 204 203
1 4 110 5 113 112
1 4 204 113 39 330
1 4 203 112 330 34
1 4 110 330 204 203
1 4 110 330 203 112
1 4 110 330 112 113
1 4 110 330 113 204
1 4 195 313 95 32
1 4 14 193 191 85
1 4 193 34 310 90
1 4 191 310 32 88
1 4 85 90 88 3
1 4 193 88 191 85
1 4 193 88 85 90
1 4 193 88 90 310
1 4 193 88 310 191
1 4 202 32 195 191
1 4 189 191 187 14
1 4 202 187 189 191
1 4 202 187 191 195
1 4 15 202 189 203
1 4 202 32 191 310
1 4 189 191 14 193
1 4 203 310 193 34
1 4 189 202 310 203
1 4 189 203 310 193
1 4 189 193 310 191
1 4 189 191 310 202
1 4 15 202 203 204
1 4 202 32 310 313
1 4 203 310 34 330
1 4 204 313 330 39
1 4 202 330 203 204
1 4 202 330 204 313
1 4 202 330 313 310
1 4 202 330 310 203
1 4 202 32 313 195
1 4 5 111 118 117
1 4 111 26 271 270
1 4 118 271 52 442
1 4 117 270 442 51
1 4 111 442 118 117
1 4 111 442 117 270
1 4 111 442 270 271
1 4 111 442 271 118
1 4 26 80 267 266
1 4 80 2 82 81
1 4 267 82 28 275
1 4 266 81 275 27
1 4 80 275 267 266
1 4 80 275 266 81
1 4 80 275 81 82
1 4 80 275 82 267
1 4 52 282 162 449
1 4 282 28 161 284
1 4 449 284 164 64
1 4 282 164 162 449
1 4 282 164 449 284
1 4 282 164 284 161
1 4 282 164 161 162
1 4 51 277 445 156
1 4 277 27 279 153
1 4 445 279 64 159
1 4 156 153 159 10
1 4 277 159 445 156
1 4 277 159 156 153
1 4 277 159 153 279
1 4 277 159 279 445
1 4 26 274 271 270
1 4 274 64 449 445
1 4 271 449 52 442
1 4 270 445 442 51
1 4 274 442 271 270
1 4 274 442 270 445
1 4 274 442 445 449
1 4 274 442 449 271
1 4 26 274 270 266
1 4 274 64 445 279
1 4 270 445 51 277
1 4 266 279 277 27
1 4 270 274 279 266
1 4 270 266 279 277
1 4 270 277 279 445
1 4 270 445 279 274
1 4 26 274 266 267
1 4 274 64 279 284
1 4 266 279 27 275
1 4 267 284 275 28
1 4 274 275 266 267
1 4 274 275 267 284
1 4 274 275 284 279
1 4 274 275 279 266
1 4 26 274 267 271
1 4 274 64 284 449
1 4 267 284 28 282
1 4 271 449 282 52
1 4 271 274 267 284
1 4 271 267 282 284
1 4 271 282 449 284
1 4 271 449 274 284
1 4 370 163 237 61
1 4 40 368 235 138
1 4 368 61 236 143
1 4 138 143 136 8
1 4 368 136 235 138
1 4 368 136 138 143
1 4 368 136 143 236
1 4 368 136 236 235
1 4 364 235 40 368
1 4 370 236 368 61
1 4 364 370 236 368
1 4 364 368 236 235
1 4 370 236 61 237
1 4 3 94 92 86
1 4 94 38 342 214
1 4 92 342 36 212
1 4 86 214 212 16
1 4 94 212 92 86
1 4 94 212 86 214
1 4 94 212 214 342
1 4 94 212 342 92
1 4 38 154 353 232
1 4 154 10 157 152
1 4 353 157 60 233
1 4 232 152 233 20
1 4 154 233 353 232
1 4 154 233 232 152
1 4 154 233 152 157
1 4 154 233 157 353
1 4 36 346 137 223
1 4 346 60 142 226
1 4 137 142 8 135
1 4 223 226 135 18
1 4 346 135 137 223
1 4 346 135 223 226
1 4 346 135 226 142
1 4 346 135 142 137
1 4 16 210 208 70
1 4 210 20 222 74
1 4 208 222 18 72
1 4 70 74 72 0
1 4 210 72 208 70
1 4 210 72 70 74
1 4 210 72 74 222
1 4 210 72 222 208
1 4 38 224 342 214
1 4 224 18 223 208
1 4 342 223 36 212
1 4 214 208 212 16
1 4 224 212 342 214
1 4 224 212 214 208
1 4 224 212 208 223
1 4 224 212 223 342
1 4 38 224 214 232
1 4 224 18 208 222
1 4 214 208 16 210
1 4 232 222 210 20
1 4 214 224 222 232
1 4 214 232 222 210
1 4 214 210 222 208
1 4 214 208 222 224
1 4 38 224 232 353
1 4 224 18 222 226
1 4 232 222 20 233
1 4 353 226 233 60
1 4 224 233 232 353
1 4 224 233 353 226
1 4 224 233 226 222
1 4 224 233 222 232
1 4 38 224 353 342
1 4 224 18 226 223
1 4 353 226 60 346
1 4 342 223 346 36
1 4 342 224 353 226
1 4 342 353 346 226
1 4 342 346 223 226
1 4 342 223 224 226
1 4 5 116 113 112
1 4 116 50 359 333
1 4 113 359 39 330
1 4 112 333 330 34
1 4 116 330 113 112
1 4 116 330 112 333
1 4 116 330 333 359
1 4 116 330 359 113
1 4 50 139 365 344
1 4 139 8 138 137
1 4 365 138 40 343
1 4 344 137 343 36
1 4 139 343 365 344
1 4 139 343 344 137
1 4 139 343 137 138
1 4 139 343 138 365
1 4 313 315 95 32
1 4 34 328 310 90
1 4 328 36 312 92
1 4 310 312 32 88
1 4 90 92 88 3
1 4 328 88 310 90
1 4 328 88 90 92
1 4 328 88 92 312
1 4 328 88 312 310
1 4 50 316 359 333
1 4 316 32 313 310
1 4 359 313 39 330
1 4 333 310 330 34
1 4 316 330 359 333
1 4 316 330 333 310
1 4 316 330 310 313
1 4 316 330 313 359
1 4 50 316 333 344
1 4 316 32 310 312
1 4 333 310 34 328
1 4 344 312 328 36
1 4 344 316 333 310
1 4 344 333 328 310
1 4 344 328 312 310
1 4 344 312 316 310
1 4 50 316 344 365
1 4 316 32 312 315
1 4 344 312 36 343
1 4 365 315 343 40
1 4 316 343 344 365
1 4 316 343 365 315
1 4 316 343 315 312
1 4 316 343 312 344
1 4 50 316 365 359
1 4 316 32 315 313
1 4 365 315 40 355
1 4 359 313 355 39
1 4 365 316 313 359
1 4 365 359 313 355
1 4 365 355 313 315
1 4 365 315 313 316
1 4 5 116 112 117
1 4 116 50 333 437
1 4 112 333 34 334
1 4 117 437 334 51
1 4 112 116 437 117
1 4 112 117 437 334
1 4 112 334 437 333
1 4 112 333 437 116
1 4 50 139 344 439
1 4 139 8 137 142
1 4 344 137 36 346
1 4 439 142 346 60
1 4 344 139 142 439
1 4 344 439 142 346
1 4 344 346 142 137
1 4 344 137 142 139
1 4 34 328 90 329
1 4 328 36 92 342
1 4 90 92 3 94
1 4 329 342 94 38
1 4 90 328 342 329
1 4 90 329 342 94
1 4 90 94 342 92
1 4 90 92 342 328
1 4 51 444 352 156
1 4 444 60 353 157
1 4 352 353 38 154
1 4 156 157 154 10
1 4 352 444 157 156
1 4 352 156 157 154
1 4 352 154 157 353
1 4 352 353 157 444
1 4 34 333 335 334
1 4 333 50 439 437
1 4 335 439 60 444
1 4 334 437 444 51
1 4 335 333 437 334
1 4 335 334 437 444
1 4 335 444 437 439
1 4 335 439 437 333
1 4 34 334 335 329
1 4 334 51 444 352
1 4 335 444 60 353
1 4 329 352 353 38
1 4 335 334 352 329
1 4 335 329 352 353
1 4 335 353 352 444
1 4 335 444 352 334
1 4 34 329 335 328
1 4 329 38 353 342
1 4 335 353 60 346
1 4 328 342 346 36
1 4 335 329 342 328
1 4 335 328 342 346
1 4 335 346 342 353
1 4 335 353 342 329
1 4 34 328 335 333
1 4 328 36 346 344
1 4 335 346 60 439
1 4 333 344 439 50
1 4 335 328 344 333
1 4 335 333 344 439
1 4 335 439 344 346
1 4 335 346 344 328
1 4 5 116 117 118
1 4 116 50 437 438
1 4 117 437 51 442
1 4 118 438 442 52
1 4 116 442 117 118
1 4 116 442 118 438
1 4 116 442 438 437
1 4 116 442 437 117
1 4 50 139 439 440
1 4 139 8 142 143
1 4 439 142 60 463
1 4 440 143 463 61
1 4 139 463 439 440
1 4 139 463 440 143
1 4 139 463 143 142
1 4 139 463 142 439
1 4 51 444 156 445
1 4 444 60 157 464
1 4 156 157 10 159
1 4 445 464 159 64
1 4 444 159 156 445
1 4 444 159 445 464
1 4 444 159 464 157
1 4 444 159 157 156
1 4 52 448 449 162
1 4 448 61 465 163
1 4 449 465 64 164
1 4 448 164 449 162
1 4 448 164 162 163
1 4 448 164 163 465
1 4 448 164 465 449
1 4 50 441 437 438
1 4 441 64 445 449
1 4 437 445 51 442
1 4 438 449 442 52
1 4 441 442 437 438
1 4 441 442 438 449
1 4 441 442 449 445
1 4 441 442 445 437
1 4 50 441 438 440
1 4 441 64 449 465
1 4 438 449 52 448
1 4 440 465 448 61
1 4 438 441 465 440
1 4 438 440 465 448
1 4 438 448 465 449
1 4 438 449 465 441
1 4 50 441 440 439
1 4 441 64 465 464
1 4 440 465 61 463
1 4 439 464 463 60
1 4 441 463 440 439
1 4 441 463 439 464
1 4 441 463 464 465
1 4 441 463 465 440
1 4 50 441 439 437
1 4 441 64 464 445
1 4 439 464 60 444
1 4 437 445 444 51
1 4 437 441 439 464
1 4 437 439 444 464
1 4 437 444 445 464
1 4 437 445 441 464
1 4 5 116 118 113
1 4 116 50 438 359
1 4 118 438 52 360
1 4 113 359 360 39
1 4 113 116 118 438
1 4 113 118 360 438
1 4 113 360 359 438
1 4 113 359 116 438
1 4 50 139 440 365
1 4 139 8 143 138
1 4 440 143 61 368
1 4 365 138 368 40
1 4 365 139 440 143
1 4 365 440 368 143
1 4 365 368 138 143
1 4 365 138 139 143
1 4 52 448 162 369
1 4 448 61 163 370
1 4 369 448 162 163
1 4 369 370 448 163
1 4 39 359 360 361
1 4 359 50 438 440
1 4 360 438 52 448
1 4 361 440 448 61
1 4 361 359 360 438
1 4 361 360 448 438
1 4 361 448 440 438
1 4 361 440 359 438
1 4 39 360 356 361
1 4 360 52 369 448
1 4 361 448 370 61
1 4 361 360 356 369
1 4 361 356 370 369
1 4 361 370 448 369
1 4 361 448 360 369
1 4 39 356 355 361
1 4 355 364 40 368
1 4 361 370 368 61
1 4 361 356 355 364
1 4 361 355 368 364
1 4 361 368 370 364
1 4 361 370 356 364
1 4 39 355 359 361
1 4 355 40 365 368
1 4 359 365 50 440
1 4 361 368 440 61
1 4 361 355 359 365
1 4 361 359 440 365
1 4 361 440 368 365
1 4 361 368 355 365

boundary
462
1 2 1 78 79
1 2 259 79 78
1 2 78 24 259
1 2 79 259 25
1 2 67 265 262
1 2 259 262 265
1 2 265 25 259
1 2 262 259 24
1 2 24 166 262
1 2 170 262 166
1 2 166 11 170
1 2 262 170 67
1 2 25 265 171
1 2 177 171 265
1 2 265 67 177
1 2 171 177 12
1 2 13 184 183
1 2 471 183 184
1 2 184 69 471
1 2 183 471 68
1 2 67 469 470
1 2 471 470 469
1 2 469 68 471
1 2 470 471 69
1 2 69 178 470
1 2 177 470 178
1 2 178 12 177
1 2 470 177 67
1 2 469 67 170
1 2 12 178 172
1 2 289 172 178
1 2 178 69 289
1 2 172 289 29
1 2 30 286 293
1 2 289 293 286
1 2 286 29 289
1 2 293 289 69
1 2 69 184 293
1 2 179 293 184
1 2 184 13 179
1 2 293 179 30
1 2 29 286 83
1 2 84 83 286
1 2 286 30 84
1 2 83 84 2
1 2 1 79 77
1 2 255 77 79
1 2 79 25 255
1 2 77 255 23
1 2 63 258 264
1 2 255 264 258
1 2 258 23 255
1 2 264 255 25
1 2 25 171 264
1 2 175 264 171
1 2 171 12 175
1 2 264 175 63
1 2 23 258 145
1 2 151 145 258
1 2 258 63 151
1 2 145 151 9
1 2 10 158 160
1 2 467 160 158
1 2 158 62 467
1 2 160 467 65
1 2 63 468 466
1 2 467 466 468
1 2 468 65 467
1 2 466 467 62
1 2 62 150 466
1 2 151 466 150
1 2 150 9 151
1 2 466 151 63
1 2 65 468 176
1 2 175 176 468
1 2 468 63 175
1 2 176 175 12
1 2 12 172 176
1 2 288 176 172
1 2 172 29 288
1 2 176 288 65
1 2 27 280 276
1 2 288 276 280
1 2 280 65 288
1 2 276 288 29
1 2 29 83 276
1 2 81 276 83
1 2 83 2 81
1 2 276 81 27
1 2 65 280 160
1 2 153 160 280
1 2 280 27 153
1 2 160 153 10
1 2 9 150 144
1 2 230 144 150
1 2 150 62 230
1 2 144 230 19
1 2 20 227 234
1 2 230 234 227
1 2 227 19 230
1 2 234 230 62
1 2 62 158 234
1 2 152 234 158
1 2 158 10 152
1 2 234 152 20
1 2 19 227 73
1 2 74 73 227
1 2 227 20 74
1 2 73 74 0
1 2 1 77 76
1 2 250 76 77
1 2 77 23 250
1 2 76 250 22
1 2 58 253 257
1 2 250 257 253
1 2 253 22 250
1 2 257 250 23
1 2 23 145 257
1 2 149 257 145
1 2 145 9 149
1 2 257 149 58
1 2 22 253 131
1 2 133 131 253
1 2 253 58 133
1 2 131 133 7
1 2 6 128 130
1 2 457 130 128
1 2 128 55 457
1 2 130 457 57
1 2 58 460 458
1 2 457 458 460
1 2 460 57 457
1 2 458 457 55
1 2 458 133 58
1 2 57 460 148
1 2 149 148 460
1 2 460 58 149
1 2 148 149 9
1 2 9 144 148
1 2 229 148 144
1 2 144 19 229
1 2 148 229 57
1 2 17 221 216
1 2 229 216 221
1 2 221 57 229
1 2 216 229 19
1 2 19 73 216
1 2 71 216 73
1 2 73 0 71
1 2 216 71 17
1 2 57 221 130
1 2 122 130 221
1 2 221 17 122
1 2 130 122 6
1 2 128 6 121
1 2 1 76 78
1 2 251 78 76
1 2 76 22 251
1 2 78 251 24
1 2 59 261 254
1 2 251 254 261
1 2 261 24 251
1 2 254 251 22
1 2 22 131 254
1 2 134 254 131
1 2 131 7 134
1 2 254 134 59
1 2 24 261 166
1 2 168 166 261
1 2 261 59 168
1 2 166 168 11
1 2 59 461 462
1 2 168 462 169
1 2 169 11 168
1 2 462 168 59
1 2 461 59 134
1 2 13 182 179
1 2 292 179 182
1 2 182 66 292
1 2 179 292 30
1 2 28 281 285
1 2 292 285 281
1 2 281 30 292
1 2 285 292 66
1 2 66 165 285
1 2 161 285 165
1 2 285 161 28
1 2 30 281 84
1 2 82 84 281
1 2 281 28 82
1 2 84 82 2
1 2 136 141 8
1 2 6 129 127
1 2 456 127 129
1 2 129 56 456
1 2 459 456 56
1 2 56 140 459
1 2 141 459 140
1 2 140 8 141
1 2 127 121 6
1 2 8 140 135
1 2 225 135 140
1 2 140 56 225
1 2 135 225 18
1 2 17 215 220
1 2 225 220 215
1 2 215 18 225
1 2 220 225 56
1 2 56 129 220
1 2 122 220 129
1 2 129 6 122
1 2 220 122 17
1 2 18 215 72
1 2 71 72 215
1 2 215 17 71
1 2 72 71 0
1 2 2 82 81
1 2 275 81 82
1 2 82 28 275
1 2 81 275 27
1 2 64 279 284
1 2 275 284 279
1 2 279 27 275
1 2 284 275 28
1 2 28 161 284
1 2 164 284 161
1 2 284 164 64
1 2 27 279 153
1 2 159 153 279
1 2 279 64 159
1 2 153 159 10
1 2 8 142 143
1 2 463 143 142
1 2 142 60 463
1 2 143 463 61
1 2 64 465 464
1 2 463 464 465
1 2 465 61 463
1 2 464 463 60
1 2 60 157 464
1 2 159 464 157
1 2 157 10 159
1 2 464 159 64
1 2 61 465 163
1 2 164 163 465
1 2 465 64 164
1 2 163 237 61
1 2 236 61 237
1 2 61 236 143
1 2 136 143 236
1 2 143 136 8
1 2 10 157 152
1 2 233 152 157
1 2 157 60 233
1 2 152 233 20
1 2 18 222 226
1 2 233 226 222
1 2 222 20 233
1 2 226 233 60
1 2 60 142 226
1 2 135 226 142
1 2 142 8 135
1 2 226 135 18
1 2 20 222 74
1 2 72 74 222
1 2 222 18 72
1 2 74 72 0
3 2 96 200 371
3 2 96 371 100
3 2 201 206 49
3 2 196 15 206
3 2 196 206 201
3 2 196 201 200
3 2 201 49 374
3 2 201 371 200
3 2 201 374 371
3 2 167 170 11
3 2 371 373 100
3 2 180 181 13
3 2 180 423 435
3 2 180 435 181
3 2 49 429 374
3 2 371 374 373
3 2 435 423 429
3 2 423 373 374
3 2 423 374 429
3 2 180 13 183
3 2 426 183 68
3 2 180 183 426
3 2 415 170 167
3 2 415 469 170
3 2 426 68 469
3 2 426 469 415
3 2 410 426 415
3 2 100 373 372
3 2 372 373 410
3 2 180 426 423
3 2 415 167 411
3 2 373 426 410
3 2 372 410 415
3 2 372 415 411
3 2 373 423 426
3 2 196 189 15
3 2 188 14 189
3 2 189 196 188
3 2 96 198 200
3 2 199 188 196
3 2 188 199 198
3 2 199 200 198
3 2 196 200 199
3 2 188 185 14
3 2 96 303 198
3 2 96 98 303
3 2 197 31 186
3 2 197 185 188
3 2 197 186 185
3 2 197 295 31
3 2 197 198 303
3 2 197 303 295
3 2 188 198 197
3 2 132 7 133
3 2 123 128 121
3 2 303 98 304
3 2 307 308 123
3 2 31 295 296
3 2 303 304 295
3 2 308 295 304
3 2 308 296 295
3 2 307 296 308
3 2 98 305 304
3 2 386 55 128
3 2 308 386 128
3 2 308 128 123
3 2 392 309 132
3 2 306 304 305
3 2 306 392 55
3 2 306 55 386
3 2 306 305 309
3 2 306 309 392
3 2 306 308 304
3 2 306 386 308
3 2 458 55 392
3 2 392 132 133
3 2 392 133 458
3 2 96 100 98
3 2 132 134 7
3 2 104 98 100
3 2 100 396 104
3 2 100 372 396
3 2 413 411 167
3 2 167 11 169
3 2 413 167 169
3 2 372 413 396
3 2 372 411 413
3 2 104 396 389
3 2 413 169 462
3 2 393 134 132
3 2 393 461 134
3 2 397 389 396
3 2 389 397 461
3 2 389 461 393
3 2 397 462 461
3 2 396 462 397
3 2 396 413 462
3 2 98 104 389
3 2 98 389 305
3 2 393 132 309
3 2 305 389 393
3 2 305 393 309
3 2 15 204 206
3 2 206 357 49
3 2 204 39 357
3 2 206 204 357
3 2 181 182 13
3 2 161 165 162
3 2 433 369 162
3 2 358 357 39
3 2 428 49 357
3 2 358 428 357
3 2 433 428 358
3 2 358 39 356
3 2 358 369 433
3 2 358 356 369
3 2 49 428 429
3 2 434 165 66
3 2 433 165 434
3 2 433 162 165
3 2 436 66 182
3 2 435 436 182
3 2 435 182 181
3 2 428 432 429
3 2 434 66 436
3 2 432 434 436
3 2 432 435 429
3 2 432 436 435
3 2 432 428 433
3 2 432 433 434
3 2 187 14 185
3 2 195 302 95
3 2 194 186 31
3 2 194 187 185
3 2 194 185 186
3 2 187 194 195
3 2 194 31 294
3 2 194 302 195
3 2 194 294 302
3 2 40 367 235
3 2 235 367 141
3 2 235 141 136
3 2 123 121 127
3 2 95 302 314
3 2 125 338 307
3 2 125 307 123
3 2 31 296 294
3 2 300 314 302
3 2 300 302 294
3 2 338 314 300
3 2 300 307 338
3 2 300 296 307
3 2 300 294 296
3 2 95 314 315
3 2 315 362 40
3 2 314 362 315
3 2 338 125 363
3 2 363 362 314
3 2 314 338 363
3 2 125 456 363
3 2 125 127 456
3 2 141 367 459
3 2 362 367 40
3 2 363 456 459
3 2 362 363 459
3 2 362 459 367
3 2 125 123 127
3 2 189 14 187
3 2 195 95 313
3 2 15 189 202
3 2 202 189 187
3 2 202 187 195
3 2 15 202 204
3 2 204 313 39
3 2 202 313 204
3 2 202 195 313
3 2 164 161 162
3 2 370 237 163
3 2 136 236 235
3 2 364 40 235
3 2 364 236 370
3 2 364 235 236
3 2 370 236 237
3 2 313 355 39
3 2 315 40 355
3 2 313 95 315
3 2 355 313 315
3 2 164 162 163
3 2 369 163 162
3 2 369 370 163
3 2 39 355 356
3 2 355 40 364
3 2 356 355 364
3 2 356 370 369
3 2 370 356 364

vertices
472

nodes
FiniteElementSpace
FiniteElementCollection: H1_3D_P1
VDim: 3
Ordering: 1

0 1 0
0 0 1
1 0 0
0 0.5 0
0 0 0.5
0.5 0 0
-0.707107 0.707107 0
-0.707107 0 0.707107
0 0.707107 -0.707107
0 0.707107 0.707107
0.707107 0.707107 0
0 -0.707107 0.707107
0.707107 0 0.707107
0.707107 -0.707107 0
0 0.25 0
0.25 0 0
0 0.75 0
-0.316228 0.948683 0
0 0.948683 -0.316228
0 0.948683 0.316228
0.316228 0.948683 0
0 0 0.75
-0.316228 0 0.948683
0 0.316228 0.948683
0 -0.316228 0.948683
0.316228 0 0.948683
0.75 0 0
0.948683 0.316228 0
0.948683 0 -0.316228
0.948683 0 0.316228
0.948683 -0.316228 0
-0.353553 0.353553 0
0 0.353553 -0.353553
0 0.353553 0.353553
0.353553 0.353553 0
-0.33541 0.67082 0
0 0.67082 -0.33541
0 0.67082 0.33541
0.33541 0.67082 0
0.353553 0 -0.353553
0 0.33541 -0.67082
0.353553 0 0.353553
-0.433013 0.433013 0.433013
-0.33541 0 0.67082
0 0.33541 0.67082
0.433013 0.433013 0.433013
0 -0.33541 0.67082
0.33541 0 0.67082
0.433013 -0.433013 0.433013
0.353553 -0.353553 0
0.433013 0.433013 -0.433013
0.67082 0.33541 0
0.67082 0 -0.33541
0.67082 0 0.33541
0.67082 -0.33541 0
-0.816497 0.408248 0.408248
-0.408248 0.816497 -0.408248
-0.408248 0.816497 0.408248
-0.408248 0.408248 0.816497
-0.408248 -0.408248 0.816497
0.408248 0.816497 -0.408248
0.408248 0.408248 -0.816497
0.408248 0.816497 0.408248
0.408248 0.408248 0.816497
0.816497 0.408248 -0.408248
0.816497 0.408248 0.408248
0.816497 -0.408248 -0.408248
0.408248 -0.408248 0.816497
0.408248 -0.816497 0.408248
0.816497 -0.408248 0.408248
0 0.875 0
-0.141421 0.989949 0
0 0.989949 -0.141421
0 0.989949 0.141421
0.141421 0.989949 0
0 0 0.875
-0.141421 0 0.989949
0 0.141421 0.989949
0 -0.141421 0.989949
0.141421 0 0.989949
0.875 0 0
0.989949 0.141421 0
0.989949 0 -0.141421
0.989949 0 0.141421
0.989949 -0.141421 0
0 0.375 0
0 0.625 0
-0.158114 0.474342 0
0 0.474342 -0.158114
0 0.474342 0.158114
0.158114 0.474342 0
-0.151585 0.606339 0
0 0.606339 -0.151585
0 0.606339 0.151585
0.151585 0.606339 0
0 0.158114 -0.474342
0 0 0.375
0 0 0.625
-0.158114 0 0.474342
0 0.158114 0.474342
0 -0.158114 0.474342
0.158114 0 0.474342
-0.188445 0.188445 0.565334
-0.151585 0 0.606339
-0.188445 -0.188445 0.565334
0 0.151585 0.606339
0.188445 0.188445 0.565334
0 -0.151585 0.606339
0.151585 0 0.606339
0.188445 -0.188445 0.565334
0.375 0 0
0.625 0 0
0.474342 0.158114 0
0.474342 0 -0.158114
0.474342 0 0.158114
0.474342 -0.158114 0
0.565334 0.188445 -0.188445
0.606339 0.151585 0
0.606339 0 -0.151585
0.606339 0 0.151585
0.606339 -0.151585 0
-0.857493 0.514496 0
-0.514496 0.857493 0
-0.7 0.525 0
-0.525 0.7 0
-0.602216 0.602216 -0.200739
-0.602216 0.602216 0.200739
-0.784465 0.588348 -0.196116
-0.784465 0.588348 0.196116
-0.588348 0.784465 -0.196116
-0.588348 0.784465 0.196116
-0.514496 0 0.857493
-0.525 0 0.7
-0.588348 0.196116 0.784465
-0.588348 -0.196116 0.784465
0 0.857493 -0.514496
0 0.514496 -0.857493
0 0.7 -0.525
0 0.525 -0.7
0.200739 0.602216 -0.602216
-0.196116 0.784465 -0.588348
-0.196116 0.588348 -0.784465
0.196116 0.784465 -0.588348
0.196116 0.588348 -0.784465
0 0.857493 0.514496
0 0.514496 0.857493
0 0.7 0.525
0 0.525 0.7
-0.196116 0.784465 0.588348
-0.196116 0.588348 0.784465
0.196116 0.784465 0.588348
0.196116 0.588348 0.784465
0.514496 0.857493 0
0.857493 0.514496 0
0.525 0.7 0
0.602216 0.602216 0.200739
0.7 0.525 0
0.588348 0.784465 -0.196116
0.588348 0.784465 0.196116
0.784465 0.588348 -0.196116
0.784465 0.588348 0.196116
0.857493 0 -0.514496
0.7 0 -0.525
0.588348 0.196116 -0.784465
0.784465 0.196116 -0.588348
0.784465 -0.196116 -0.588348
0 -0.514496 0.857493
0 -0.525 0.7
-0.196116 -0.588348 0.784465
-0.196116 -0.784465 0.588348
0.196116 -0.588348 0.784465
0.514496 0 0.857493
0.857493 0 0.514496
0.525 0 0.7
0.7 0 0.525
0.588348 0.196116 0.784465
0.784465 0.196116 0.588348
0.588348 -0.196116 0.784465
0.784465 -0.196116 0.588348
0.857493 -0.514496 0
0.602216 -0.602216 0.200739
0.7 -0.525 0
0.784465 -0.588348 -0.196116
0.588348 -0.784465 0.196116
0.784465 -0.588348 0.196116
-0.176777 0.176777 0
-0.33541 0.167705 0
0 0.176777 -0.176777
0 0.176777 0.176777
0.176777 0.176777 0
-0.167705 0.33541 0
0 0.33541 -0.167705
0 0.33541 0.167705
0.167705 0.33541 0
-0.216506 0.216506 -0.216506
0 0.167705 -0.33541
0.176777 0 0.176777
-0.216506 0.216506 0.216506
0 0.167705 0.33541
0.216506 0.216506 0.216506
0.167705 0 0.33541
0.216506 -0.216506 0.216506
0.216506 0.216506 -0.216506
0.33541 0.167705 0
0.33541 0 -0.167705
0.33541 0 0.167705
0.33541 -0.167705 0
-0.143849 0.863095 0
0 0.863095 -0.143849
0 0.863095 0.143849
0.143849 0.863095 0
-0.147087 0.735436 0
0 0.735436 -0.147087
0 0.735436 0.147087
0.147087 0.735436 0
-0.162221 0.973329 -0.162221
-0.162221 0.973329 0.162221
-0.324967 0.812417 0
-0.168394 0.841969 -0.168394
-0.168394 0.841969 0.168394
-0.365148 0.912871 -0.182574
-0.365148 0.912871 0.182574
0.162221 0.973329 -0.162221
0 0.812417 -0.324967
0.168394 0.841969 -0.168394
-0.182574 0.912871 -0.365148
0.182574 0.912871 -0.365148
0.162221 0.973329 0.162221
0 0.812417 0.324967
-0.182574 0.912871 0.365148
0.182574 0.912871 0.365148
0.168394 0.841969 0.168394
0.324967 0.812417 0
0.365148 0.912871 -0.182574
0.365148 0.912871 0.182574
0 0.324967 -0.812417
0.182574 0.365148 -0.912871
0.365148 0.182574 -0.912871
-0.143849 0 0.863095
0 0.143849 0.863095
0 -0.143849 0.863095
0.143849 0 0.863095
-0.147087 0 0.735436
0 0.147087 0.735436
0 -0.147087 0.735436
0.147087 0 0.735436
-0.168394 0.168394 0.841969
-0.168394 -0.168394 0.841969
0.168394 0.168394 0.841969
0.168394 -0.168394 0.841969
-0.162221 0.162221 0.973329
-0.162221 -0.162221 0.973329
-0.324967 0 0.812417
-0.365148 0.182574 0.912871
-0.365148 -0.182574 0.912871
0.162221 0.162221 0.973329
0 0.324967 0.812417
-0.182574 0.365148 0.912871
0.182574 0.365148 0.912871
0.162221 -0.162221 0.973329
0 -0.324967 0.812417
-0.182574 -0.365148 0.912871
0.182574 -0.365148 0.912871
0.324967 0 0.812417
0.365148 0.182574 0.912871
0.365148 -0.182574 0.912871
0.863095 0.143849 0
0.863095 0 -0.143849
0.863095 0 0.143849
0.863095 -0.143849 0
0.735436 0.147087 0
0.735436 0 -0.147087
0.735436 0 0.147087
0.735436 -0.147087 0
0.841969 0.168394 -0.168394
0.973329 0.162221 -0.162221
0.973329 0.162221 0.162221
0.812417 0.324967 0
0.841969 0.168394 0.168394
0.912871 0.365148 -0.182574
0.912871 0.365148 0.182574
0.973329 -0.162221 -0.162221
0.812417 0 -0.324967
0.841969 -0.168394 -0.168394
0.912871 0.182574 -0.365148
0.912871 -0.182574 -0.365148
0.973329 -0.162221 0.162221
0.812417 0 0.324967
0.912871 0.182574 0.365148
0.912871 -0.182574 0.365148
0.841969 -0.168394 0.168394
0.812417 -0.324967 0
0.912871 -0.365148 -0.182574
0.912871 -0.365148 0.182574
-0.408248 0.204124 -0.204124
-0.408248 0.204124 0.204124
-0.520031 0.346688 0
-0.204124 0.408248 -0.204124
-0.204124 0.408248 0.204124
-0.346688 0.520031 0
-0.416667 0.416667 -0.208333
-0.416667 0.416667 0.208333
-0.204124 0.204124 -0.408248
-0.204124 0.204124 0.408248
-0.416667 0.208333 0.416667
-0.346688 0 0.520031
-0.601338 0.200446 0.400892
-0.53033 0.53033 0
-0.601338 0.400892 0.200446
-0.53033 0 0.53033
0.204124 0.408248 -0.204124
-0.188445 0.565334 -0.188445
0 0.520031 -0.346688
0.204124 0.204124 -0.408248
-0.208333 0.416667 -0.416667
0 0.346688 -0.520031
0.208333 0.416667 -0.416667
-0.200446 0.601338 -0.400892
0.204124 0.408248 0.204124
-0.188445 0.565334 0.188445
0 0.520031 0.346688
0.188445 0.565334 0.188445
0.204124 0.204124 0.408248
-0.208333 0.416667 0.416667
0 0.346688 0.520031
0.208333 0.416667 0.416667
-0.200446 0.601338 0.400892
0.200446 0.601338 0.400892
0.188445 0.565334 -0.188445
0.346688 0.520031 0
0.408248 0.204124 -0.204124
0.408248 0.204124 0.204124
0.416667 0.416667 0.208333
0.416667 0.416667 -0.208333
0.520031 0.346688 0
0.400892 0.601338 -0.200446
-0.176777 0.707107 -0.176777
-0.176777 0.707107 0.176777
-0.400892 0.601338 -0.200446
-0.400892 0.601338 0.200446
-0.381881 0.763763 -0.190941
-0.381881 0.763763 0.190941
0.176777 0.707107 -0.176777
0 0.53033 -0.53033
0.200446 0.601338 -0.400892
-0.190941 0.763763 -0.381881
0.190941 0.763763 -0.381881
0.176777 0.707107 0.176777
0 0.53033 0.53033
-0.190941 0.763763 0.381881
0.190941 0.763763 0.381881
0.400892 0.601338 0.200446
0.53033 0.53033 0
0.381881 0.763763 -0.190941
0.381881 0.763763 0.190941
0.188445 0.188445 -0.565334
0.346688 0 -0.520031
0.408248 -0.204124 -0.204124
0.416667 -0.208333 -0.416667
0.416667 0.208333 -0.416667
0.520031 0 -0.346688
0.400892 0.200446 -0.601338
-0.200446 0.400892 -0.601338
-0.424437 0.636656 -0.424437
0.176777 0.176777 -0.707107
0.200446 0.400892 -0.601338
-0.200739 0.602216 -0.602216
-0.190941 0.381881 -0.763763
0.190941 0.381881 -0.763763
0.53033 0 -0.53033
0.381881 0.190941 -0.763763
0.204124 -0.204124 0.408248
0 -0.346688 0.520031
0.208333 -0.416667 0.416667
0.204124 -0.408248 0.204124
0.416667 0.208333 0.416667
0.346688 0 0.520031
0.416667 -0.208333 0.416667
0.408248 -0.204124 0.204124
0.565334 0.188445 0.188445
0.520031 0 0.346688
0.565334 -0.188445 0.188445
0.601338 0.200446 0.400892
0.601338 -0.200446 0.400892
-0.400892 0.200446 0.601338
-0.200446 0.400892 0.601338
-0.636656 0.424437 0.424437
-0.424437 0.636656 0.424437
-0.424437 0.424437 0.636656
-0.400892 -0.200446 0.601338
-0.176777 0.176777 0.707107
-0.176777 -0.176777 0.707107
-0.602216 0.200739 0.602216
-0.602216 -0.200739 0.602216
-0.381881 0.190941 0.763763
-0.381881 -0.190941 0.763763
-0.200446 -0.400892 0.601338
-0.424437 -0.424437 0.636656
0.200446 0.400892 0.601338
0.176777 0.176777 0.707107
-0.200739 0.602216 0.602216
-0.190941 0.381881 0.763763
0.200739 0.602216 0.602216
0.190941 0.381881 0.763763
0.400892 0.200446 0.601338
0.601338 0.400892 0.200446
0.424437 0.636656 0.424437
0.424437 0.424437 0.636656
0.636656 0.424437 0.424437
0.176777 -0.176777 0.707107
0.200446 -0.400892 0.601338
0 -0.53033 0.53033
-0.190941 -0.381881 0.763763
-0.200739 -0.602216 0.602216
0.190941 -0.381881 0.763763
0.200739 -0.602216 0.602216
0.400892 -0.200446 0.601338
0.53033 0 0.53033
0.381881 0.190941 0.763763
0.602216 0.200739 0.602216
0.381881 -0.190941 0.763763
0.602216 -0.200739 0.602216
0.416667 -0.416667 0.208333
0.400892 -0.601338 0.200446
0.601338 -0.400892 0.200446
0.424437 -0.424437 0.636656
0.424437 -0.636656 0.424437
0.636656 -0.424437 0.424437
0.416667 -0.416667 -0.208333
0.346688 -0.520031 0
0.565334 -0.188445 -0.188445
0.520031 -0.346688 0
0.601338 -0.400892 -0.200446
0.601338 -0.200446 -0.400892
0.636656 -0.424437 -0.424437
0.53033 -0.53033 0
0.602216 -0.602216 -0.200739
0.601338 0.400892 -0.200446
0.601338 0.200446 -0.400892
0.424437 0.636656 -0.424437
0.424437 0.424437 -0.636656
0.636656 0.424437 -0.424437
0.707107 0.176777 -0.176777
0.707107 0.176777 0.176777
0.602216 0.602216 -0.200739
0.763763 0.381881 -0.190941
0.763763 0.381881 0.190941
0.707107 -0.176777 -0.176777
0.602216 0.200739 -0.602216
0.763763 0.190941 -0.381881
0.763763 -0.190941 -0.381881
0.707107 -0.176777 0.176777
0.763763 0.190941 0.381881
0.763763 -0.190941 0.381881
0.763763 -0.381881 -0.190941
0.763763 -0.381881 0.190941
-0.639602 0.639602 -0.426401
-0.639602 0.639602 0.426401
-0.639602 0.426401 0.639602
-0.426401 0.639602 -0.639602
-0.426401 0.639602 0.639602
-0.639602 -0.426401 0.639602
-0.426401 -0.639602 0.639602
0.426401 0.639602 -0.639602
0.639602 0.639602 -0.426401
0.639602 0.426401 -0.639602
0.426401 0.639602 0.639602
0.639602 0.639602 0.426401
0.639602 0.426401 0.639602
0.426401 -0.639602 0.639602
0.639602 -0.426401 0.639602
0.639602 -0.639602 0.426401
