FiniteElementSpace
FiniteElementCollection: H1_3D_P2
VDim: 1
Ordering: 0

0.968656
1
1
1
0.976488
0.976488
0.976488
1
1
1
1
1
1
1
0.97061
0.97061
0.97061
0.970611
0.970611
0.97061
0.98634
1
1
1
1
0.986337
1
1
1
1
0.986335
1
1
1
1
0.976508
0.97651
0.976511
0.97651
0.986401
0.986403
0.986406
0.986403
0.976511
0.97651
0.986508
0.986403
0.986403
0.986406
0.986403
0.976511
0.986508
0.97651
0.986508
0.986403
0.986406
0.986508
0.986405
0.986403
1
1
1
1
1
1
1
1
1
1
1
1
0.969144
0.969144
0.969144
0.969145
0.969145
0.969144
0.992791
1
1
1
1
0.992777
1
1
1
1
0.992764
1
1
1
1
0.973056
0.980912
0.976495
0.976496
0.976497
0.976496
0.980924
0.980924
0.980924
0.980924
0.973057
0.980912
0.976497
0.976497
0.976497
0.976496
0.980949
0.980923
0.980923
0.980924
0.980923
0.973057
0.976497
0.976497
0.980948
0.973057
0.980912
0.976497
0.976498
0.976496
0.976497
0.980949
0.980923
0.980923
0.980949
0.980923
0.980923
1
0.992939
0.99302
1
1
1
1
0.992932
0.992935
0.993021
1
1
1
1
1
0.992923
0.992929
1
1
1
1
1
1
0.992932
0.993021
0.992935
1
1
1
1
1
1
1
1
0.992923
0.992929
1
1
1
1
1
1
0.992932
0.993021
0.992935
1
1
1
1
1
0.992929
0.992923
1
1
1
1
0.993021
0.992935
0.992932
1
1
1
0.970611
0.970612
0.970612
0.970612
0.973061
0.973061
0.973061
0.973061
0.970612
0.970612
0.970612
0.970612
0.970612
0.973066
0.973061
0.973061
0.973061
0.973061
0.970612
0.970612
0.973067
0.973061
0.973067
0.973061
0.973067
0.973061
0.973061
0.973067
0.970612
0.973067
0.973061
0.973061
0.973067
0.973061
0.973061
0.973066
0.973061
0.973061
0.992799
0.992799
0.992799
0.9928
0.986355
0.986351
0.986348
0.986352
1
1
0.99287
0.99284
0.992841
1
1
1
0.992867
0.99284
1
1
1
0.992863
1
1
0.992842
0.992867
1
1
0.9928
0.9928
0.992798
0.992799
0.986343
0.986343
0.986347
0.98635
0.992833
1
1
0.992858
0.992842
1
1
1
0.992858
0.99284
1
1
1
0.992863
1
1
0.992842
0.992867
1
1
0.9928
0.9928
0.992798
0.9928
0.986342
0.986333
0.986346
0.986342
0.992834
0.992834
1
1
0.992858
0.992841
1
1
1
0.992846
1
1
1
0.992863
1
1
0.992841
0.992858
1
1
0.976511
0.976511
0.980953
0.980979
0.976511
0.980947
0.980955
0.976512
0.976512
0.980981
0.980955
0.980979
0.986452
0.976512
0.980948
0.980957
0.980948
0.976512
0.976512
0.980981
0.980956
0.980981
0.986453
0.986453
0.980948
0.980955
0.976512
0.976512
0.980979
0.980981
0.980955
0.986452
0.986382
0.986383
0.98643
0.98645
0.98645
0.992955
0.992955
0.986383
0.986427
0.986451
0.992953
0.992956
0.986384
0.986424
0.992954
0.992954
0.986451
0.986427
0.992953
0.992956
0.976511
0.980981
0.980955
0.98645
0.976512
0.980948
0.980957
0.980948
0.976512
0.980981
0.980957
0.980981
0.986453
0.986453
0.980947
0.980955
0.976511
0.980979
0.986452
0.986452
0.993088
0.993088
0.993078
0.98639
0.986383
0.986451
0.993012
0.992952
0.992956
0.986382
0.992952
0.986383
0.986424
0.992954
0.992954
0.986451
0.986427
0.992953
0.992956
0.976512
0.980981
0.980956
0.980981
0.976512
0.980948
0.980957
0.980948
0.986453
0.986453
0.993088
0.986452
0.993013
0.993013
0.986452
0.986451
0.993088
0.993078
0.993088
0.986452
0.986424
0.993013
0.993013
0.986451
0.993088
0.980981
0.980955
0.986452
0.986452
0.986452
0.993088
0.993088
0.993078
0.98639
0.986382
0.993012
0.992952
0.992955
0.986452
0.98639
0.993013
0.992952
0.993013
0.992952
0.986452
0.986451
0.993088
0.993078
0.993088
0.986382
0.992954
0.992954
0.986427
0.992952
0.993012
0.992955
1
1
1
1
1
1
1
1
1
1
1
1
1
1
0.968778
0.968778
0.968778
0.9689
0.9689
0.9689
0.969755
0.969612
0.969612
0.970325
0.970325
0.970122
0.969612
0.969755
0.969612
0.970324
0.970122
0.970325
0.969612
0.969612
0.969755
0.970122
0.970324
0.970324
0.969267
0.971711
0.971557
0.971557
0.972825
0.972825
0.972618
0.974626
0.974509
0.974402
0.97609
0.976123
0.975982
0.974114
0.974402
0.9745
0.971556
0.971711
0.971557
0.972825
0.972618
0.972825
0.974509
0.974625
0.974402
0.976089
0.975982
0.976123
0.974499
0.974649
0.974499
0.976288
0.976099
0.976289
0.974402
0.974625
0.974509
0.976123
0.975982
0.976089
0.974206
0.971092
0.971445
0.971445
0.974121
0.972566
0.972566
0.974509
0.972621
0.971173
0.971638
0.971173
0.971638
0.971556
0.971445
0.972566
0.971638
0.972566
0.973867
0.975859
0.974497
0.974497
0.971638
0.972621
0.971638
0.972801
0.97843
0.978575
0.97843
0.98073
0.980555
0.98073
0.983356
0.983501
0.983312
0.986061
0.985933
0.986104
0.983356
0.983497
0.983355
0.986165
0.986
0.986164
0.983311
0.9835
0.983355
0.9861
0.98593
0.986062
0.983144
0.989369
0.989473
0.989282
0.992495
0.992465
0.992551
0.996376
0.99634
0.996204
1
1
1
0.996305
0.996329
0.996192
1
1
1
0.996334
0.996372
0.996259
1
1
1
0.995846
0.989292
0.989426
0.989291
0.992627
0.992463
0.99261
0.996238
0.996305
0.996162
1
1
1
0.996213
0.996346
0.996176
1
1
1
0.996194
0.99633
0.996196
1
1
1
0.99606
0.989276
0.989469
0.989367
0.99256
0.992436
0.992476
0.996292
0.996378
0.996303
1
1
1
0.996218
0.996359
0.996251
1
1
1
0.996253
0.996383
0.996317
1
1
1
0.996173
0.988934
0.989276
0.989468
0.996093
0.992585
0.992417
0.992548
0.989093
0.989435
0.989095
0.989303
0.989263
0.992486
0.989286
0.996205
0.9893
0.995964
0.992378
0.992736
0.992428
0.996326
1
1
0.995954
1
0.996251
0.989293
0.992578
0.989451
0.992633
0.977833
0.978331
0.978385
0.996224
0.992507
0.992504
0.996349
0.99245
0.989151
0.986027
0.985943
0.989442
0.985963
0.989289
0.989452
0.989404
0.977878
0.978362
0.97853
0.983127
0.980627
0.980453
0.983496
0.98058
0.978188
0.97857
0.97814
0.978424
0.978511
0.978362
0.978385
0.983295
0.983419
0.983322
0.980378
0.982783
0.980862
0.995807
0.996284
0.996356
1
1
0.995766
0.996209
0.99631
1
1
0.996436
0.992527
1
0.996414
0.992398
0.99642
0.978424
0.980499
0.978512
0.996382
0.996019
0.992431
0.989486
0.989327
0.992875
0.992377
0.992388
0.992463
0.988773
0.989454
0.985968
0.989305
0.989437
0.992573
0.978512
0.980454
0.978424
0.983501
0.982914
0.983496
0.98058
0.97857
0.980746
0.980637
0.983441
0.982754
0.989343
0.989396
0.992739
0.985826
0.983443
0.983296
0.986048
0.989405
0.988654
0.986233
0.980485
0.983295
0.983424
0.986148
0.989488
0.985945
0.983418
0.983324
0.98631
0.988865
0.985928
0.985816
0.968778
0.9689
0.9689
0.969612
0.970325
0.970122
0.969612
0.970122
0.970324
0.969612
0.969612
0.969755
0.970122
0.970324
0.970324
0.969267
0.971557
0.972825
0.972618
0.971092
0.971445
0.971445
0.972566
0.971638
0.972566
0.968778
0.9689
0.9689
0.969612
0.970325
0.970122
0.969612
0.970122
0.970324
0.969612
0.969612
0.969755
0.970122
0.970324
0.970324
0.969267
0.971557
0.972825
0.972618
0.974626
0.974402
0.97451
0.976123
0.97609
0.975982
0.974114
0.974402
0.9745
0.971556
0.971556
0.97171
0.972618
0.972825
0.972825
0.974509
0.974402
0.974626
0.975982
0.97609
0.976123
0.974402
0.974508
0.974625
0.975981
0.976122
0.976088
0.974499
0.974499
0.974649
0.9761
0.976289
0.976288
0.974206
0.971092
0.971445
0.971445
0.971173
0.971638
0.971445
0.972566
0.972566
0.971638
0.974121
0.974497
0.971638
0.973867
0.972621
0.972801
0.972566
0.975859
0.974497
0.978431
0.978431
0.978575
0.980556
0.980731
0.980731
0.983357
0.983313
0.983503
0.985933
0.986062
0.986105
0.983312
0.983355
0.983505
0.985929
0.986104
0.986061
0.983359
0.983359
0.983499
0.986004
0.986169
0.98617
0.983146
0.989369
0.989283
0.989473
0.992465
0.992495
0.992551
0.996376
0.996204
0.99634
1
1
1
0.996334
0.996259
0.996372
1
1
1
0.996305
0.996192
0.996329
1
1
1
0.995846
0.989275
0.989367
0.989471
0.992436
0.992561
0.992473
0.996292
0.996303
0.996378
1
1
1
0.996219
0.996253
0.996349
1
1
1
0.996173
0.996362
1
0.996252
0.989298
0.989295
0.989436
0.992465
0.992635
0.992616
0.996239
0.996162
0.996306
1
1
1
0.996193
0.996191
0.996319
1
1
1
0.996216
0.996174
0.996355
1
1
1
0.99606
0.988935
0.989469
0.989277
0.996091
0.992419
0.992585
0.992544
0.989097
0.989301
0.989097
0.989445
0.989266
0.992429
0.989294
0.996326
0.989453
0.995955
0.992578
0.992634
0.992486
0.996205
1
1
0.995964
1
0.996251
0.989286
0.992378
0.9893
0.992736
0.977833
0.978385
0.978331
0.989151
0.985943
0.986027
0.989448
0.985961
0.977878
0.97853
0.978362
0.983127
0.980452
0.980627
0.983494
0.98058
0.978139
0.97851
0.978423
0.978189
0.97857
0.978362
0.978385
0.980378
0.983294
0.983321
0.982783
0.980861
0.98342
0.978424
0.980499
0.978512
0.989486
0.996019
0.992431
0.99642
0.989327
0.992874
0.978512
0.980454
0.978424
0.983502
0.978571
0.982915
0.980581
0.983496
0.980747
0.995807
0.992388
0.996356
0.988774
0.985968
0.989454
0.995766
0.992463
0.99631
0.989305
0.992573
0.989437
0.992527
0.980637
0.983441
0.982754
0.980485
0.983296
0.989396
0.992739
0.989489
0.983424
0.986148
0.985945
0.983418
0.983324
0.988865
0.98631
0.985929
0.989343
0.985816
0.996284
1
1
0.996209
1
1
0.996436
1
0.9689
0.970122
0.969612
0.970122
0.970324
0.969612
0.970122
0.970325
0.969267
0.972618
0.974402
0.976123
0.975982
0.974402
0.976123
0.975982
0.974114
0.976099
0.971556
0.972618
0.972825
0.974403
0.975982
0.976123
0.974499
0.9761
0.976289
0.974402
0.974625
0.974509
0.976123
0.975982
0.976089
0.974206
0.971557
0.972618
0.972825
0.974403
0.975982
0.976123
0.974402
0.974509
0.974625
0.975982
0.976123
0.976089
0.9745
0.976099
0.976289
0.974206
0.971092
0.971445
0.971445
0.974121
0.972566
0.972566
0.972621
0.971173
0.971638
0.971173
0.971638
0.971445
0.972566
0.974497
0.973867
0.972801
0.972566
0.974497
0.975859
0.975859
0.973867
0.975859
0.974497
0.972801
0.978431
0.980556
0.980731
0.983313
0.985933
0.986106
0.983359
0.986004
0.98617
0.983313
0.983504
0.983356
0.986105
0.98593
0.986062
0.983147
0.989283
0.992465
0.992551
0.996204
1
1
0.996192
1
1
0.996334
0.996372
0.996259
1
1
1
0.995846
0.989298
0.992469
0.992625
0.996162
1
1
0.996194
1
1
0.996193
0.996313
0.996214
1
1
1
0.996064
0.989278
0.989473
0.989368
0.99256
0.992439
0.992484
0.996293
0.996379
0.996303
1
1
1
0.996218
0.996339
0.996278
1
1
1
0.996251
0.99635
0.996349
1
1
1
0.996175
0.988935
0.989278
0.989469
0.996096
0.992584
0.992423
0.992563
0.989099
0.98945
0.989098
0.989297
0.989269
0.992487
0.989286
0.996205
0.989301
0.995964
0.992378
0.992737
0.992429
0.996327
1
1
0.995955
1
0.996251
0.992635
0.97843
0.980555
0.98073
0.983312
0.985933
0.986104
0.983311
0.983355
0.9835
0.98593
0.9861
0.986062
0.983355
0.986
0.986164
0.983144
0.989282
0.992465
0.992551
0.996204
1
1
0.996334
0.996259
0.996372
1
1
1
0.996192
1
1
0.995846
0.989276
0.989367
0.989469
0.992436
0.99256
0.992476
0.996292
0.996304
0.996378
1
1
1
0.996253
0.996317
0.996383
1
1
1
0.996218
0.996251
0.996359
1
1
1
0.996173
0.989291
0.992463
0.99261
0.996162
1
1
0.996194
0.996196
0.99633
1
1
1
0.996176
1
1
0.99606
0.988934
0.989468
0.989276
0.996093
0.992417
0.992585
0.992548
0.989095
0.989303
0.989093
0.989435
0.989263
0.992428
0.996326
0.995954
0.992633
0.992486
0.996205
1
1
0.995964
1
0.996251
0.989286
0.992378
0.9893
0.992736
0.982632
0.980379
0.980379
0.98333
0.98333
0.980297
0.977833
0.978331
0.978385
0.977833
0.978385
0.978331
0.978531
0.978362
0.978362
0.988865
0.98582
0.98582
0.989404
0.989404
0.985823
0.996224
0.992505
0.992507
0.992451
0.989152
0.986029
0.985943
0.989452
0.985965
0.989151
0.985943
0.986027
0.989442
0.985963
0.989289
0.977878
0.978363
0.97853
0.983128
0.980628
0.980453
0.983495
0.980581
0.978189
0.978571
0.97814
0.978424
0.978511
0.978362
0.977878
0.97853
0.978362
0.983127
0.980453
0.980627
0.983496
0.98058
0.97814
0.978511
0.978424
0.978188
0.97857
0.978362
0.98333
0.980297
0.980297
0.97833
0.978384
0.978384
0.978385
0.978385
0.977717
0.98344
0.982783
0.980497
0.980378
0.983295
0.983322
0.980862
0.98344
0.980497
0.980484
0.983419
0.983296
0.983422
0.983149
0.982783
0.983322
0.980378
0.980862
0.983324
0.985824
0.983443
0.980499
0.980534
0.983296
0.989454
0.992377
0.989327
0.996382
0.989486
0.996019
0.992431
0.99642
0.992875
0.980454
0.983501
0.982914
0.980746
0.995807
0.992388
0.996356
0.988773
0.995766
0.989305
0.992573
0.992527
0.980637
0.983441
0.982754
0.986233
0.988654
0.989343
0.992739
0.989396
0.992398
0.985826
0.986048
0.989405
0.983295
0.989488
0.986148
0.985945
0.983324
0.988865
0.98631
0.985928
0.985816
0.983324
0.985824
0.985821
0.989454
0.992377
0.992338
0.996383
1
0.996366
1
1
0.996019
0.996366
0.99642
1
1
0.99635
0.996284
1
1
0.995807
0.996284
0.996356
1
1
0.995766
0.996209
1
1
0.996436
0.992527
1
0.989452
0.98934
0.98934
0.992368
0.988654
0.996414
0.992398
0.992615
0.996359
0.989405
0.992367
1
0.996414
1
0.995828
0.996359
1
0.992615
0.983443
0.980499
0.980534
0.983296
0.989327
0.992432
0.989487
0.992875
0.992388
0.988774
0.989305
0.992573
0.980454
0.983502
0.982915
0.980747
0.980637
0.983441
0.982754
0.986233
0.989343
0.989396
0.992739
0.985826
0.986048
0.983296
0.986148
0.989489
0.985945
0.983325
0.986311
0.988865
0.985929
0.985817
0.968778
0.9689
0.9689
0.969612
0.970325
0.970122
0.969612
0.970122
0.970324
0.969612
0.969612
0.969755
0.970122
0.970324
0.970324
0.969267
0.971556
0.972825
0.972618
0.9745
0.976289
0.976099
0.974402
0.976123
0.975981
0.974626
0.974402
0.97451
0.976123
0.97609
0.975982
0.974114
0.971556
0.972618
0.972825
0.974402
0.975982
0.976123
0.974499
0.9761
0.976288
0.974402
0.974625
0.974509
0.976122
0.975982
0.976089
0.974206
0.971556
0.971556
0.97171
0.972618
0.972825
0.972825
0.974509
0.974403
0.974625
0.975982
0.97609
0.976123
0.974402
0.974509
0.974625
0.975982
0.976123
0.976089
0.974499
0.974499
0.974649
0.9761
0.976289
0.976289
0.974206
0.971092
0.971445
0.971445
0.974121
0.972566
0.972566
0.972621
0.971173
0.971638
0.971173
0.971638
0.971445
0.972566
0.971638
0.974497
0.971638
0.973867
0.972621
0.972801
0.972566
0.974497
0.975859
0.975859
0.973867
0.975859
0.974497
0.9728
0.97843
0.98073
0.980555
0.983352
0.986161
0.986
0.983312
0.986102
0.985932
0.983498
0.983312
0.983356
0.9861
0.986061
0.985932
0.983084
0.989289
0.992611
0.99246
0.996185
1
1
0.99617
1
1
0.996345
0.996172
0.9962
1
1
1
0.996017
0.989281
0.992572
0.992437
0.996175
1
1
0.996209
1
1
0.996414
0.996279
0.996244
1
1
1
0.995815
0.989468
0.989282
0.989366
0.99257
0.992477
0.992438
0.996373
0.996174
0.996248
1
1
1
0.996414
0.996244
0.99628
1
1
1
0.996407
0.996209
0.99631
1
1
1
0.995817
0.989049
0.989267
0.989265
0.995798
0.992481
0.992482
0.992365
0.988888
0.989295
0.988888
0.989295
0.989466
0.992579
0.989427
0.996193
0.989303
0.995901
0.992552
0.992449
0.992579
0.996192
1
1
0.995899
1
0.996364
0.992447
0.978431
0.980556
0.980731
0.983313
0.985933
0.986106
0.983359
0.986004
0.986169
0.983312
0.983504
0.983356
0.986104
0.98593
0.986061
0.983146
0.98928
0.992465
0.99255
0.996207
1
1
0.996194
1
1
0.996333
0.996371
0.996258
1
1
1
0.995843
0.989295
0.992467
0.992626
0.996164
1
1
0.996195
1
1
0.996192
0.996312
0.996214
1
1
1
0.996059
0.989277
0.989472
0.989368
0.99256
0.992439
0.992484
0.996292
0.996379
0.996303
1
1
1
0.996217
0.996339
0.996278
1
1
1
0.996251
0.99635
0.996349
1
1
1
0.996175
0.988934
0.989277
0.989468
0.996095
0.992583
0.992423
0.992562
0.989098
0.98945
0.989098
0.989296
0.989268
0.992486
0.989285
0.996205
0.989301
0.995964
0.992378
0.992737
0.992427
0.996326
1
1
0.995949
1
0.99625
0.992631
0.978431
0.978431
0.978575
0.980556
0.980731
0.98073
0.983356
0.983312
0.983502
0.985933
0.986061
0.986105
0.983312
0.983355
0.983501
0.98593
0.9861
0.986062
0.983358
0.983356
0.983498
0.986001
0.986167
0.986165
0.983145
0.989369
0.989283
0.989473
0.992465
0.992495
0.992551
0.996376
0.996204
0.99634
1
1
1
0.996334
0.996259
0.996372
1
1
1
0.996305
0.996192
0.996329
1
1
1
0.995846
0.989276
0.989367
0.989469
0.992436
0.99256
0.992476
0.996292
0.996304
0.996378
1
1
1
0.996253
0.996317
0.996383
1
1
1
0.996218
0.996251
0.996359
1
1
1
0.996173
0.989295
0.989293
0.989431
0.992465
0.99263
0.992615
0.996238
0.996162
0.996306
1
1
1
0.996195
0.996196
0.996331
1
1
1
0.996214
0.996179
0.996351
1
1
1
0.996061
0.988935
0.989469
0.989277
0.996093
0.992417
0.992586
0.992549
0.989096
0.989303
0.989095
0.989436
0.989264
0.992429
0.989294
0.996326
0.989452
0.995954
0.992578
0.992634
0.992486
0.996205
1
1
0.995964
1
0.996251
0.989286
0.992378
0.9893
0.992736
0.978113
0.978362
0.978362
0.982632
0.980379
0.980379
0.98333
0.98333
0.980297
0.977833
0.97833
0.978385
0.977833
0.978385
0.978331
0.978531
0.988865
0.98582
0.98582
0.989404
0.989404
0.985823
0.996224
0.992504
0.992507
0.99245
0.989152
0.986029
0.985943
0.989452
0.985965
0.989151
0.985943
0.986027
0.989442
0.985963
0.989289
0.977877
0.978362
0.97853
0.983127
0.980627
0.980453
0.983495
0.98058
0.978189
0.978571
0.97814
0.978424
0.978511
0.978362
0.977878
0.97853
0.978362
0.983127
0.980453
0.980627
0.983496
0.98058
0.97814
0.978511
0.978424
0.978189
0.978571
0.978362
0.98333
0.980297
0.980297
0.978329
0.978384
0.978384
0.978384
0.978385
0.977717
0.98344
0.982783
0.980497
0.980378
0.983295
0.983322
0.980862
0.98344
0.980496
0.980484
0.983419
0.983295
0.983422
0.983149
0.982783
0.983322
0.980378
0.980862
0.980627
0.978571
0.983324
0.985824
0.983443
0.978424
0.980499
0.978512
0.982861
0.98058
0.983296
0.98603
0.983498
0.980534
0.989454
0.992377
0.989327
0.996382
0.989486
0.996019
0.992431
0.99642
0.992875
0.978512
0.980454
0.978424
0.983502
0.978571
0.982914
0.980581
0.983496
0.980747
0.988758
0.985964
0.989305
0.992527
0.989437
0.995807
0.992388
0.996356
0.988774
0.985968
0.989454
0.995766
0.992463
0.992573
0.980637
0.983441
0.982754
0.986233
0.988654
0.989343
0.992739
0.989396
0.992398
0.986048
0.989405
0.985826
0.980485
0.983296
0.983419
0.989488
0.983424
0.986148
0.985945
0.983324
0.988865
0.98631
0.985929
0.985816
0.980627
0.983324
0.985824
0.985821
0.98593
0.982861
0.98593
0.986029
0.983505
0.989454
0.992377
0.992338
0.996383
1
0.996366
1
1
0.996019
0.996366
0.99642
1
1
0.99635
0.992378
0.996284
1
1
1
0.995727
1
1
0.996436
0.988758
0.992377
0.992527
0.995807
0.996284
0.996355
1
1
0.995726
1
1
0.995762
1
0.996435
0.989451
0.98934
0.98934
0.996484
0.992433
0.992433
0.989475
0.989475
0.988687
0.992367
0.988653
0.996359
0.989405
0.996414
0.992398
0.992615
0.992367
0.996359
1
1
0.996414
1
0.995828
0.992615
0.983442
0.983295
0.980498
0.980533
0.989327
0.992431
0.989487
0.992875
0.989304
0.992387
0.988773
0.99257
0.980454
0.983502
0.982914
0.980747
0.980636
0.983441
0.982753
0.986232
0.986047
0.989343
0.989395
0.992739
0.985825
0.983295
0.986147
0.989488
0.985945
0.983324
0.98631
0.988865
0.985928
0.985816
0.9689
0.970122
0.969612
0.970122
0.970324
0.969612
0.970122
0.970324
0.969267
0.972618
0.976099
0.974402
0.976123
0.975982
0.974402
0.976123
0.975981
0.974114
0.971556
0.972618
0.972825
0.974403
0.975982
0.976123
0.974499
0.9761
0.976288
0.974402
0.974625
0.974509
0.976122
0.975982
0.976089
0.974206
0.971092
0.971445
0.971445
0.974121
0.972566
0.972566
0.974509
0.972621
0.971173
0.971638
0.971173
0.971638
0.971556
0.971445
0.972566
0.974497
0.975982
0.974402
0.972618
0.973867
0.974402
0.975982
0.9728
0.972566
0.974497
0.975859
0.975859
0.973867
0.975859
0.974497
0.972801
0.980555
0.986
0.983312
0.9861
0.985932
0.983312
0.986102
0.985932
0.983084
0.99246
1
0.996172
1
1
0.99617
1
1
0.996017
0.989282
0.99257
0.992438
0.996174
1
1
0.996209
1
1
0.996414
0.99628
0.996244
1
1
1
0.995817
0.989281
0.992572
0.992437
0.996175
1
1
0.996414
0.996244
0.996279
1
1
1
0.996209
1
1
0.995815
0.989049
0.989265
0.989267
0.995798
0.992482
0.992481
0.992365
0.988888
0.989295
0.988888
0.989295
0.989466
0.992579
0.996192
0.995899
0.992447
0.992579
0.996193
1
1
0.995901
1
0.996364
0.992449
0.978431
0.980556
0.980731
0.983313
0.985933
0.986105
0.983358
0.986002
0.986168
0.983312
0.983503
0.983355
0.986104
0.98593
0.986061
0.983146
0.989283
0.992465
0.992551
0.996204
1
1
0.996192
1
1
0.996334
0.996372
0.996259
1
1
1
0.995846
0.989294
0.992468
0.992622
0.996162
1
1
0.996192
1
1
0.996192
0.996312
0.996214
1
1
1
0.996063
0.989278
0.989472
0.989368
0.99256
0.992439
0.992484
0.996292
0.996379
0.996303
1
1
1
0.996218
0.996339
0.996278
1
1
1
0.996251
0.99635
0.996349
1
1
1
0.996175
0.988935
0.989278
0.989469
0.996096
0.992584
0.992423
0.992562
0.989097
0.989449
0.989098
0.989296
0.989268
0.992486
0.989286
0.996205
0.989301
0.995964
0.992378
0.992737
0.992429
0.996327
1
1
0.995955
1
0.996251
0.992634
0.996253
0.996317
0.996383
1
1
1
0.978113
0.978362
0.978362
0.982632
0.980379
0.980379
0.98333
0.98333
0.980297
0.977833
0.978331
0.978385
0.977833
0.978385
0.97833
0.978531
0.988865
0.98582
0.985819
0.989404
0.989404
0.985823
0.996224
0.992504
0.992507
0.99245
0.989152
0.986029
0.985943
0.989452
0.985965
0.989289
0.985943
0.989442
0.989151
0.977878
0.978362
0.97853
0.983127
0.980627
0.980453
0.983495
0.98058
0.978189
0.97857
0.97814
0.978424
0.978511
0.978362
0.98333
0.980297
0.980296
0.978329
0.978384
0.978384
0.978385
0.978384
0.977717
0.98344
0.982783
0.98344
0.983295
0.983422
0.983149
0.980496
0.982783
0.983322
0.980378
0.980862
0.980627
0.983324
0.985824
0.983442
0.980498
0.982861
0.983295
0.986029
0.980533
0.989454
0.992377
0.989327
0.996382
0.992875
0.996019
0.988758
0.989304
0.992527
0.995762
0.996207
1
0.99257
0.996355
0.986232
0.988653
0.986047
0.989405
0.983441
0.985825
0.982753
0.989395
0.989343
0.992398
0.985945
0.985816
0.980627
0.983324
0.985824
0.985821
0.98593
0.982861
0.98593
0.98603
0.983505
0.989454
0.992377
0.992338
0.996383
1
0.99642
0.996366
1
1
1
0.996019
0.996366
0.99642
1
1
0.99635
0.992377
0.995807
0.996284
1
1
1
1
0.995726
1
1
0.996435
0.988758
0.992378
0.992527
0.995807
0.996284
0.996356
1
1
0.995727
1
1
0.995766
1
0.996436
0.989451
0.98934
0.98934
0.996484
0.992433
0.992433
0.989475
0.989475
0.988687
0.992367
0.988654
0.996359
0.989405
0.996414
0.992398
0.992615
0.992367
0.996359
1
1
0.996414
1
0.995828
0.992615
0.983443
0.983296
0.980499
0.980534
0.989327
0.992431
0.989487
0.992875
0.989305
0.992388
0.988774
0.992573
0.980454
0.983502
0.982915
0.980747
0.980637
0.983441
0.982754
0.986233
0.986048
0.989343
0.989396
0.992739
0.985826
0.983296
0.986148
0.989489
0.985945
0.983324
0.98631
0.988865
0.985929
0.985816
0.9689
0.969612
0.970324
0.970122
0.970122
0.969612
0.970122
0.970324
0.969266
0.971556
0.972825
0.972618
0.974499
0.976289
0.976099
0.974402
0.976122
0.975981
0.974114
0.974402
0.976122
0.974625
0.972618
0.974402
0.975981
0.976122
0.976099
0.974402
0.976122
0.975981
0.974206
0.971092
0.971445
0.971445
0.971172
0.971445
0.972566
0.972566
0.971638
0.972566
0.973867
0.975859
0.974496
0.974496
0.974121
0.9728
0.978431
0.98073
0.980555
0.983356
0.986165
0.986002
0.983313
0.986103
0.985932
0.983501
0.983313
0.983355
0.986103
0.986062
0.985932
0.983085
0.989292
0.992614
0.992461
0.99618
1
1
0.99617
1
1
0.99633
0.99617
0.996196
1
1
1
0.996016
0.989281
0.992572
0.992437
0.996175
1
1
0.996209
1
1
0.996414
0.996279
0.996244
1
1
1
0.995815
0.996359
0.996175
0.996251
1
1
1
0.996414
0.996244
0.996279
1
1
1
0.995815
1
0.992572
0.989051
0.989268
0.989268
0.995798
0.992481
0.992481
0.992364
0.988889
0.989295
0.988888
0.989295
0.989281
0.989466
0.992579
0.989435
0.996192
0.989303
0.989469
0.995899
0.992548
0.992448
0.992579
0.996192
1
1
0.995899
1
0.996364
0.992448
0.980556
0.983312
0.985932
0.986105
0.986004
0.983312
0.986103
0.985929
0.983146
0.98928
0.992465
0.99255
0.996207
1
1
0.996194
1
1
0.996333
0.996371
0.996258
1
1
1
0.995843
0.992463
0.996163
1
1
1
0.996192
1
1
0.996056
0.989275
0.992561
0.992436
0.996292
0.996377
0.996302
1
1
1
0.996218
1
1
0.996173
1
0.996252
0.988934
0.989276
0.989468
0.996091
0.992584
0.992418
0.989096
0.989096
0.989265
0.992485
0.989285
0.996204
0.9893
0.995964
0.992378
0.992736
0.992427
0.996325
1
1
0.995949
1
0.996249
0.99263
0.978113
0.978362
0.978362
0.982632
0.980378
0.980378
0.98333
0.98333
0.980297
0.977832
0.97833
0.978385
0.97853
0.978385
0.977832
0.988864
0.985819
0.985819
0.989403
0.989403
0.985822
0.989151
0.986027
0.985943
0.989287
0.985943
0.992505
0.977877
0.978362
0.978529
0.983126
0.980627
0.980452
0.978189
0.978139
0.978362
0.983329
0.980296
0.980296
0.978384
0.977716
0.978384
0.983439
0.982782
0.983439
0.983294
0.983148
0.980496
0.982782
0.983321
0.980377
0.980861
0.980627
0.978571
0.983324
0.985823
0.983442
0.982861
0.98058
0.983295
0.986029
0.983496
0.980533
0.978424
0.980498
0.989454
0.992377
0.989326
0.986232
0.988653
0.980627
0.983324
0.985823
0.985821
0.98593
0.982861
0.98593
0.986029
0.983506
0.989454
0.992377
0.992338
0.996019
0.996366
0.996419
1
1
0.99635
0.996366
0.996382
0.995726
1
1
0.988758
0.992377
0.992527
0.995807
0.996284
0.996355
1
1
0.995726
1
1
0.995762
1
0.996435
0.989451
0.98934
0.98934
0.996484
0.992433
0.992433
0.989475
0.989475
0.988687
0.992367
0.988653
0.996359
0.989405
0.996414
0.992397
0.992615
0.992367
0.996359
1
1
0.995828
1
0.996414
0.992615
0.983442
0.983295
0.980498
0.980533
0.989326
0.992431
0.989486
0.992874
0.989304
0.992387
0.988772
0.99257
0.980453
0.983501
0.982914
0.980747
0.980636
0.98344
0.982753
0.986232
0.986047
0.989342
0.989395
0.992738
0.985825
0.983294
0.986146
0.989487
0.985945
0.983323
0.98631
0.988864
0.985928
0.985816
0.970122
0.970122
0.970122
0.969266
0.972618
0.974402
0.975982
0.976122
0.976099
0.974206
0.976122
0.974402
0.971092
0.971445
0.971445
0.971172
0.971445
0.972566
0.972566
0.973867
0.9728
0.974497
0.996209
1
1
0.980555
0.983312
0.985932
0.986104
0.986001
0.983311
0.9861
0.98593
0.983145
0.98928
0.992465
0.99255
0.996207
1
1
0.996194
1
1
0.995843
0.996371
1
0.996333
0.992462
0.996164
1
1
1
0.996194
1
1
0.996056
0.996218
1
1
0.988934
0.989275
0.989468
0.996092
0.992584
0.992417
0.989094
0.989095
0.989263
0.992485
0.989285
0.996205
0.992736
0.995964
0.992427
0.996325
1
0.995949
1
0.996249
1
0.99263
0.977877
0.978362
0.97853
0.983127
0.980627
0.980453
0.978188
0.978362
0.97814
0.995762
1
0.988772
0.99257
0.980453
0.983501
0.982913
0.980746
0.986146
