FiniteElementSpace
FiniteElementCollection: H1_3D_P1
VDim: 3
Ordering: 1

0 0 0
-0.003125 0 0.021875
-0.0125 0 0.075
-0.028125 0 0.140625
-0.05 0 0.2
-0.078125 0 0.234375
-0.1125 0 0.225
-0.153125 0 0.153125
-0.2 0 0
0 0 0
-0.003125 0 0.021875
-0.0125 0 0.075
-0.028125 0 0.140625
-0.05 0 0.2
-0.078125 0 0.234375
-0.1125 0 0.225
-0.153125 0 0.153125
-0.2 0 0
0 0 0
-0.003125 0 0.021875
-0.0125 0 0.075
-0.028125 0 0.140625
-0.05 0 0.2
-0.078125 0 0.234375
-0.1125 0 0.225
-0.153125 0 0.153125
-0.2 0 0
0 0 0
-0.003125 0 0.021875
-0.0125 0 0.075
-0.028125 0 0.140625
-0.05 0 0.2
-0.078125 0 0.234375
-0.1125 0 0.225
-0.153125 0 0.153125
-0.2 0 0
-0.00078125 0 0.00585938
-0.003125 0 0.021875
-0.00078125 0 0.00585938
0 0 0
-0.00078125 0 0.00585938
-0.003125 0 0.021875
-0.00078125 0 0.00585938
0 0 0
0 0 0
-0.003125 0 0.021875
-0.003125 0 0.021875
0 0 0
-0.00703125 0 0.0457031
-0.0125 0 0.075
-0.00703125 0 0.0457031
-0.00703125 0 0.0457031
-0.0125 0 0.075
-0.00703125 0 0.0457031
-0.0125 0 0.075
-0.0125 0 0.075
-0.0195312 0 0.107422
-0.028125 0 0.140625
-0.0195312 0 0.107422
-0.0195312 0 0.107422
-0.028125 0 0.140625
-0.0195312 0 0.107422
-0.028125 0 0.140625
-0.028125 0 0.140625
-0.0382813 0 0.172266
-0.05 0 0.2
-0.0382813 0 0.172266
-0.0382813 0 0.172266
-0.05 0 0.2
-0.0382813 0 0.172266
-0.05 0 0.2
-0.05 0 0.2
-0.0632812 0 0.221484
-0.078125 0 0.234375
-0.0632812 0 0.221484
-0.0632812 0 0.221484
-0.078125 0 0.234375
-0.0632812 0 0.221484
-0.078125 0 0.234375
-0.078125 0 0.234375
-0.0945313 0 0.236328
-0.1125 0 0.225
-0.0945313 0 0.236328
-0.0945313 0 0.236328
-0.1125 0 0.225
-0.0945313 0 0.236328
-0.1125 0 0.225
-0.1125 0 0.225
-0.132031 0 0.198047
-0.153125 0 0.153125
-0.132031 0 0.198047
-0.132031 0 0.198047
-0.153125 0 0.153125
-0.132031 0 0.198047
-0.153125 0 0.153125
-0.153125 0 0.153125
-0.175781 0 0.0878906
-0.2 0 0
-0.175781 0 0.0878906
-0.175781 0 0.0878906
-0.2 0 0
-0.175781 0 0.0878906
-0.2 0 0
-0.2 0 0
-0.00078125 0 0.00585938
-0.00078125 0 0.00585938
-0.003125 0 0.021875
-0.00078125 0 0.00585938
0 0 0
-0.00078125 0 0.00585938
-0.00703125 0 0.0457031
-0.00703125 0 0.0457031
-0.0125 0 0.075
-0.00703125 0 0.0457031
-0.00703125 0 0.0457031
-0.0195312 0 0.107422
-0.0195312 0 0.107422
-0.028125 0 0.140625
-0.0195312 0 0.107422
-0.0195312 0 0.107422
-0.0382813 0 0.172266
-0.0382813 0 0.172266
-0.05 0 0.2
-0.0382813 0 0.172266
-0.0382813 0 0.172266
-0.0632812 0 0.221484
-0.0632812 0 0.221484
-0.078125 0 0.234375
-0.0632812 0 0.221484
-0.0632812 0 0.221484
-0.0945313 0 0.236328
-0.0945313 0 0.236328
-0.1125 0 0.225
-0.0945313 0 0.236328
-0.0945313 0 0.236328
-0.132031 0 0.198047
-0.132031 0 0.198047
-0.153125 0 0.153125
-0.132031 0 0.198047
-0.132031 0 0.198047
-0.175781 0 0.0878906
-0.175781 0 0.0878906
-0.2 0 0
-0.175781 0 0.0878906
-0.175781 0 0.0878906
-0.00078125 0 0.00585938
-0.00703125 0 0.0457031
-0.0195312 0 0.107422
-0.0382813 0 0.172266
-0.0632812 0 0.221484
-0.0945313 0 0.236328
-0.132031 0 0.198047
-0.175781 0 0.0878906
